{
  "param_names": [
    "mass_1",
    "mass_2",
    "luminosity_distance",
    "ra",
    "dec",
    "theta_jn",
    "psi",
    "phase",
    "geocent_time",
    "a1",
    "a2"
  ],
  "trigger_gps": 1185389807.3,
  "truth": null,
  "summary": {
    "n_samples": 3000,
    "trigger_gps": 1185389807.3,
    "parameters": [
      {
        "param": "mass_1",
        "median": 82.28473663330078,
        "mean": 79.97980734380086,
        "map": 2.3870997428894043,
        "std": 14.842908933187479,
        "ci50%": [
          73.39720344543457,
          90.18638229370117
        ],
        "ci68%": [
          67.92905212402343,
          93.00139068603515
        ],
        "ci90%": [
          56.95298557281493,
          97.19357376098631
        ],
        "ci95%": [
          47.61656408309937,
          98.94640674591065
        ]
      },
      {
        "param": "mass_2",
        "median": 48.04021072387695,
        "mean": 47.05525975529353,
        "map": 1.8418874740600586,
        "std": 19.293325669598506,
        "ci50%": [
          32.85807418823242,
          61.826931953430176
        ],
        "ci68%": [
          26.035758514404293,
          67.58091857910156
        ],
        "ci90%": [
          15.159941148757934,
          76.41998138427734
        ],
        "ci95%": [
          10.07905764579774,
          79.99179248809816
        ]
      },
      {
        "param": "luminosity_distance",
        "median": 1629.6336669921875,
        "mean": 1576.8765892829895,
        "map": 206.92689514160156,
        "std": 381.0077692392676,
        "ci50%": [
          1356.6461791992188,
          1877.1824951171875
        ],
        "ci68%": [
          1193.3643554687499,
          1959.8673779296876
        ],
        "ci90%": [
          917.0081451416014,
          2068.5348266601563
        ],
        "ci95%": [
          744.3074462890627,
          2110.9568054199217
        ]
      },
      {
        "param": "ra",
        "median": 3.576177716255188,
        "mean": 3.4282535965801846,
        "map": 3.520078182220459,
        "std": 1.8314963264079493,
        "ci50%": [
          1.9356027245521545,
          5.081563949584961
        ],
        "ci68%": [
          1.1370888996124267,
          5.529609756469727
        ],
        "ci90%": [
          0.39046506732702246,
          6.0837599515914915
        ],
        "ci95%": [
          0.18864598833024507,
          6.165667295455933
        ]
      },
      {
        "param": "dec",
        "median": -0.044606804847717285,
        "mean": 0.029442626118659974,
        "map": -0.659264862537384,
        "std": 0.6603629343724151,
        "ci50%": [
          -0.4223683774471283,
          0.5070627927780151
        ],
        "ci68%": [
          -0.5874107384681703,
          0.7397565317153935
        ],
        "ci90%": [
          -1.0809444427490233,
          1.2306693792343135
        ],
        "ci95%": [
          -1.2098949342966079,
          1.3469410121440888
        ]
      },
      {
        "param": "theta_jn",
        "median": 1.5420047640800476,
        "mean": 1.557828196619647,
        "map": 1.8297761678695679,
        "std": 0.41600199717961933,
        "ci50%": [
          1.2802324891090393,
          1.8200773894786835
        ],
        "ci68%": [
          1.1839155721664427,
          1.9620026350021362
        ],
        "ci90%": [
          0.9530836343765259,
          2.2465741634368896
        ],
        "ci95%": [
          0.7479822173714639,
          2.3909900546073923
        ]
      },
      {
        "param": "psi",
        "median": 1.7234763503074646,
        "mean": 1.6732921393442277,
        "map": 3.012561321258545,
        "std": 0.8088418654168932,
        "ci50%": [
          1.0431347489356995,
          2.3595932126045227
        ],
        "ci68%": [
          0.7049206328392029,
          2.563459558486939
        ],
        "ci90%": [
          0.27687141001224513,
          2.919208419322967
        ],
        "ci95%": [
          0.15986824706196798,
          2.9965417921543125
        ]
      },
      {
        "param": "phase",
        "median": 3.604021906852722,
        "mean": 3.3349869346194123,
        "map": 3.9767849445343018,
        "std": 1.8156313833517652,
        "ci50%": [
          1.8788829743862152,
          4.878240346908569
        ],
        "ci68%": [
          1.128900752067566,
          5.416872730255127
        ],
        "ci90%": [
          0.18098993375897404,
          5.904198026657104
        ],
        "ci95%": [
          0.0738817410543561,
          6.148145294189454
        ]
      },
      {
        "param": "geocent_time",
        "median": 0.019403457641601562,
        "mean": 0.015452715218067169,
        "map": 0.011670827865600586,
        "std": 0.16357421267647695,
        "ci50%": [
          0.007977217435836792,
          0.030979245901107788
        ],
        "ci68%": [
          0.0023014450073242172,
          0.037890372276306164
        ],
        "ci90%": [
          -0.012070155143737804,
          0.0616928458213806
        ],
        "ci95%": [
          -0.029518303275108324,
          0.08996167480945588
        ]
      },
      {
        "param": "a1",
        "median": 0.2586478292942047,
        "mean": 0.31211066065231957,
        "map": 0.030899912118911743,
        "std": 0.2684372628007672,
        "ci50%": [
          0.06851187348365784,
          0.49237828701734543
        ],
        "ci68%": [
          0.05000582695007324,
          0.6267699122428896
        ],
        "ci90%": [
          0.011192721128463744,
          0.8330443322658538
        ],
        "ci95%": [
          0.006077291816473015,
          0.9021344542503359
        ]
      },
      {
        "param": "a2",
        "median": 0.3005029857158661,
        "mean": 0.37259477492173515,
        "map": 0.0020613670349121094,
        "std": 0.28633795306040977,
        "ci50%": [
          0.11737162619829178,
          0.6079306751489639
        ],
        "ci68%": [
          0.05394037365913391,
          0.7228679728507996
        ],
        "ci90%": [
          0.02193761020898818,
          0.8866810739040373
        ],
        "ci95%": [
          0.007849603891372684,
          0.95375135242939
        ]
      }
    ],
    "diagnostics": {
      "runtime": {
        "preprocess_s": 0.039,
        "gwosc_fetch_s": 39.75,
        "encode_s": 0.004,
        "sampling_s": 1.248,
        "total_s": 41.043
      },
      "memory": {
        "rss_mb": 4347.3,
        "mps_allocated_mb": 85.7
      },
      "n_effective": 3000,
      "boundary_railing_frac": 0.0357,
      "log_prob": {
        "median": -16.46935272216797,
        "max": -7.197330474853516
      },
      "ood_flags": [],
      "context_ood": {
        "mahalanobis": 17.06,
        "percentile_vs_validation": 98.7
      },
      "verdict": {
        "confidence": "HIGH",
        "reasons": []
      },
      "refinement": {
        "refine": true,
        "refine_global": false,
        "untrusted_params": [
          "mass_1",
          "mass_2"
        ],
        "strong_indicators": [],
        "moderate_indicators": [
          "chirp-mass posterior wide (83% of median)"
        ],
        "indicators": {
          "confidence": "HIGH",
          "ood_percentile": 98.7,
          "bias_region": {
            "q_in_attractor": true,
            "cell": {
              "mc": 45,
              "q": 0.7,
              "theta_jn": 1.57
            },
            "m1_bias": 1.28,
            "dl_bias": 1.55,
            "severe_mass_bias": false
          },
          "mc_width_frac": 0.833,
          "railing_frac": 0.0357
        },
        "recommendation": "posterior usable EXCEPT ['mass_1', 'mass_2']: reported mass ratio sits in the measured prior-reversion attractor band \u2014 refine with the sampler if masses matter"
      }
    }
  },
  "covariance": [
    [
      220.38540740136347,
      61.879915561247095,
      1732.0766624052774,
      0.303285562789118,
      0.09828536826504124,
      -0.030293232494176026,
      -0.467200495664207,
      -1.112663332310695,
      0.4546796274923595,
      0.033570963424146893,
      1.1872998352145203
    ],
    [
      61.879915561247095,
      372.3565342379348,
      2768.986256884008,
      0.07475131051102278,
      -1.022875098776235,
      0.2699939828134137,
      -0.29403806647759473,
      1.6003609104284917,
      0.39526569550977647,
      2.5469468838947646,
      0.0183081772588497
    ],
    [
      1732.0766624052774,
      2768.986256884008,
      145215.32532912612,
      44.892301069630015,
      -10.006628076481073,
      4.146002336287734,
      -8.110860434140948,
      40.79682154699961,
      10.840029952364084,
      12.498898920064956,
      3.706135536226865
    ],
    [
      0.303285562789118,
      0.07475131051102278,
      44.892301069630015,
      3.3554972927433973,
      -0.0859166626456191,
      -0.030731888281300742,
      -0.17173322677041078,
      0.057904829306466746,
      0.0025670734719324584,
      -0.0036758556694968018,
      0.06160151926488081
    ],
    [
      0.09828536826504124,
      -1.022875098776235,
      -10.006628076481073,
      -0.0859166626456191,
      0.4362246132973791,
      0.008193386467828332,
      -0.0034189553796635246,
      -0.06584057547896115,
      0.0012947898382935459,
      -0.005686103142799121,
      0.018282458389451486
    ],
    [
      -0.030293232494176026,
      0.2699939828134137,
      4.146002336287734,
      -0.030731888281300742,
      0.008193386467828332,
      0.17311536677969228,
      0.009563719223765716,
      -0.04961554826775124,
      -0.00036758494040225423,
      0.00010436566002050851,
      -0.00026679484740576594
    ],
    [
      -0.467200495664207,
      -0.29403806647759473,
      -8.110860434140948,
      -0.17173322677041078,
      -0.0034189553796635246,
      0.009563719223765716,
      0.6544433110214197,
      -0.043597797992126305,
      -0.0011691376775629478,
      0.002077937401986443,
      -0.02981398044839128
    ],
    [
      -1.112663332310695,
      1.6003609104284917,
      40.79682154699961,
      0.057904829306466746,
      -0.06584057547896115,
      -0.04961554826775124,
      -0.043597797992126305,
      3.297616525720415,
      -0.003494874322784008,
      -0.003985934146560203,
      -0.009311714742630196
    ],
    [
      0.4546796274923595,
      0.39526569550977647,
      10.840029952364084,
      0.0025670734719324584,
      0.0012947898382935459,
      -0.00036758494040225423,
      -0.0011691376775629478,
      -0.003494874322784008,
      0.026765444867685242,
      0.0015915973691192447,
      0.0007617007462161776
    ],
    [
      0.033570963424146893,
      2.5469468838947646,
      12.498898920064956,
      -0.0036758556694968018,
      -0.005686103142799121,
      0.00010436566002050851,
      0.002077937401986443,
      -0.003985934146560203,
      0.0015915973691192447,
      0.0720825915904982,
      -0.012138422777981205
    ],
    [
      1.1872998352145203,
      0.0183081772588497,
      3.706135536226865,
      0.06160151926488081,
      0.018282458389451486,
      -0.00026679484740576594,
      -0.02981398044839128,
      -0.009311714742630196,
      0.0007617007462161776,
      -0.012138422777981205,
      0.08201676228358656
    ]
  ],
  "correlation": [
    [
      1.0,
      0.21601246126651222,
      0.30617481683567926,
      0.011152747593497332,
      0.010024030253164548,
      -0.00490440572244684,
      -0.038902352154051634,
      -0.04127359357795923,
      0.1872090524203413,
      0.0084228136301669,
      0.27926575250484503
    ],
    [
      0.21601246126651225,
      1.0,
      0.3765607796476081,
      0.0021147589657327555,
      -0.0802579445949212,
      0.0336284449903699,
      -0.0188359726849378,
      0.045670773793273126,
      0.12520521013861327,
      0.49161508662394576,
      0.0033129456288295035
    ],
    [
      0.3061748168356793,
      0.37656077964760815,
      1.0,
      0.06431128605357489,
      -0.039758175745265995,
      0.026149025362799738,
      -0.0263102324917395,
      0.058954916325554246,
      0.17387495197915573,
      0.12216599417354317,
      0.03395969344529173
    ],
    [
      0.011152747593497332,
      0.002114758965732755,
      0.06431128605357489,
      0.9999999999999999,
      -0.0710139825951797,
      -0.04032208578522822,
      -0.1158883733955485,
      0.017407494391042496,
      0.008565892489742972,
      -0.007474201605029883,
      0.11742529674146109
    ],
    [
      0.010024030253164548,
      -0.0802579445949212,
      -0.039758175745265995,
      -0.0710139825951797,
      1.0,
      0.02981539360289058,
      -0.006398855944667493,
      -0.05489571671423464,
      0.011982762898914288,
      -0.03206597531395783,
      0.09665586237468238
    ],
    [
      -0.00490440572244684,
      0.0336284449903699,
      0.026149025362799738,
      -0.04032208578522822,
      0.02981539360289058,
      1.0,
      0.028413385958756594,
      -0.06566741328500776,
      -0.005400110755801691,
      0.0009342747629232034,
      -0.002239021775077912
    ],
    [
      -0.038902352154051634,
      -0.0188359726849378,
      -0.0263102324917395,
      -0.11588837339554851,
      -0.006398855944667492,
      0.028413385958756598,
      1.0,
      -0.02967757852250003,
      -0.008833695134792307,
      0.009567120574861495,
      -0.12868639513399263
    ],
    [
      -0.04127359357795924,
      0.045670773793273126,
      0.05895491632555424,
      0.017407494391042493,
      -0.05489571671423464,
      -0.06566741328500776,
      -0.02967757852250003,
      1.0,
      -0.011763708502572495,
      -0.008175509877399904,
      -0.01790516293138347
    ],
    [
      0.18720905242034128,
      0.12520521013861327,
      0.17387495197915573,
      0.008565892489742972,
      0.011982762898914288,
      -0.005400110755801691,
      -0.008833695134792307,
      -0.011763708502572495,
      1.0,
      0.036235210055839136,
      0.016257203328997813
    ],
    [
      0.0084228136301669,
      0.4916150866239457,
      0.12216599417354315,
      -0.007474201605029883,
      -0.03206597531395783,
      0.0009342747629232033,
      0.009567120574861495,
      -0.008175509877399904,
      0.036235210055839136,
      1.0,
      -0.15786859834899616
    ],
    [
      0.2792657525048451,
      0.0033129456288295035,
      0.03395969344529173,
      0.1174252967414611,
      0.09665586237468238,
      -0.0022390217750779123,
      -0.12868639513399263,
      -0.01790516293138347,
      0.016257203328997813,
      -0.15786859834899616,
      1.0
    ]
  ],
  "diagnostics": {
    "runtime": {
      "preprocess_s": 0.039,
      "gwosc_fetch_s": 39.75,
      "encode_s": 0.004,
      "sampling_s": 1.248,
      "total_s": 41.043
    },
    "memory": {
      "rss_mb": 4347.3,
      "mps_allocated_mb": 85.7
    },
    "n_effective": 3000,
    "boundary_railing_frac": 0.0357,
    "log_prob": {
      "median": -16.46935272216797,
      "max": -7.197330474853516
    },
    "ood_flags": [],
    "context_ood": {
      "mahalanobis": 17.06,
      "percentile_vs_validation": 98.7
    },
    "verdict": {
      "confidence": "HIGH",
      "reasons": []
    },
    "refinement": {
      "refine": true,
      "refine_global": false,
      "untrusted_params": [
        "mass_1",
        "mass_2"
      ],
      "strong_indicators": [],
      "moderate_indicators": [
        "chirp-mass posterior wide (83% of median)"
      ],
      "indicators": {
        "confidence": "HIGH",
        "ood_percentile": 98.7,
        "bias_region": {
          "q_in_attractor": true,
          "cell": {
            "mc": 45,
            "q": 0.7,
            "theta_jn": 1.57
          },
          "m1_bias": 1.28,
          "dl_bias": 1.55,
          "severe_mass_bias": false
        },
        "mc_width_frac": 0.833,
        "railing_frac": 0.0357
      },
      "recommendation": "posterior usable EXCEPT ['mass_1', 'mass_2']: reported mass ratio sits in the measured prior-reversion attractor band \u2014 refine with the sampler if masses matter"
    }
  },
  "config": {
    "model_path": "model/lean_npe_v4/best_model.pth",
    "model_epoch": 2,
    "model_val_nll": -0.5246524548158049,
    "premerger": false,
    "device": "mps",
    "num_samples": 3000,
    "rank": 0,
    "seed": 0,
    "event": "GW170729",
    "event_type": "BBH",
    "source": "real",
    "detectors_present": [
      "H1",
      "L1",
      "V1"
    ]
  },
  "reproducibility": {
    "git_commit": "ece3a0f52ab84627ddf97e05fe430a015d6b5523",
    "model_path": "model/lean_npe_v4/best_model.pth",
    "model_epoch": 2,
    "model_val_nll": -0.5246524548158049,
    "premerger": false
  },
  "preprocessing": {
    "source": "real",
    "detectors_present": [
      "H1",
      "L1",
      "V1"
    ],
    "warnings": [],
    "quality": {
      "H1": {
        "finite": true,
        "std": 0.8325052261352539,
        "max_abs": 3.5362794399261475,
        "excess_kurtosis": -0.0862574577331543,
        "repeated_frac": 0.0,
        "whitening_norm": 55.20578069909997
      },
      "L1": {
        "finite": true,
        "std": 1.0004900693893433,
        "max_abs": 3.766390800476074,
        "excess_kurtosis": -0.02658224105834961,
        "repeated_frac": 0.0,
        "whitening_norm": 45.82605603526463
      },
      "V1": {
        "finite": true,
        "std": 1.0305571556091309,
        "max_abs": 4.923017501831055,
        "excess_kurtosis": 0.22036957740783691,
        "repeated_frac": 0.0,
        "whitening_norm": 46.84303252466765
      }
    },
    "timings": {
      "preprocess_s": 0.039,
      "gwosc_fetch_s": 39.75
    }
  }
}