{
  "param_names": [
    "mass_1",
    "mass_2",
    "luminosity_distance",
    "ra",
    "dec",
    "theta_jn",
    "psi",
    "phase",
    "geocent_time",
    "a1",
    "a2"
  ],
  "trigger_gps": 1180922494.5,
  "truth": null,
  "summary": {
    "n_samples": 3000,
    "trigger_gps": 1180922494.5,
    "parameters": [
      {
        "param": "mass_1",
        "median": 24.118505477905273,
        "mean": 31.391047752976416,
        "map": 1.635859489440918,
        "std": 21.07741323826867,
        "ci50%": [
          15.442410945892334,
          43.256930351257324
        ],
        "ci68%": [
          13.473918304443359,
          54.16182281494141
        ],
        "ci90%": [
          9.334162330627441,
          75.19738121032711
        ],
        "ci95%": [
          2.3337075710296635,
          83.24514064788818
        ]
      },
      {
        "param": "mass_2",
        "median": 6.784356594085693,
        "mean": 6.821020644625028,
        "map": 1.533852219581604,
        "std": 5.8015125307537545,
        "ci50%": [
          2.2847766280174255,
          9.44625973701477
        ],
        "ci68%": [
          2.018698625564575,
          10.65300735473633
        ],
        "ci90%": [
          1.432058763504028,
          12.997632265090937
        ],
        "ci95%": [
          1.176009500026703,
          14.324725008010864
        ]
      },
      {
        "param": "luminosity_distance",
        "median": 813.0505065917969,
        "mean": 870.6238990478515,
        "map": 205.45779418945312,
        "std": 399.79583755293925,
        "ci50%": [
          575.8363800048828,
          1131.7877502441406
        ],
        "ci68%": [
          489.5093359375,
          1282.7569775390625
        ],
        "ci90%": [
          297.2794464111328,
          1592.5088500976558
        ],
        "ci95%": [
          205.0780300140381,
          1752.2666198730476
        ]
      },
      {
        "param": "ra",
        "median": 3.8562519550323486,
        "mean": 3.6694409992707273,
        "map": 4.735225677490234,
        "std": 1.7624671644434784,
        "ci50%": [
          2.2247162461280823,
          5.245675563812256
        ],
        "ci68%": [
          1.6521854114532468,
          5.582680797576904
        ],
        "ci90%": [
          0.584199771285057,
          6.014329528808593
        ],
        "ci95%": [
          0.1996732085943224,
          6.122421300411224
        ]
      },
      {
        "param": "dec",
        "median": 0.15481644868850708,
        "mean": 0.043096428414185844,
        "map": 0.6965111494064331,
        "std": 0.7709487933752652,
        "ci50%": [
          -0.6780662685632706,
          0.6944589018821716
        ],
        "ci68%": [
          -0.8838737773895264,
          0.8800470590591432
        ],
        "ci90%": [
          -1.1711191236972809,
          1.1733267188072205
        ],
        "ci95%": [
          -1.250805652141571,
          1.2618774592876436
        ]
      },
      {
        "param": "theta_jn",
        "median": 1.6222610473632812,
        "mean": 1.6077061397445698,
        "map": 2.7446722984313965,
        "std": 0.8539600665307295,
        "ci50%": [
          0.8289254456758499,
          2.3869518041610718
        ],
        "ci68%": [
          0.6388184881210326,
          2.583243637084961
        ],
        "ci90%": [
          0.34008327871561045,
          2.8407850384712208
        ],
        "ci95%": [
          0.23879564441740514,
          2.919959360361099
        ]
      },
      {
        "param": "psi",
        "median": 1.721766710281372,
        "mean": 1.6874437021304038,
        "map": 1.3924775123596191,
        "std": 0.8427116124491595,
        "ci50%": [
          0.9882728755474091,
          2.412511169910431
        ],
        "ci68%": [
          0.7414510178565978,
          2.6282591342926027
        ],
        "ci90%": [
          0.2888307094573974,
          2.9569242835044847
        ],
        "ci95%": [
          0.13414601609110846,
          3.0553060293197634
        ]
      },
      {
        "param": "phase",
        "median": 2.862998366355896,
        "mean": 2.9552921949837083,
        "map": 6.212704658508301,
        "std": 1.8037006983770145,
        "ci50%": [
          1.4168310165405273,
          4.467740297317505
        ],
        "ci68%": [
          0.9044923782348633,
          5.152872371673585
        ],
        "ci90%": [
          0.2696698769927025,
          5.97546763420105
        ],
        "ci95%": [
          0.1509543500840667,
          6.129679846763611
        ]
      },
      {
        "param": "geocent_time",
        "median": 0.00044727325439453125,
        "mean": -0.007340576032797495,
        "map": 0.28143179416656494,
        "std": 0.2334354602644551,
        "ci50%": [
          -0.021732568740844727,
          0.024740219116210938
        ],
        "ci68%": [
          -0.033826103210449224,
          0.039036531448364296
        ],
        "ci90%": [
          -0.0903343200683594,
          0.12430096864700309
        ],
        "ci95%": [
          -0.49963490366935653,
          0.29231499731540694
        ]
      },
      {
        "param": "a1",
        "median": 0.5630568861961365,
        "mean": 0.524045954356591,
        "map": 0.04244357347488403,
        "std": 0.2844699282691553,
        "ci50%": [
          0.29350602626800537,
          0.7585043907165527
        ],
        "ci68%": [
          0.16724024653434746,
          0.830171332359314
        ],
        "ci90%": [
          0.02969101518392562,
          0.9437348961830138
        ],
        "ci95%": [
          0.013535727560520195,
          0.9728344962000847
        ]
      },
      {
        "param": "a2",
        "median": 0.31520238518714905,
        "mean": 0.35925347432494165,
        "map": 0.00128173828125,
        "std": 0.32155258204347426,
        "ci50%": [
          0.033414751291275024,
          0.6475224047899246
        ],
        "ci68%": [
          0.019320427179336547,
          0.7425569629669193
        ],
        "ci90%": [
          0.006496259570121763,
          0.8988474786281585
        ],
        "ci95%": [
          0.0037882521748542814,
          0.9532627031207085
        ]
      }
    ],
    "diagnostics": {
      "runtime": {
        "preprocess_s": 0.042,
        "gwosc_fetch_s": 4.65,
        "encode_s": 0.005,
        "sampling_s": 1.529,
        "total_s": 6.23
      },
      "memory": {
        "rss_mb": 4813.5,
        "mps_allocated_mb": 85.7
      },
      "n_effective": 3000,
      "boundary_railing_frac": 0.0297,
      "log_prob": {
        "median": -15.211752891540527,
        "max": -3.751585006713867
      },
      "ood_flags": [
        "V1: no data \u2014 filled with unit white noise (posterior uses remaining detectors only)"
      ],
      "context_ood": {
        "mahalanobis": 12.02,
        "percentile_vs_validation": 85.2
      },
      "verdict": {
        "confidence": "HIGH",
        "reasons": [
          "V1: no data \u2014 filled with unit white noise (posterior uses remaining detectors only)"
        ]
      },
      "refinement": {
        "refine": true,
        "refine_global": true,
        "untrusted_params": [],
        "strong_indicators": [
          "chirp-mass posterior uninformative (90% width 107% of median)"
        ],
        "moderate_indicators": [
          "V1: no data \u2014 filled with unit white noise (posterior uses remaining detectors only)"
        ],
        "indicators": {
          "confidence": "HIGH",
          "ood_percentile": 85.2,
          "bias_region": {
            "q_in_attractor": false,
            "cell": {
              "mc": 10,
              "q": 0.4,
              "theta_jn": 1.57
            },
            "m1_bias": 1.22,
            "dl_bias": 1.64,
            "severe_mass_bias": false
          },
          "mc_width_frac": 1.073,
          "railing_frac": 0.0297
        },
        "recommendation": "run sampler refinement (compare_to_dynesty) before quoting these posteriors"
      }
    }
  },
  "covariance": [
    [
      444.40548397807044,
      -25.252309723311424,
      -833.5207380202088,
      -2.565329705961584,
      0.12713405255463928,
      -0.19343174888054832,
      -0.435301034052856,
      -2.955959792287665,
      -0.2903111551313069,
      1.475581794315956,
      -2.6776027945351224
    ],
    [
      -25.252309723311424,
      33.66877056801545,
      1223.7544259622557,
      -0.4133625186860207,
      -0.10703721235613327,
      -0.03949702142449418,
      -0.26498383918049817,
      0.047620168942606164,
      -0.02184566312151836,
      0.23365966568922455,
      0.8111119042407633
    ],
    [
      -833.5207380202088,
      1223.7544259622557,
      159890.00839412128,
      44.95406977479627,
      -6.59679846089811,
      10.210746608262655,
      -25.077948882731366,
      -24.199029611739583,
      -1.3620112002683262,
      38.28470844961676,
      58.53779352573195
    ],
    [
      -2.565329705961584,
      -0.4133625186860207,
      44.95406977479627,
      3.1073262811684956,
      0.4386004807928413,
      -0.04766105172499231,
      0.0644609506485837,
      0.02964898277043843,
      0.015876932304624322,
      -0.005376840867172283,
      0.04557795251172989
    ],
    [
      0.12713405255463928,
      -0.10703721235613327,
      -6.59679846089811,
      0.4386004807928413,
      0.5945602287496935,
      -0.006625596453308783,
      0.006211642289268792,
      0.011588557204249344,
      0.0036851124859803752,
      -0.012437286949112891,
      0.0013912187024056888
    ],
    [
      -0.19343174888054832,
      -0.03949702142449418,
      10.210746608262655,
      -0.04766105172499231,
      -0.006625596453308783,
      0.7294909588821278,
      -0.027118492062009364,
      -0.054109834913923495,
      0.000804170627754233,
      0.012971847886818447,
      0.00041164009891992353
    ],
    [
      -0.435301034052856,
      -0.26498383918049817,
      -25.077948882731366,
      0.0644609506485837,
      0.006211642289268792,
      -0.027118492062009364,
      0.7103996616438766,
      0.08386991457281252,
      0.006128799348539524,
      -0.009562698195688692,
      -0.009602183587551057
    ],
    [
      -2.955959792287665,
      0.047620168942606164,
      -24.199029611739583,
      0.02964898277043843,
      0.011588557204249344,
      -0.054109834913923495,
      0.08386991457281252,
      3.2544210163311735,
      -0.0003835588417459488,
      -0.019677828155646306,
      -0.007755180753395234
    ],
    [
      -0.2903111551313069,
      -0.02184566312151836,
      -1.3620112002683262,
      0.015876932304624322,
      0.0036851124859803752,
      0.000804170627754233,
      0.006128799348539524,
      -0.0003835588417459488,
      0.05451028420361256,
      0.0011056292686254725,
      -0.0031207138233004337
    ],
    [
      1.475581794315956,
      0.23365966568922455,
      38.28470844961676,
      -0.005376840867172283,
      -0.012437286949112891,
      0.012971847886818447,
      -0.009562698195688692,
      -0.019677828155646306,
      0.0011056292686254725,
      0.08095012346394614,
      0.015716281955869972
    ],
    [
      -2.6776027945351224,
      0.8111119042407633,
      58.53779352573195,
      0.04557795251172989,
      0.0013912187024056888,
      0.00041164009891992353,
      -0.009602183587551057,
      -0.007755180753395234,
      -0.0031207138233004337,
      0.015716281955869972,
      0.10343053986544691
    ]
  ],
  "correlation": [
    [
      1.0,
      -0.2064418648476398,
      -0.09888172682828487,
      -0.06903352601470389,
      0.007821215613674826,
      -0.010743062363336829,
      -0.0244990148591123,
      -0.0777270078717715,
      -0.05898407809205002,
      0.24601683430558197,
      -0.3949408459601414
    ],
    [
      -0.2064418648476398,
      0.9999999999999999,
      0.5274362606888057,
      -0.040413274111381715,
      -0.023923418264087302,
      -0.007969677719289307,
      -0.05418191940775009,
      0.0045492566103341485,
      -0.016125469936331273,
      0.14153419012148477,
      0.4346530690432563
    ],
    [
      -0.09888172682828486,
      0.5274362606888057,
      1.0,
      0.06377712290071956,
      -0.021395607683616546,
      0.02989763800780639,
      -0.07440977257850594,
      -0.033546747544189036,
      -0.014589176993511095,
      0.3365161594093927,
      0.4551989902944899
    ],
    [
      -0.06903352601470389,
      -0.040413274111381715,
      0.06377712290071956,
      1.0,
      0.3226842339973923,
      -0.031656306021662785,
      0.04338622897715864,
      0.00932351128188851,
      0.038577487638680255,
      -0.010720745747828584,
      0.08039647115878983
    ],
    [
      0.007821215613674827,
      -0.023923418264087302,
      -0.021395607683616542,
      0.3226842339973923,
      1.0,
      -0.010060442802704364,
      0.009557782371331413,
      0.008330950872601724,
      0.020469799946951816,
      -0.056691633270799846,
      0.005610132054318209
    ],
    [
      -0.010743062363336829,
      -0.007969677719289307,
      0.02989763800780639,
      -0.031656306021662785,
      -0.010060442802704364,
      1.0,
      -0.03767074480070749,
      -0.03511796843529451,
      0.004032728889754987,
      0.05338056088284875,
      0.0014985916942958824
    ],
    [
      -0.0244990148591123,
      -0.05418191940775009,
      -0.07440977257850594,
      0.04338622897715863,
      0.00955778237133141,
      -0.037670744800707485,
      0.9999999999999999,
      0.05515920012871231,
      0.031144746981597204,
      -0.03987680170534296,
      -0.03542372570980418
    ],
    [
      -0.0777270078717715,
      0.004549256610334148,
      -0.033546747544189036,
      0.009323511281888509,
      0.008330950872601724,
      -0.03511796843529451,
      0.05515920012871231,
      1.0,
      -0.0009106592586431549,
      -0.03833818404866321,
      -0.013366898825630356
    ],
    [
      -0.05898407809205002,
      -0.016125469936331273,
      -0.014589176993511095,
      0.038577487638680255,
      0.02046979994695182,
      0.004032728889754987,
      0.031144746981597207,
      -0.0009106592586431549,
      1.0,
      0.016644147125804067,
      -0.04156141505893685
    ],
    [
      0.24601683430558194,
      0.14153419012148474,
      0.3365161594093928,
      -0.010720745747828586,
      -0.05669163327079985,
      0.053380560882848746,
      -0.039876801705342954,
      -0.03833818404866322,
      0.016644147125804067,
      1.0,
      0.17175787490947597
    ],
    [
      -0.3949408459601414,
      0.43465306904325635,
      0.4551989902944899,
      0.08039647115878981,
      0.005610132054318208,
      0.0014985916942958821,
      -0.03542372570980417,
      -0.013366898825630358,
      -0.04156141505893685,
      0.17175787490947597,
      0.9999999999999998
    ]
  ],
  "diagnostics": {
    "runtime": {
      "preprocess_s": 0.042,
      "gwosc_fetch_s": 4.65,
      "encode_s": 0.005,
      "sampling_s": 1.529,
      "total_s": 6.23
    },
    "memory": {
      "rss_mb": 4813.5,
      "mps_allocated_mb": 85.7
    },
    "n_effective": 3000,
    "boundary_railing_frac": 0.0297,
    "log_prob": {
      "median": -15.211752891540527,
      "max": -3.751585006713867
    },
    "ood_flags": [
      "V1: no data \u2014 filled with unit white noise (posterior uses remaining detectors only)"
    ],
    "context_ood": {
      "mahalanobis": 12.02,
      "percentile_vs_validation": 85.2
    },
    "verdict": {
      "confidence": "HIGH",
      "reasons": [
        "V1: no data \u2014 filled with unit white noise (posterior uses remaining detectors only)"
      ]
    },
    "refinement": {
      "refine": true,
      "refine_global": true,
      "untrusted_params": [],
      "strong_indicators": [
        "chirp-mass posterior uninformative (90% width 107% of median)"
      ],
      "moderate_indicators": [
        "V1: no data \u2014 filled with unit white noise (posterior uses remaining detectors only)"
      ],
      "indicators": {
        "confidence": "HIGH",
        "ood_percentile": 85.2,
        "bias_region": {
          "q_in_attractor": false,
          "cell": {
            "mc": 10,
            "q": 0.4,
            "theta_jn": 1.57
          },
          "m1_bias": 1.22,
          "dl_bias": 1.64,
          "severe_mass_bias": false
        },
        "mc_width_frac": 1.073,
        "railing_frac": 0.0297
      },
      "recommendation": "run sampler refinement (compare_to_dynesty) before quoting these posteriors"
    }
  },
  "config": {
    "model_path": "model/lean_npe_v5/best_model.pth",
    "model_epoch": 1,
    "model_val_nll": -0.5088662856258452,
    "premerger": false,
    "device": "mps",
    "num_samples": 3000,
    "rank": 0,
    "seed": 0,
    "event": "GW170608",
    "event_type": "BBH",
    "source": "real",
    "detectors_present": [
      "H1",
      "L1"
    ]
  },
  "reproducibility": {
    "git_commit": "d6c307609f9e58de343f817c5bb3044b3fcc8171",
    "model_path": "model/lean_npe_v5/best_model.pth",
    "model_epoch": 1,
    "model_val_nll": -0.5088662856258452,
    "premerger": false
  },
  "preprocessing": {
    "source": "real",
    "detectors_present": [
      "H1",
      "L1"
    ],
    "warnings": [
      "V1: no data \u2014 filled with unit white noise (posterior uses remaining detectors only)"
    ],
    "quality": {
      "H1": {
        "finite": true,
        "std": 0.8632428050041199,
        "max_abs": 3.48296856880188,
        "excess_kurtosis": 0.014204978942871094,
        "repeated_frac": 0.0,
        "whitening_norm": 52.34717436448604
      },
      "L1": {
        "finite": true,
        "std": 1.0091745853424072,
        "max_abs": 4.596554279327393,
        "excess_kurtosis": 0.09437704086303711,
        "repeated_frac": 0.0,
        "whitening_norm": 45.724966924896336
      }
    },
    "timings": {
      "preprocess_s": 0.042,
      "gwosc_fetch_s": 4.65
    }
  }
}