{
  "param_names": [
    "mass_1",
    "mass_2",
    "luminosity_distance",
    "ra",
    "dec",
    "theta_jn",
    "psi",
    "phase",
    "geocent_time",
    "a1",
    "a2"
  ],
  "trigger_gps": 1180922494.5,
  "truth": null,
  "summary": {
    "n_samples": 3000,
    "trigger_gps": 1180922494.5,
    "parameters": [
      {
        "param": "mass_1",
        "median": 29.77607250213623,
        "mean": 34.88448936406771,
        "map": 1.4857569932937622,
        "std": 23.789227320343404,
        "ci50%": [
          17.74246883392334,
          47.623924255371094
        ],
        "ci68%": [
          12.992416648864745,
          59.585449981689464
        ],
        "ci90%": [
          2.21189831495285,
          84.59987602233883
        ],
        "ci95%": [
          1.6812808841466909,
          92.20143260955813
        ]
      },
      {
        "param": "mass_2",
        "median": 8.615305423736572,
        "mean": 9.79866855653127,
        "map": 1.4004768133163452,
        "std": 7.837346126354894,
        "ci50%": [
          5.06375777721405,
          13.257048845291138
        ],
        "ci68%": [
          1.8897063398361207,
          15.855525093078619
        ],
        "ci90%": [
          1.2594684481620788,
          24.59710178375241
        ],
        "ci95%": [
          1.114832076430321,
          29.579543828964233
        ]
      },
      {
        "param": "luminosity_distance",
        "median": 1122.4990234375,
        "mean": 1080.7204835573832,
        "map": 210.18641662597656,
        "std": 505.15131437536763,
        "ci50%": [
          683.3769073486328,
          1471.1182861328125
        ],
        "ci68%": [
          527.3791870117187,
          1636.2582031250001
        ],
        "ci90%": [
          225.70348205566404,
          1869.6454772949216
        ],
        "ci95%": [
          176.72947311401367,
          1963.002801513672
        ]
      },
      {
        "param": "ra",
        "median": 3.321122884750366,
        "mean": 3.255393046043925,
        "map": 4.379465103149414,
        "std": 1.8468144232359038,
        "ci50%": [
          1.6829152703285217,
          4.890290021896362
        ],
        "ci68%": [
          1.1268192481994628,
          5.343660793304443
        ],
        "ci90%": [
          0.22714561969041813,
          6.004880833625792
        ],
        "ci95%": [
          0.06298391800373813,
          6.1606813192367555
        ]
      },
      {
        "param": "dec",
        "median": -0.015596210956573486,
        "mean": -0.0416278892159462,
        "map": -0.1703040599822998,
        "std": 0.695820965826779,
        "ci50%": [
          -0.6075305342674255,
          0.4839496612548828
        ],
        "ci68%": [
          -0.8095777797698974,
          0.72248902797699
        ],
        "ci90%": [
          -1.155237603187561,
          1.1106477856636041
        ],
        "ci95%": [
          -1.2729753047227859,
          1.2134339332580568
        ]
      },
      {
        "param": "theta_jn",
        "median": 1.471015989780426,
        "mean": 1.5151099304931122,
        "map": 0.6197555661201477,
        "std": 0.7755906087116972,
        "ci50%": [
          0.8810122013092041,
          2.177498161792755
        ],
        "ci68%": [
          0.6889978623390197,
          2.3780268573760988
        ],
        "ci90%": [
          0.287912118434906,
          2.717771244049072
        ],
        "ci95%": [
          0.0021936937060672884,
          2.8681867837905886
        ]
      },
      {
        "param": "psi",
        "median": 1.6153196692466736,
        "mean": 1.6172438014517605,
        "map": 2.7109134197235107,
        "std": 0.9031542116903218,
        "ci50%": [
          0.8575130254030228,
          2.3992984890937805
        ],
        "ci68%": [
          0.5754010319709777,
          2.6526043796539307
        ],
        "ci90%": [
          0.15207005739212026,
          3.0378679871559124
        ],
        "ci95%": [
          0.06958054210990684,
          3.1238226115703585
        ]
      },
      {
        "param": "phase",
        "median": 3.0576508045196533,
        "mean": 3.1009650311932906,
        "map": 5.920350551605225,
        "std": 1.8683002096349357,
        "ci50%": [
          1.4337109327316284,
          4.730525970458984
        ],
        "ci68%": [
          0.9077634906768796,
          5.330419368743897
        ],
        "ci90%": [
          0.23551080822944628,
          6.01028251647949
        ],
        "ci95%": [
          0.06670534694567362,
          6.176136922836304
        ]
      },
      {
        "param": "geocent_time",
        "median": -0.04255640506744385,
        "mean": -0.024333903551101686,
        "map": 0.789486289024353,
        "std": 0.4024020407591785,
        "ci50%": [
          -0.0714070200920105,
          0.006005018949508667
        ],
        "ci68%": [
          -0.09169799327850346,
          0.07715843677520756
        ],
        "ci90%": [
          -0.8143318474292758,
          0.6636146903038016
        ],
        "ci95%": [
          -1.157473987340927,
          1.1295903623104098
        ]
      },
      {
        "param": "a1",
        "median": 0.4339272379875183,
        "mean": 0.4358474966883659,
        "map": 0.04015690088272095,
        "std": 0.307327323320556,
        "ci50%": [
          0.1407778412103653,
          0.7037163525819778
        ],
        "ci68%": [
          0.05266809940338127,
          0.7946654415130617
        ],
        "ci90%": [
          0.007834801077842707,
          0.9234618008136749
        ],
        "ci95%": [
          0.0003408916294574739,
          0.9540792405605316
        ]
      },
      {
        "param": "a2",
        "median": 0.29011160135269165,
        "mean": 0.356507042914629,
        "map": 0.0038919448852539062,
        "std": 0.3168676106921493,
        "ci50%": [
          0.038690537214279175,
          0.6233735382556915
        ],
        "ci68%": [
          0.023464062213897706,
          0.7484769535064697
        ],
        "ci90%": [
          0.004590860009193419,
          0.9082146048545837
        ],
        "ci95%": [
          0.0009132899343967441,
          0.9477422744035722
        ]
      }
    ],
    "diagnostics": {
      "runtime": {
        "preprocess_s": 0.037,
        "gwosc_fetch_s": 4.98,
        "encode_s": 0.005,
        "sampling_s": 1.812,
        "total_s": 6.833
      },
      "memory": {
        "rss_mb": 4543.5,
        "mps_allocated_mb": 128.8
      },
      "n_effective": 3000,
      "boundary_railing_frac": 0.054,
      "log_prob": {
        "median": -18.233442306518555,
        "max": 32.94324493408203
      },
      "ood_flags": [
        "V1: no data \u2014 filled with unit white noise (posterior uses remaining detectors only)",
        "5.4% of samples rail at the parameter bounds \u2014 the event may lie outside the training prior (out-of-distribution)"
      ],
      "context_ood": {
        "mahalanobis": 6.08,
        "percentile_vs_validation": 60.5
      },
      "verdict": {
        "confidence": "MEDIUM",
        "reasons": [
          "5% boundary railing"
        ]
      },
      "refinement": {
        "refine": true,
        "refine_global": true,
        "untrusted_params": [],
        "strong_indicators": [
          "chirp-mass posterior uninformative (90% width 187% of median)"
        ],
        "moderate_indicators": [
          "confidence MEDIUM",
          "V1: no data \u2014 filled with unit white noise (posterior uses remaining detectors only)",
          "5% boundary railing"
        ],
        "indicators": {
          "confidence": "MEDIUM",
          "ood_percentile": 60.5,
          "bias_region": {
            "q_in_attractor": false,
            "cell": {
              "mc": 10,
              "q": 0.4,
              "theta_jn": 1.57
            },
            "m1_bias": 1.22,
            "dl_bias": 1.64,
            "severe_mass_bias": false
          },
          "mc_width_frac": 1.874,
          "railing_frac": 0.054
        },
        "recommendation": "run sampler refinement (compare_to_dynesty) before quoting these posteriors"
      }
    }
  },
  "covariance": [
    [
      566.1160418462546,
      21.582503450784543,
      3367.5793479582926,
      -3.2259171135921307,
      0.003385470072301288,
      -0.5389131172178436,
      -1.0010784440599174,
      -1.1537702341935192,
      -1.7522308913659141,
      1.9577165646278505,
      0.39481845000787213
    ],
    [
      21.582503450784543,
      61.44447579622218,
      2239.3896186294573,
      -0.7954763967061054,
      0.06886183516068306,
      -0.7281498545636735,
      0.4789957860310627,
      0.20392084369481986,
      -0.3295541974513693,
      0.23145674675757918,
      0.7192902257209866
    ],
    [
      3367.5793479582926,
      2239.3896186294573,
      255262.93806118242,
      17.10864576443484,
      2.0061439010900326,
      -4.1417300703500635,
      -14.316801685399604,
      -5.20627137514477,
      -30.76985392565443,
      45.22921359992586,
      69.9698278264983
    ],
    [
      -3.2259171135921307,
      -0.7954763967061054,
      17.10864576443484,
      3.4118608008057656,
      0.013118684318015796,
      0.07922672516149869,
      0.022804780117777076,
      -0.10742479125151953,
      0.03630686432975743,
      0.018316634880543504,
      0.04697092848436127
    ],
    [
      0.003385470072301288,
      0.06886183516068306,
      2.0061439010900326,
      0.013118684318015796,
      0.4843282592371923,
      -0.011567015496706336,
      0.008290601757232173,
      0.047516350648440314,
      0.01217708549312843,
      -0.0011746055403413869,
      0.004912276847754487
    ],
    [
      -0.5389131172178436,
      -0.7281498545636735,
      -4.1417300703500635,
      0.07922672516149869,
      -0.011567015496706336,
      0.6017413727793743,
      -0.03817844162953815,
      -0.023312212403829465,
      0.0012293906193470855,
      0.0196641682000887,
      0.011314407849973304
    ],
    [
      -1.0010784440599174,
      0.4789957860310627,
      -14.316801685399604,
      0.022804780117777076,
      0.008290601757232173,
      -0.03817844162953815,
      0.8159595165994997,
      0.03852586989839846,
      -0.0027803176300099123,
      -0.014984110707422062,
      -0.012529168404323153
    ],
    [
      -1.1537702341935192,
      0.20392084369481986,
      -5.20627137514477,
      -0.10742479125151953,
      0.047516350648440314,
      -0.023312212403829465,
      0.03852586989839846,
      3.4917095765141024,
      0.013673575443669221,
      0.007967582437447903,
      -0.006879503191255865
    ],
    [
      -1.7522308913659141,
      -0.3295541974513693,
      -30.76985392565443,
      0.03630686432975743,
      0.01217708549312843,
      0.0012293906193470855,
      -0.0027803176300099123,
      0.013673575443669221,
      0.1619813962058871,
      -0.009355894266916548,
      -0.01189924639898318
    ],
    [
      1.9577165646278505,
      0.23145674675757918,
      45.22921359992586,
      0.018316634880543504,
      -0.0011746055403413869,
      0.0196641682000887,
      -0.014984110707422062,
      0.007967582437447903,
      -0.009355894266916548,
      0.0944815775185504,
      0.020270556989733943
    ],
    [
      0.39481845000787213,
      0.7192902257209866,
      69.9698278264983,
      0.04697092848436127,
      0.004912276847754487,
      0.011314407849973304,
      -0.012529168404323153,
      -0.006879503191255865,
      -0.01189924639898318,
      0.020270556989733943,
      0.10043856222649365
    ]
  ],
  "correlation": [
    [
      1.0,
      0.11571979790842721,
      0.28013748472250527,
      -0.07340148082373331,
      0.00020445434447514518,
      -0.02919853672801328,
      -0.0465780253783784,
      -0.025950608317009963,
      -0.1829810151943866,
      0.2676846801336204,
      0.05235937632708281
    ],
    [
      0.11571979790842721,
      1.0,
      0.5654501935029188,
      -0.054940198471890814,
      0.012623136133081043,
      -0.11974969312197747,
      0.06764815634202394,
      0.013921984328539354,
      -0.10446068195903105,
      0.09606271457361866,
      0.28954261571998535
    ],
    [
      0.28013748472250527,
      0.5654501935029188,
      0.9999999999999999,
      0.018332686017089313,
      0.00570556024137472,
      -0.010567760765145678,
      -0.03137023856137923,
      -0.00551459805089074,
      -0.15132092369952396,
      0.2912403786183827,
      0.4369851511960798
    ],
    [
      -0.07340148082373331,
      -0.054940198471890814,
      0.018332686017089317,
      1.0,
      0.01020527529336303,
      0.05529312254605794,
      0.013667715527152239,
      -0.031123598865219648,
      0.04883829807827662,
      0.032260899207889326,
      0.08023858278499629
    ],
    [
      0.00020445434447514518,
      0.012623136133081041,
      0.00570556024137472,
      0.01020527529336303,
      0.9999999999999999,
      -0.021426265215977302,
      0.013188088208954913,
      0.03653878624142006,
      0.0434751291954503,
      -0.005490963694030689,
      0.022272177880169497
    ],
    [
      -0.02919853672801328,
      -0.11974969312197749,
      -0.010567760765145678,
      0.05529312254605795,
      -0.021426265215977302,
      1.0,
      -0.05448525089913363,
      -0.016082719897089634,
      0.003937788530819974,
      0.08247020539115738,
      0.04602318282318893
    ],
    [
      -0.04657802537837841,
      0.06764815634202394,
      -0.03137023856137923,
      0.013667715527152237,
      0.013188088208954915,
      -0.05448525089913363,
      1.0,
      0.02282438533240699,
      -0.007647641804712703,
      -0.05396635664496032,
      -0.0437660847531835
    ],
    [
      -0.025950608317009963,
      0.013921984328539354,
      -0.0055145980508907394,
      -0.031123598865219645,
      0.03653878624142006,
      -0.01608271989708963,
      0.02282438533240699,
      1.0,
      0.018181531601747423,
      0.013871835839473556,
      -0.011616833795207494
    ],
    [
      -0.18298101519438656,
      -0.10446068195903103,
      -0.15132092369952396,
      0.048838298078276624,
      0.0434751291954503,
      0.003937788530819974,
      -0.007647641804712703,
      0.01818153160174742,
      1.0,
      -0.07562739967135199,
      -0.09329033336169966
    ],
    [
      0.26768468013362035,
      0.09606271457361866,
      0.29124037861838276,
      0.03226089920788933,
      -0.005490963694030689,
      0.08247020539115736,
      -0.05396635664496032,
      0.013871835839473556,
      -0.07562739967135199,
      1.0,
      0.20808552510415396
    ],
    [
      0.05235937632708281,
      0.2895426157199854,
      0.4369851511960798,
      0.08023858278499629,
      0.022272177880169497,
      0.04602318282318893,
      -0.0437660847531835,
      -0.011616833795207494,
      -0.09329033336169966,
      0.20808552510415396,
      1.0
    ]
  ],
  "diagnostics": {
    "runtime": {
      "preprocess_s": 0.037,
      "gwosc_fetch_s": 4.98,
      "encode_s": 0.005,
      "sampling_s": 1.812,
      "total_s": 6.833
    },
    "memory": {
      "rss_mb": 4543.5,
      "mps_allocated_mb": 128.8
    },
    "n_effective": 3000,
    "boundary_railing_frac": 0.054,
    "log_prob": {
      "median": -18.233442306518555,
      "max": 32.94324493408203
    },
    "ood_flags": [
      "V1: no data \u2014 filled with unit white noise (posterior uses remaining detectors only)",
      "5.4% of samples rail at the parameter bounds \u2014 the event may lie outside the training prior (out-of-distribution)"
    ],
    "context_ood": {
      "mahalanobis": 6.08,
      "percentile_vs_validation": 60.5
    },
    "verdict": {
      "confidence": "MEDIUM",
      "reasons": [
        "5% boundary railing"
      ]
    },
    "refinement": {
      "refine": true,
      "refine_global": true,
      "untrusted_params": [],
      "strong_indicators": [
        "chirp-mass posterior uninformative (90% width 187% of median)"
      ],
      "moderate_indicators": [
        "confidence MEDIUM",
        "V1: no data \u2014 filled with unit white noise (posterior uses remaining detectors only)",
        "5% boundary railing"
      ],
      "indicators": {
        "confidence": "MEDIUM",
        "ood_percentile": 60.5,
        "bias_region": {
          "q_in_attractor": false,
          "cell": {
            "mc": 10,
            "q": 0.4,
            "theta_jn": 1.57
          },
          "m1_bias": 1.22,
          "dl_bias": 1.64,
          "severe_mass_bias": false
        },
        "mc_width_frac": 1.874,
        "railing_frac": 0.054
      },
      "recommendation": "run sampler refinement (compare_to_dynesty) before quoting these posteriors"
    }
  },
  "config": {
    "model_path": "model/lean_v6/best_model.pth",
    "model_epoch": 38,
    "model_val_nll": -0.017256081197410823,
    "premerger": false,
    "device": "mps",
    "num_samples": 3000,
    "rank": 0,
    "seed": 0,
    "event": "GW170608",
    "event_type": "BBH",
    "source": "real",
    "detectors_present": [
      "H1",
      "L1"
    ]
  },
  "reproducibility": {
    "git_commit": "d6c307609f9e58de343f817c5bb3044b3fcc8171",
    "model_path": "model/lean_v6/best_model.pth",
    "model_epoch": 38,
    "model_val_nll": -0.017256081197410823,
    "premerger": false
  },
  "preprocessing": {
    "source": "real",
    "detectors_present": [
      "H1",
      "L1"
    ],
    "warnings": [
      "V1: no data \u2014 filled with unit white noise (posterior uses remaining detectors only)"
    ],
    "quality": {
      "H1": {
        "finite": true,
        "std": 0.8632428050041199,
        "max_abs": 3.48296856880188,
        "excess_kurtosis": 0.014204978942871094,
        "repeated_frac": 0.0,
        "whitening_norm": 52.34717436448604
      },
      "L1": {
        "finite": true,
        "std": 1.0091745853424072,
        "max_abs": 4.596554279327393,
        "excess_kurtosis": 0.09437704086303711,
        "repeated_frac": 0.0,
        "whitening_norm": 45.724966924896336
      }
    },
    "timings": {
      "preprocess_s": 0.037,
      "gwosc_fetch_s": 4.98
    }
  }
}