{
  "param_names": [
    "mass_1",
    "mass_2",
    "luminosity_distance",
    "ra",
    "dec",
    "theta_jn",
    "psi",
    "phase",
    "geocent_time",
    "a1",
    "a2"
  ],
  "trigger_gps": 1135136350.6,
  "truth": null,
  "summary": {
    "n_samples": 3000,
    "trigger_gps": 1135136350.6,
    "parameters": [
      {
        "param": "mass_1",
        "median": 24.325135231018066,
        "mean": 31.089442712863285,
        "map": 1.0144208669662476,
        "std": 22.43778113559852,
        "ci50%": [
          14.17728304862976,
          44.91374969482422
        ],
        "ci68%": [
          11.481842727661132,
          55.50175231933595
        ],
        "ci90%": [
          2.399884378910065,
          77.14543495178222
        ],
        "ci95%": [
          1.7891211420297628,
          84.79300537109376
        ]
      },
      {
        "param": "mass_2",
        "median": 6.393763303756714,
        "mean": 6.799154638926188,
        "map": 1.0098901987075806,
        "std": 6.376113580904221,
        "ci50%": [
          2.1479601860046387,
          9.424097299575806
        ],
        "ci68%": [
          1.7623631572723388,
          10.762566032409676
        ],
        "ci90%": [
          1.2274186849594115,
          14.353293895721436
        ],
        "ci95%": [
          1.0836291402578355,
          16.79593181610108
        ]
      },
      {
        "param": "luminosity_distance",
        "median": 795.919921875,
        "mean": 873.0661573677063,
        "map": 82.67131805419922,
        "std": 446.94085227390764,
        "ci50%": [
          548.2213134765625,
          1181.1611938476562
        ],
        "ci68%": [
          436.7618139648437,
          1351.8217822265626
        ],
        "ci90%": [
          215.59264221191404,
          1686.2123596191402
        ],
        "ci95%": [
          154.17028694152833,
          1838.093814086914
        ]
      },
      {
        "param": "ra",
        "median": 3.520060420036316,
        "mean": 3.4657039019796065,
        "map": 3.0158727169036865,
        "std": 1.8217780434403779,
        "ci50%": [
          1.9576766192913055,
          5.155607461929321
        ],
        "ci68%": [
          1.3677691650390624,
          5.556212120056152
        ],
        "ci90%": [
          0.42148634046316125,
          6.030594658851623
        ],
        "ci95%": [
          0.1489898562431336,
          6.134721410274506
        ]
      },
      {
        "param": "dec",
        "median": 0.043417513370513916,
        "mean": -0.014228597064812979,
        "map": 0.28043460845947266,
        "std": 0.7599708099564656,
        "ci50%": [
          -0.7047509253025055,
          0.6052318215370178
        ],
        "ci68%": [
          -0.9018326592445375,
          0.8137770986557011
        ],
        "ci90%": [
          -1.1932101607322694,
          1.1661557316780076
        ],
        "ci95%": [
          -1.2610280632972717,
          1.2713693141937257
        ]
      },
      {
        "param": "theta_jn",
        "median": 1.5461537837982178,
        "mean": 1.5682476409428443,
        "map": 1.8704537153244019,
        "std": 0.7974986345057969,
        "ci50%": [
          0.8958941400051117,
          2.2757433652877808
        ],
        "ci68%": [
          0.6558008503913879,
          2.485123176574707
        ],
        "ci90%": [
          0.3356480240821838,
          2.7753304123878477
        ],
        "ci95%": [
          0.22915115021169213,
          2.856877624988556
        ]
      },
      {
        "param": "psi",
        "median": 1.6680273413658142,
        "mean": 1.635606036465227,
        "map": 2.3749401569366455,
        "std": 0.8518330810632331,
        "ci50%": [
          0.9464659243822098,
          2.3543686270713806
        ],
        "ci68%": [
          0.6597860217094421,
          2.6036374950408936
        ],
        "ci90%": [
          0.2257467798888683,
          2.9311057686805717
        ],
        "ci95%": [
          0.10083809979259976,
          3.0527411341667174
        ]
      },
      {
        "param": "phase",
        "median": 3.0140386819839478,
        "mean": 3.074980463956851,
        "map": 3.1789309978485107,
        "std": 1.78538928022372,
        "ci50%": [
          1.5872678756713867,
          4.589635729789734
        ],
        "ci68%": [
          1.0692914485931395,
          5.232751655578616
        ],
        "ci90%": [
          0.3140940323472023,
          5.99521152973175
        ],
        "ci95%": [
          0.1723338942974807,
          6.1399342060089115
        ]
      },
      {
        "param": "geocent_time",
        "median": 0.06639480590820312,
        "mean": 0.06594698345661164,
        "map": 0.7723926305770874,
        "std": 0.3413068829029506,
        "ci50%": [
          0.03165814280509949,
          0.10997074842453003
        ],
        "ci68%": [
          0.015095963478088377,
          0.1448966789245606
        ],
        "ci90%": [
          -0.41644358634948747,
          0.4638736009597778
        ],
        "ci95%": [
          -0.9892601057887075,
          0.9356728792190555
        ]
      },
      {
        "param": "a1",
        "median": 0.48652198910713196,
        "mean": 0.47373016918698946,
        "map": 0.034875571727752686,
        "std": 0.2946760051050793,
        "ci50%": [
          0.21483542025089264,
          0.7167264223098755
        ],
        "ci68%": [
          0.10918536901473996,
          0.8107278823852541
        ],
        "ci90%": [
          0.01791782975196837,
          0.9365039288997646
        ],
        "ci95%": [
          0.009182704985141754,
          0.9676444917917252
        ]
      },
      {
        "param": "a2",
        "median": 0.251735582947731,
        "mean": 0.3348562748034795,
        "map": 0.014628320932388306,
        "std": 0.3211114035664672,
        "ci50%": [
          0.027689404785633087,
          0.6252276003360748
        ],
        "ci68%": [
          0.01655625343322753,
          0.737745509147644
        ],
        "ci90%": [
          0.005058699846267696,
          0.8932558596134185
        ],
        "ci95%": [
          0.002484922856092457,
          0.9477014631032944
        ]
      }
    ],
    "diagnostics": {
      "runtime": {
        "preprocess_s": 0.032,
        "gwosc_fetch_s": 4.41,
        "encode_s": 0.004,
        "sampling_s": 1.418,
        "total_s": 5.867
      },
      "memory": {
        "rss_mb": 4813.5,
        "mps_allocated_mb": 85.7
      },
      "n_effective": 3000,
      "boundary_railing_frac": 0.0323,
      "log_prob": {
        "median": -16.56596088409424,
        "max": -4.0990753173828125
      },
      "ood_flags": [
        "V1: no data \u2014 filled with unit white noise (posterior uses remaining detectors only)"
      ],
      "context_ood": {
        "mahalanobis": 10.04,
        "percentile_vs_validation": 71.5
      },
      "verdict": {
        "confidence": "HIGH",
        "reasons": [
          "V1: no data \u2014 filled with unit white noise (posterior uses remaining detectors only)"
        ]
      },
      "refinement": {
        "refine": true,
        "refine_global": true,
        "untrusted_params": [],
        "strong_indicators": [
          "chirp-mass posterior uninformative (90% width 168% of median)"
        ],
        "moderate_indicators": [
          "V1: no data \u2014 filled with unit white noise (posterior uses remaining detectors only)"
        ],
        "indicators": {
          "confidence": "HIGH",
          "ood_percentile": 71.5,
          "bias_region": {
            "q_in_attractor": false,
            "cell": {
              "mc": 10,
              "q": 0.4,
              "theta_jn": 1.57
            },
            "m1_bias": 1.22,
            "dl_bias": 1.64,
            "severe_mass_bias": false
          },
          "mc_width_frac": 1.684,
          "railing_frac": 0.0323
        },
        "recommendation": "run sampler refinement (compare_to_dynesty) before quoting these posteriors"
      }
    }
  },
  "covariance": [
    [
      503.6218962544388,
      -6.62756336875422,
      629.1001779495822,
      -2.5959172746717822,
      0.47879998475744845,
      0.20631434338900484,
      -0.06325880423924672,
      -1.0296848022509497,
      -0.6403969871751892,
      1.7227570884844297,
      -1.71597943095216
    ],
    [
      -6.62756336875422,
      40.66838052343234,
      1574.079921350876,
      -0.49620868726950773,
      -0.03139945381144873,
      -0.12139165441975067,
      -0.32188898822005885,
      0.020508872227907295,
      -0.10708438194862269,
      0.340296886889466,
      0.8532781169609533
    ],
    [
      629.1001779495822,
      1574.079921350876,
      199822.7330089964,
      36.745402090645804,
      -3.22518478139455,
      -0.7995095231659752,
      -28.34100881576892,
      -21.781219384021945,
      -8.111750117621991,
      47.49771921243238,
      67.0740671136197
    ],
    [
      -2.5959172746717822,
      -0.49620868726950773,
      36.745402090645804,
      3.31998190019484,
      0.39085992068625103,
      -0.016577500460298458,
      0.04224801769495889,
      0.06536738056787515,
      0.022287253483419766,
      -0.010613944807867133,
      0.031423088396648854
    ],
    [
      0.47879998475744845,
      -0.03139945381144873,
      -3.22518478139455,
      0.39085992068625103,
      0.5777482147241275,
      -0.011365273007488241,
      -0.008047794132287595,
      -0.0017792365786621132,
      0.005247875531718745,
      -0.010819509688427563,
      -0.0007052716046792565
    ],
    [
      0.20631434338900484,
      -0.12139165441975067,
      -0.7995095231659752,
      -0.016577500460298458,
      -0.011365273007488241,
      0.6362161440866387,
      -0.011928723643715713,
      -0.043635301315133525,
      -0.0001830987295167159,
      0.009677214081082916,
      -0.007319663853529908
    ],
    [
      -0.06325880423924672,
      -0.32188898822005885,
      -28.34100881576892,
      0.04224801769495889,
      -0.008047794132287595,
      -0.011928723643715713,
      0.7258615518442967,
      0.0844541335086039,
      0.0055194231216520225,
      -0.008443775091911142,
      -0.017531068384911044
    ],
    [
      -1.0296848022509497,
      0.020508872227907295,
      -21.781219384021945,
      0.06536738056787515,
      -0.0017792365786621132,
      -0.043635301315133525,
      0.0844541335086039,
      3.188677774529289,
      0.010834876391847468,
      -0.024196863907662042,
      -0.01070352347630283
    ],
    [
      -0.6403969871751892,
      -0.10708438194862269,
      -8.111750117621991,
      0.022287253483419766,
      0.005247875531718745,
      -0.0001830987295167159,
      0.0055194231216520225,
      0.010834876391847468,
      0.11652923139405989,
      0.001054272792688111,
      -0.005842271386857938
    ],
    [
      1.7227570884844297,
      0.340296886889466,
      47.49771921243238,
      -0.010613944807867133,
      -0.010819509688427563,
      0.009677214081082916,
      -0.008443775091911142,
      -0.024196863907662042,
      0.001054272792688111,
      0.08686290228545059,
      0.019321761042769513
    ],
    [
      -1.71597943095216,
      0.8532781169609533,
      67.0740671136197,
      0.031423088396648854,
      -0.0007052716046792565,
      -0.007319663853529908,
      -0.017531068384911044,
      -0.01070352347630283,
      -0.005842271386857938,
      0.019321761042769513,
      0.10314691580569516
    ]
  ],
  "correlation": [
    [
      1.0,
      -0.046309825836420744,
      0.06271119242643287,
      -0.0634849363507227,
      0.028069360602857668,
      0.011525898148030995,
      -0.003308581064897598,
      -0.025694885305726244,
      -0.08359485275427993,
      0.2604681201006195,
      -0.23808479054322432
    ],
    [
      -0.04630982583642075,
      1.0,
      0.5521739228359688,
      -0.04270395178117115,
      -0.006477752466206201,
      -0.02386481370614288,
      -0.059244874536742965,
      0.0018009764039321051,
      -0.049190388686283226,
      0.18105576962149575,
      0.4166141778065367
    ],
    [
      0.06271119242643287,
      0.5521739228359688,
      1.0,
      0.0451141416425499,
      -0.009492111880377843,
      -0.0022423265089102726,
      -0.07441593818882863,
      -0.027286914160471628,
      -0.05315873963359294,
      0.36052313630631677,
      0.4672013300275824
    ],
    [
      -0.0634849363507227,
      -0.042703951781171146,
      0.04511414164254989,
      1.0,
      0.28221752279926504,
      -0.011406406583274565,
      0.027215203239990538,
      0.020090368684778124,
      0.035832016840452986,
      -0.01976477155063068,
      0.05369735399093737
    ],
    [
      0.028069360602857668,
      -0.0064777524662062,
      -0.009492111880377841,
      0.28221752279926504,
      1.0,
      -0.018745983212987625,
      -0.012427410834760576,
      -0.0013108683415807823,
      0.020225384140624386,
      -0.048297105752806116,
      -0.002889076019142854
    ],
    [
      0.011525898148030997,
      -0.02386481370614288,
      -0.0022423265089102726,
      -0.011406406583274565,
      -0.018745983212987625,
      1.0,
      -0.01755354100988114,
      -0.030635877147634598,
      -0.000672458592511634,
      0.04116525766068221,
      -0.028573317773045264
    ],
    [
      -0.003308581064897598,
      -0.05924487453674296,
      -0.07441593818882862,
      0.027215203239990538,
      -0.012427410834760575,
      -0.01755354100988114,
      1.0,
      0.055512232915475634,
      0.018977952319127328,
      -0.03362734600147709,
      -0.06406979937500151
    ],
    [
      -0.025694885305726247,
      0.0018009764039321051,
      -0.027286914160471628,
      0.020090368684778124,
      -0.0013108683415807825,
      -0.030635877147634598,
      0.055512232915475634,
      1.0,
      0.017774655933357635,
      -0.04597657297643299,
      -0.0186635100639244
    ],
    [
      -0.08359485275427993,
      -0.049190388686283226,
      -0.05315873963359293,
      0.03583201684045299,
      0.020225384140624386,
      -0.0006724585925116339,
      0.018977952319127325,
      0.017774655933357638,
      1.0,
      0.010478965003975053,
      -0.05328882726628611
    ],
    [
      0.2604681201006195,
      0.18105576962149575,
      0.36052313630631677,
      -0.01976477155063068,
      -0.048297105752806116,
      0.04116525766068221,
      -0.03362734600147709,
      -0.04597657297643299,
      0.010478965003975053,
      0.9999999999999998,
      0.20412745240389832
    ],
    [
      -0.23808479054322434,
      0.4166141778065367,
      0.46720133002758246,
      0.05369735399093737,
      -0.0028890760191428535,
      -0.028573317773045264,
      -0.06406979937500151,
      -0.018663510063924405,
      -0.05328882726628611,
      0.20412745240389832,
      0.9999999999999998
    ]
  ],
  "diagnostics": {
    "runtime": {
      "preprocess_s": 0.032,
      "gwosc_fetch_s": 4.41,
      "encode_s": 0.004,
      "sampling_s": 1.418,
      "total_s": 5.867
    },
    "memory": {
      "rss_mb": 4813.5,
      "mps_allocated_mb": 85.7
    },
    "n_effective": 3000,
    "boundary_railing_frac": 0.0323,
    "log_prob": {
      "median": -16.56596088409424,
      "max": -4.0990753173828125
    },
    "ood_flags": [
      "V1: no data \u2014 filled with unit white noise (posterior uses remaining detectors only)"
    ],
    "context_ood": {
      "mahalanobis": 10.04,
      "percentile_vs_validation": 71.5
    },
    "verdict": {
      "confidence": "HIGH",
      "reasons": [
        "V1: no data \u2014 filled with unit white noise (posterior uses remaining detectors only)"
      ]
    },
    "refinement": {
      "refine": true,
      "refine_global": true,
      "untrusted_params": [],
      "strong_indicators": [
        "chirp-mass posterior uninformative (90% width 168% of median)"
      ],
      "moderate_indicators": [
        "V1: no data \u2014 filled with unit white noise (posterior uses remaining detectors only)"
      ],
      "indicators": {
        "confidence": "HIGH",
        "ood_percentile": 71.5,
        "bias_region": {
          "q_in_attractor": false,
          "cell": {
            "mc": 10,
            "q": 0.4,
            "theta_jn": 1.57
          },
          "m1_bias": 1.22,
          "dl_bias": 1.64,
          "severe_mass_bias": false
        },
        "mc_width_frac": 1.684,
        "railing_frac": 0.0323
      },
      "recommendation": "run sampler refinement (compare_to_dynesty) before quoting these posteriors"
    }
  },
  "config": {
    "model_path": "model/lean_npe_v5/best_model.pth",
    "model_epoch": 1,
    "model_val_nll": -0.5088662856258452,
    "premerger": false,
    "device": "mps",
    "num_samples": 3000,
    "rank": 0,
    "seed": 0,
    "event": "GW151226",
    "event_type": "BBH",
    "source": "real",
    "detectors_present": [
      "H1",
      "L1"
    ]
  },
  "reproducibility": {
    "git_commit": "d6c307609f9e58de343f817c5bb3044b3fcc8171",
    "model_path": "model/lean_npe_v5/best_model.pth",
    "model_epoch": 1,
    "model_val_nll": -0.5088662856258452,
    "premerger": false
  },
  "preprocessing": {
    "source": "real",
    "detectors_present": [
      "H1",
      "L1"
    ],
    "warnings": [
      "V1: no data \u2014 filled with unit white noise (posterior uses remaining detectors only)"
    ],
    "quality": {
      "H1": {
        "finite": true,
        "std": 0.9907671213150024,
        "max_abs": 4.321092128753662,
        "excess_kurtosis": -0.0051190853118896484,
        "repeated_frac": 0.0,
        "whitening_norm": 45.69708645162901
      },
      "L1": {
        "finite": true,
        "std": 1.0031466484069824,
        "max_abs": 4.014796733856201,
        "excess_kurtosis": -0.035155534744262695,
        "repeated_frac": 0.0,
        "whitening_norm": 45.946058344444324
      }
    },
    "timings": {
      "preprocess_s": 0.032,
      "gwosc_fetch_s": 4.41
    }
  }
}