{
  "param_names": [
    "mass_1",
    "mass_2",
    "luminosity_distance",
    "ra",
    "dec",
    "theta_jn",
    "psi",
    "phase",
    "geocent_time",
    "a1",
    "a2"
  ],
  "trigger_gps": 1135136350.6,
  "truth": null,
  "summary": {
    "n_samples": 3000,
    "trigger_gps": 1135136350.6,
    "parameters": [
      {
        "param": "mass_1",
        "median": 16.671411514282227,
        "mean": 24.36346536990007,
        "map": 1.0923259258270264,
        "std": 24.01065736295867,
        "ci50%": [
          5.44049072265625,
          34.835018157958984
        ],
        "ci68%": [
          2.249375247955322,
          48.71614166259766
        ],
        "ci90%": [
          1.4753475725650786,
          77.4188926696777
        ],
        "ci95%": [
          1.2425408005714418,
          88.70371227264405
        ]
      },
      {
        "param": "mass_2",
        "median": 2.4769150018692017,
        "mean": 5.549044289986292,
        "map": 1.062209129333496,
        "std": 6.211407863557705,
        "ci50%": [
          1.527923583984375,
          7.948654055595398
        ],
        "ci68%": [
          1.313308629989624,
          9.888761711120607
        ],
        "ci90%": [
          1.0720647394657135,
          14.657609033584594
        ],
        "ci95%": [
          1.0276965886354446,
          17.38944191932679
        ]
      },
      {
        "param": "luminosity_distance",
        "median": 736.4476623535156,
        "mean": 870.8378939870198,
        "map": 240.17701721191406,
        "std": 563.383819777927,
        "ci50%": [
          346.3943328857422,
          1329.7093200683594
        ],
        "ci68%": [
          250.61012512207031,
          1563.179370117188
        ],
        "ci90%": [
          167.79067001342773,
          1867.7248779296874
        ],
        "ci95%": [
          129.14418239593513,
          1969.37103881836
        ]
      },
      {
        "param": "ra",
        "median": 3.2199225425720215,
        "mean": 3.21688040804343,
        "map": 5.886395454406738,
        "std": 1.8026718518271612,
        "ci50%": [
          1.678482860326767,
          4.79724395275116
        ],
        "ci68%": [
          1.1305345392227173,
          5.287596435546876
        ],
        "ci90%": [
          0.3390604168176651,
          5.96035783290863
        ],
        "ci95%": [
          0.1517042715102438,
          6.127985632419587
        ]
      },
      {
        "param": "dec",
        "median": -0.07628220319747925,
        "mean": -0.06206207716464996,
        "map": -0.056259989738464355,
        "std": 0.693556847107141,
        "ci50%": [
          -0.6347962766885757,
          0.4719153046607971
        ],
        "ci68%": [
          -0.8176702928543091,
          0.707589135169983
        ],
        "ci90%": [
          -1.1555749356746674,
          1.0940686225891114
        ],
        "ci95%": [
          -1.2677460998296737,
          1.2077314019203187
        ]
      },
      {
        "param": "theta_jn",
        "median": 1.5315144062042236,
        "mean": 1.5574176068445085,
        "map": 2.554478883743286,
        "std": 0.7799251830392395,
        "ci50%": [
          0.8849851489067078,
          2.230203330516815
        ],
        "ci68%": [
          0.7005540060997008,
          2.4344147396087648
        ],
        "ci90%": [
          0.35895887166261675,
          2.773621952533722
        ],
        "ci95%": [
          0.2420743420720101,
          2.8851303935050963
        ]
      },
      {
        "param": "psi",
        "median": 1.5906577110290527,
        "mean": 1.5901744341533,
        "map": 1.8945921659469604,
        "std": 0.8866965568786422,
        "ci50%": [
          0.8262385129928589,
          2.3490917682647705
        ],
        "ci68%": [
          0.5741988039016723,
          2.610675325393677
        ],
        "ci90%": [
          0.16946339160203927,
          2.973732054233551
        ],
        "ci95%": [
          0.07467843089252717,
          3.0680143237113957
        ]
      },
      {
        "param": "phase",
        "median": 3.0160610675811768,
        "mean": 3.0744607482756936,
        "map": 1.352218747138977,
        "std": 1.8354193364865272,
        "ci50%": [
          1.4201884269714355,
          4.685953497886658
        ],
        "ci68%": [
          0.9182836508750913,
          5.300065097808839
        ],
        "ci90%": [
          0.32369660735130307,
          5.960117125511169
        ],
        "ci95%": [
          0.15656338334083578,
          6.11211439371109
        ]
      },
      {
        "param": "geocent_time",
        "median": 0.09244012832641602,
        "mean": 0.17539580434560775,
        "map": 1.0408223867416382,
        "std": 0.6328905451415539,
        "ci50%": [
          -0.014637202024459839,
          0.49347829818725586
        ],
        "ci68%": [
          -0.17432444572448752,
          0.8546030187606813
        ],
        "ci90%": [
          -1.0974221229553223,
          1.294381511211395
        ],
        "ci95%": [
          -1.3497173964977265,
          1.394277662038803
        ]
      },
      {
        "param": "a1",
        "median": 0.3812519460916519,
        "mean": 0.40516485141714415,
        "map": 0.02696654200553894,
        "std": 0.3263317245024008,
        "ci50%": [
          0.048934206366539,
          0.6984967589378357
        ],
        "ci68%": [
          0.029727156162261962,
          0.8008968591690067
        ],
        "ci90%": [
          0.0076480835676193135,
          0.9271631896495819
        ],
        "ci95%": [
          0.003288234025239948,
          0.9548989668488502
        ]
      },
      {
        "param": "a2",
        "median": 0.04654702544212341,
        "mean": 0.24591764977574349,
        "map": 0.006379663944244385,
        "std": 0.2991768904244961,
        "ci50%": [
          0.025736212730407715,
          0.45513463020324707
        ],
        "ci68%": [
          0.015863672494888303,
          0.6358448457717898
        ],
        "ci90%": [
          0.0042380854487419125,
          0.8585618734359741
        ],
        "ci95%": [
          0.0016238629817962684,
          0.9300858944654464
        ]
      }
    ],
    "diagnostics": {
      "runtime": {
        "preprocess_s": 0.036,
        "gwosc_fetch_s": 4.27,
        "encode_s": 0.011,
        "sampling_s": 3.734,
        "total_s": 8.056
      },
      "memory": {
        "rss_mb": 4132.2,
        "mps_allocated_mb": 128.8
      },
      "n_effective": 3000,
      "boundary_railing_frac": 0.0477,
      "log_prob": {
        "median": -18.107057571411133,
        "max": -3.5071802139282227
      },
      "ood_flags": [
        "V1: no data \u2014 filled with unit white noise (posterior uses remaining detectors only)"
      ],
      "context_ood": {
        "mahalanobis": 7.04,
        "percentile_vs_validation": 67.5
      },
      "verdict": {
        "confidence": "HIGH",
        "reasons": [
          "V1: no data \u2014 filled with unit white noise (posterior uses remaining detectors only)"
        ]
      },
      "refinement": {
        "refine": true,
        "refine_global": true,
        "untrusted_params": [],
        "strong_indicators": [
          "chirp-mass posterior uninformative (90% width 285% of median)"
        ],
        "moderate_indicators": [
          "V1: no data \u2014 filled with unit white noise (posterior uses remaining detectors only)"
        ],
        "indicators": {
          "confidence": "HIGH",
          "ood_percentile": 67.5,
          "bias_region": {
            "q_in_attractor": false,
            "cell": {
              "mc": 10,
              "q": 0.4,
              "theta_jn": 1.57
            },
            "m1_bias": 1.22,
            "dl_bias": 1.64,
            "severe_mass_bias": false
          },
          "mc_width_frac": 2.851,
          "railing_frac": 0.0477
        },
        "recommendation": "run sampler refinement (compare_to_dynesty) before quoting these posteriors"
      }
    }
  },
  "covariance": [
    [
      576.7039016352805,
      38.19631763979263,
      5159.1886055946825,
      -2.507664671837549,
      0.3572650213573222,
      -0.3097090109613643,
      -0.3029341334537555,
      -0.15233461413841315,
      -2.4819890857221965,
      2.699446958062473,
      0.8599420058358459
    ],
    [
      38.19631763979263,
      38.59445246495465,
      2178.229910287542,
      -0.07429949387640952,
      0.14685404478055827,
      -0.047525429894945403,
      -0.048455769764585176,
      0.5091424828306227,
      -0.40883685637730904,
      0.4576172176129918,
      0.8898921205014225
    ],
    [
      5159.1886055946825,
      2178.229910287542,
      317507.1641089375,
      15.828706121982865,
      3.670242037210886,
      -8.451742791986879,
      -13.399732482141161,
      15.401834337569902,
      -42.9736847167589,
      73.19094555932037,
      98.82622714764454
    ],
    [
      -2.507664671837549,
      -0.07429949387640952,
      15.828706121982865,
      3.250709375161682,
      0.0011835627658892927,
      0.018900215796183208,
      0.0070373960301675816,
      -0.08919425273908885,
      0.05753310420693331,
      -0.0027185029609457746,
      0.016525771163234754
    ],
    [
      0.3572650213573222,
      0.14685404478055827,
      3.670242037210886,
      0.0011835627658892927,
      0.48118149400053234,
      -0.01105005841090157,
      -0.00832900592648623,
      0.050002607525986786,
      0.008869784153307577,
      -0.0003121103241257809,
      0.002442194575276608
    ],
    [
      -0.3097090109613643,
      -0.047525429894945403,
      -8.451742791986879,
      0.018900215796183208,
      -0.01105005841090157,
      0.6084861198454063,
      0.0014366419897325583,
      -0.05691487985013797,
      -0.0016716797846273975,
      -0.0011147519007257628,
      -0.004057635188009362
    ],
    [
      -0.3029341334537555,
      -0.048455769764585176,
      -13.399732482141161,
      0.0070373960301675816,
      -0.00832900592648623,
      0.0014366419897325583,
      0.7864929482965402,
      0.006062330751628382,
      -0.008056979915165604,
      -0.006223436117010562,
      -0.006362734908564829
    ],
    [
      -0.15233461413841315,
      0.5091424828306227,
      15.401834337569902,
      -0.08919425273908885,
      0.050002607525986786,
      -0.05691487985013797,
      0.006062330751628382,
      3.3698874365608256,
      -0.0013229130343534513,
      0.009495794825196791,
      -0.0010927136999952208
    ],
    [
      -2.4819890857221965,
      -0.40883685637730904,
      -42.9736847167589,
      0.05753310420693331,
      0.008869784153307577,
      -0.0016716797846273975,
      -0.008056979915165604,
      -0.0013229130343534513,
      0.40068400346406124,
      -0.011080035454072545,
      -0.012475508581929314
    ],
    [
      2.699446958062473,
      0.4576172176129918,
      73.19094555932037,
      -0.0027185029609457746,
      -0.0003121103241257809,
      -0.0011147519007257628,
      -0.006223436117010562,
      0.009495794825196791,
      -0.011080035454072545,
      0.10652790371794996,
      0.026168576587834388
    ],
    [
      0.8599420058358459,
      0.8898921205014225,
      98.82622714764454,
      0.016525771163234754,
      0.002442194575276608,
      -0.004057635188009362,
      -0.006362734908564829,
      -0.0010927136999952208,
      -0.012475508581929314,
      0.026168576587834388,
      0.08953665731650971
    ]
  ],
  "correlation": [
    [
      0.9999999999999999,
      0.2560251383275931,
      0.3812661030353519,
      -0.05791671819491335,
      0.021446656453036117,
      -0.01653301495188308,
      -0.014224085343808701,
      -0.0034555283056076917,
      -0.1632760255949826,
      0.3444027916457685,
      0.11967192593534716
    ],
    [
      0.2560251383275931,
      0.9999999999999999,
      0.622249434707796,
      -0.0066333718202747066,
      0.03407760091842035,
      -0.00980704739148495,
      -0.008794995844038906,
      0.04464462679077474,
      -0.10396486549686837,
      0.2256878730884336,
      0.4787121838131969
    ],
    [
      0.3812661030353519,
      0.622249434707796,
      1.0,
      0.015580435027387509,
      0.00938995438421265,
      -0.019228445223018767,
      -0.026814638534110608,
      0.01488976988805453,
      -0.12048273747769786,
      0.397968687619616,
      0.5861314337931443
    ],
    [
      -0.05791671819491335,
      -0.0066333718202747066,
      0.015580435027387507,
      1.0,
      0.0009463412350493041,
      0.01343854818773494,
      0.004401244579887528,
      -0.02694884163251671,
      0.050411280948748104,
      -0.004619649731787175,
      0.03063177930736474
    ],
    [
      0.021446656453036117,
      0.03407760091842035,
      0.00938995438421265,
      0.0009463412350493041,
      1.0,
      -0.020421365464021207,
      -0.013539146777579905,
      0.03926725087118573,
      0.020200289382879804,
      -0.0013785482970559834,
      0.011765905764701825
    ],
    [
      -0.01653301495188308,
      -0.009807047391484951,
      -0.019228445223018767,
      0.01343854818773494,
      -0.02042136546402121,
      0.9999999999999999,
      0.002076709746533657,
      -0.03974594142084499,
      -0.0033855306539526567,
      -0.00437845804955768,
      -0.01738390026622438
    ],
    [
      -0.014224085343808701,
      -0.008794995844038906,
      -0.02681463853411061,
      0.004401244579887528,
      -0.013539146777579905,
      0.002076709746533657,
      0.9999999999999999,
      0.003723784272442505,
      -0.014352377945757928,
      -0.02150062719430772,
      -0.023977062460128578
    ],
    [
      -0.0034555283056076917,
      0.04464462679077473,
      0.01488976988805453,
      -0.026948841632516714,
      0.03926725087118573,
      -0.039745941420844984,
      0.003723784272442505,
      1.0,
      -0.0011384726347629626,
      0.015848637591191633,
      -0.0019892907008505953
    ],
    [
      -0.1632760255949826,
      -0.10396486549686836,
      -0.12048273747769786,
      0.05041128094874811,
      0.0202002893828798,
      -0.003385530653952657,
      -0.014352377945757926,
      -0.0011384726347629626,
      1.0,
      -0.05363008155289025,
      -0.06586532190429309
    ],
    [
      0.34440279164576854,
      0.22568787308843363,
      0.39796868761961607,
      -0.004619649731787176,
      -0.0013785482970559832,
      -0.00437845804955768,
      -0.02150062719430772,
      0.015848637591191633,
      -0.05363008155289025,
      0.9999999999999998,
      0.2679464277514909
    ],
    [
      0.11967192593534716,
      0.47871218381319697,
      0.5861314337931443,
      0.030631779307364736,
      0.011765905764701825,
      -0.01738390026622438,
      -0.023977062460128578,
      -0.0019892907008505953,
      -0.06586532190429309,
      0.26794642775149097,
      1.0
    ]
  ],
  "diagnostics": {
    "runtime": {
      "preprocess_s": 0.036,
      "gwosc_fetch_s": 4.27,
      "encode_s": 0.011,
      "sampling_s": 3.734,
      "total_s": 8.056
    },
    "memory": {
      "rss_mb": 4132.2,
      "mps_allocated_mb": 128.8
    },
    "n_effective": 3000,
    "boundary_railing_frac": 0.0477,
    "log_prob": {
      "median": -18.107057571411133,
      "max": -3.5071802139282227
    },
    "ood_flags": [
      "V1: no data \u2014 filled with unit white noise (posterior uses remaining detectors only)"
    ],
    "context_ood": {
      "mahalanobis": 7.04,
      "percentile_vs_validation": 67.5
    },
    "verdict": {
      "confidence": "HIGH",
      "reasons": [
        "V1: no data \u2014 filled with unit white noise (posterior uses remaining detectors only)"
      ]
    },
    "refinement": {
      "refine": true,
      "refine_global": true,
      "untrusted_params": [],
      "strong_indicators": [
        "chirp-mass posterior uninformative (90% width 285% of median)"
      ],
      "moderate_indicators": [
        "V1: no data \u2014 filled with unit white noise (posterior uses remaining detectors only)"
      ],
      "indicators": {
        "confidence": "HIGH",
        "ood_percentile": 67.5,
        "bias_region": {
          "q_in_attractor": false,
          "cell": {
            "mc": 10,
            "q": 0.4,
            "theta_jn": 1.57
          },
          "m1_bias": 1.22,
          "dl_bias": 1.64,
          "severe_mass_bias": false
        },
        "mc_width_frac": 2.851,
        "railing_frac": 0.0477
      },
      "recommendation": "run sampler refinement (compare_to_dynesty) before quoting these posteriors"
    }
  },
  "config": {
    "model_path": "model/lean_v7_aux/best_model.pth",
    "model_epoch": 7,
    "model_val_nll": -0.04277825942263007,
    "premerger": false,
    "device": "mps",
    "num_samples": 3000,
    "rank": 0,
    "seed": 0,
    "event": "GW151226",
    "event_type": "BBH",
    "source": "real",
    "detectors_present": [
      "H1",
      "L1"
    ]
  },
  "reproducibility": {
    "git_commit": "995121aff136ae38385b8720269d5a16cb7438f5",
    "model_path": "model/lean_v7_aux/best_model.pth",
    "model_epoch": 7,
    "model_val_nll": -0.04277825942263007,
    "premerger": false
  },
  "preprocessing": {
    "source": "real",
    "detectors_present": [
      "H1",
      "L1"
    ],
    "warnings": [
      "V1: no data \u2014 filled with unit white noise (posterior uses remaining detectors only)"
    ],
    "quality": {
      "H1": {
        "finite": true,
        "std": 0.9907671213150024,
        "max_abs": 4.321092128753662,
        "excess_kurtosis": -0.0051190853118896484,
        "repeated_frac": 0.0,
        "whitening_norm": 45.69708645162901
      },
      "L1": {
        "finite": true,
        "std": 1.0031466484069824,
        "max_abs": 4.014796733856201,
        "excess_kurtosis": -0.035155534744262695,
        "repeated_frac": 0.0,
        "whitening_norm": 45.946058344444324
      }
    },
    "timings": {
      "preprocess_s": 0.036,
      "gwosc_fetch_s": 4.27
    }
  }
}