{
  "param_names": [
    "mass_1",
    "mass_2",
    "luminosity_distance",
    "ra",
    "dec",
    "theta_jn",
    "psi",
    "phase",
    "geocent_time",
    "a1",
    "a2"
  ],
  "trigger_gps": 1185389807.3,
  "truth": null,
  "summary": {
    "n_samples": 3000,
    "trigger_gps": 1185389807.3,
    "parameters": [
      {
        "param": "mass_1",
        "median": 61.83994674682617,
        "mean": 59.366398847818374,
        "map": 29.975500106811523,
        "std": 22.31102578998337,
        "ci50%": [
          43.35777187347412,
          76.15405464172363
        ],
        "ci68%": [
          31.27331932067871,
          82.81775604248047
        ],
        "ci90%": [
          29.088344478607176,
          91.82492942810057
        ],
        "ci95%": [
          2.3700225412845617,
          94.33890323638917
        ]
      },
      {
        "param": "mass_2",
        "median": 30.55196762084961,
        "mean": 34.328342532992366,
        "map": 29.526206970214844,
        "std": 16.568785153719865,
        "ci50%": [
          24.588550567626953,
          44.13676738739014
        ],
        "ci68%": [
          20.525910339355466,
          50.746481018066405
        ],
        "ci90%": [
          2.554057586193084,
          64.78390159606933
        ],
        "ci95%": [
          1.562030869722367,
          70.77550525665283
        ]
      },
      {
        "param": "luminosity_distance",
        "median": 1527.5139770507812,
        "mean": 1491.0975241063436,
        "map": 1312.41552734375,
        "std": 424.89761451934817,
        "ci50%": [
          1282.8671264648438,
          1812.1638488769531
        ],
        "ci68%": [
          1147.0395849609374,
          1916.4501416015628
        ],
        "ci90%": [
          622.697183227539,
          2040.6317138671873
        ],
        "ci95%": [
          279.20556030273474,
          2086.9911254882813
        ]
      },
      {
        "param": "ra",
        "median": 3.623399257659912,
        "mean": 3.450693524308403,
        "map": 0.025833308696746826,
        "std": 2.07536818984948,
        "ci50%": [
          1.5516867637634277,
          5.444659471511841
        ],
        "ci68%": [
          0.9275766062736508,
          5.932465190887451
        ],
        "ci90%": [
          0.07856760807335375,
          6.273817014694214
        ],
        "ci95%": [
          0.00862620302941651,
          6.2786864876747135
        ]
      },
      {
        "param": "dec",
        "median": -0.0019562840461730957,
        "mean": -0.01793491224447886,
        "map": 0.12327289581298828,
        "std": 0.5978035379889879,
        "ci50%": [
          -0.4218480885028839,
          0.38695624470710754
        ],
        "ci68%": [
          -0.6395948171615602,
          0.5842098569869997
        ],
        "ci90%": [
          -1.0518555223941803,
          1.018089699745178
        ],
        "ci95%": [
          -1.1867121696472167,
          1.161187118291855
        ]
      },
      {
        "param": "theta_jn",
        "median": 1.2155185341835022,
        "mean": 1.2259088737872323,
        "map": 0.012269693426787853,
        "std": 0.6995494855966884,
        "ci50%": [
          0.8207689523696899,
          1.701095700263977
        ],
        "ci68%": [
          0.5281580305099487,
          1.9511624383926398
        ],
        "ci90%": [
          0.004074524343013763,
          2.3939524888992305
        ],
        "ci95%": [
          0.0003558729840733596,
          2.5916272521018984
        ]
      },
      {
        "param": "psi",
        "median": 1.7287698984146118,
        "mean": 1.6963215753947345,
        "map": 0.016382623463869095,
        "std": 1.0011016592123696,
        "ci50%": [
          0.8216132968664169,
          2.6011494398117065
        ],
        "ci68%": [
          0.4907523679733276,
          2.9321129608154295
        ],
        "ci90%": [
          0.10245116911828515,
          3.135875129699707
        ],
        "ci95%": [
          0.04957487704232337,
          3.137329077720642
        ]
      },
      {
        "param": "phase",
        "median": 2.745524764060974,
        "mean": 2.8438165587116697,
        "map": 0.04539512097835541,
        "std": 2.013454814772327,
        "ci50%": [
          1.044706791639328,
          4.516923308372498
        ],
        "ci68%": [
          0.37945209264755236,
          5.287318325042727
        ],
        "ci90%": [
          0.01673646625131368,
          6.1832753896713255
        ],
        "ci95%": [
          0.008243770804256203,
          6.274086499214173
        ]
      },
      {
        "param": "geocent_time",
        "median": 0.017232239246368408,
        "mean": 0.03797830631335576,
        "map": 0.06345582008361816,
        "std": 0.27493702798785,
        "ci50%": [
          -0.014750182628631592,
          0.05803951621055603
        ],
        "ci68%": [
          -0.03162411689758301,
          0.08637386322021487
        ],
        "ci90%": [
          -0.12059969305992131,
          0.4119430661201474
        ],
        "ci95%": [
          -0.4454475641250589,
          0.8010323405265817
        ]
      },
      {
        "param": "a1",
        "median": 0.1504092961549759,
        "mean": 0.25939816546440125,
        "map": 0.001681894063949585,
        "std": 0.27251747970477386,
        "ci50%": [
          0.02649170160293579,
          0.43146906793117523
        ],
        "ci68%": [
          0.005086236000061034,
          0.5931143283843997
        ],
        "ci90%": [
          0.0,
          0.8148565292358384
        ],
        "ci95%": [
          0.0,
          0.89567891061306
        ]
      },
      {
        "param": "a2",
        "median": 0.35323356091976166,
        "mean": 0.3886332251528899,
        "map": 0.004691064357757568,
        "std": 0.3117673700056703,
        "ci50%": [
          0.07294489443302155,
          0.6594445705413818
        ],
        "ci68%": [
          0.020761001110076897,
          0.7614550471305849
        ],
        "ci90%": [
          0.0,
          0.9179333299398421
        ],
        "ci95%": [
          0.0,
          0.9659641146659851
        ]
      }
    ],
    "diagnostics": {
      "runtime": {
        "preprocess_s": 0.067,
        "gwosc_fetch_s": 5.58,
        "encode_s": 0.307,
        "sampling_s": 3.592,
        "total_s": 9.55
      },
      "memory": {
        "rss_mb": 2291.9,
        "mps_allocated_mb": 125.4
      },
      "n_effective": 3000,
      "boundary_railing_frac": 0.1537,
      "log_prob": {
        "median": -20.103954315185547,
        "max": 3.0801239013671875
      },
      "ood_flags": [
        "15.4% of samples rail at the parameter bounds \u2014 the event may lie outside the training prior (out-of-distribution)"
      ],
      "context_ood": {
        "mahalanobis": 9.69,
        "percentile_vs_validation": 97.6
      },
      "verdict": {
        "confidence": "MEDIUM",
        "reasons": [
          "15% boundary railing"
        ]
      },
      "refinement": {
        "refine": true,
        "refine_global": true,
        "untrusted_params": [
          "mass_1",
          "mass_2"
        ],
        "strong_indicators": [
          "chirp-mass posterior uninformative (90% width 140% of median)"
        ],
        "moderate_indicators": [
          "confidence MEDIUM",
          "15% boundary railing"
        ],
        "indicators": {
          "confidence": "MEDIUM",
          "ood_percentile": 97.6,
          "bias_region": {
            "q_in_attractor": true,
            "cell": {
              "mc": 45,
              "q": 0.4,
              "theta_jn": 1.57
            },
            "m1_bias": 1.02,
            "dl_bias": 1.92,
            "severe_mass_bias": false
          },
          "mc_width_frac": 1.403,
          "railing_frac": 0.1537
        },
        "recommendation": "run sampler refinement (compare_to_dynesty) before quoting these posteriors"
      }
    }
  },
  "covariance": [
    [
      497.94785441944293,
      126.91877616114728,
      3901.613868632041,
      -6.3375131200617405,
      0.3936121812219989,
      5.402246487055914,
      -5.3068961692312,
      2.7902453213334786,
      -0.4795754022661844,
      1.8247443739505267,
      2.23452432561645
    ],
    [
      126.91877616114728,
      274.6161801968595,
      3675.7656330293544,
      -0.9673385554055272,
      -0.14163748376589294,
      1.339072237583467,
      -1.5413684652796291,
      1.512269659446067,
      -0.2387377370407429,
      1.4622153480087925,
      0.9924628458237954
    ],
    [
      3901.613868632041,
      3675.7656330293544,
      180598.18221830498,
      10.900057556010214,
      -1.6453794291450077,
      15.626560909984677,
      -53.28187746088529,
      53.338989027067285,
      -1.8946733085239602,
      28.416374551441375,
      29.175929735743118
    ],
    [
      -6.3375131200617405,
      -0.9673385554055272,
      10.900057556010214,
      4.308589319879056,
      0.011266944347011464,
      -0.1416938838345472,
      0.23328529678500304,
      -0.31251765091590916,
      -0.010522948390540833,
      -0.043005805497391324,
      -0.009284433953657372
    ],
    [
      0.3936121812219989,
      -0.14163748376589294,
      -1.6453794291450077,
      0.011266944347011464,
      0.35748823277641045,
      -0.002517437929438566,
      -0.009750876342980752,
      0.028107467320908637,
      0.01209251388463442,
      -0.0019049651064427277,
      0.006009917455465874
    ],
    [
      5.402246487055914,
      1.339072237583467,
      15.626560909984677,
      -0.1416938838345472,
      -0.002517437929438566,
      0.48953266035204146,
      -0.1963649030097464,
      0.13036952215899372,
      0.0035686025219981024,
      0.051078864061885665,
      0.05289659182067367
    ],
    [
      -5.3068961692312,
      -1.5413684652796291,
      -53.28187746088529,
      0.23328529678500304,
      -0.009750876342980752,
      -0.1963649030097464,
      1.0025387116483082,
      -0.15678696795644095,
      0.004240826714832322,
      -0.04793947151480341,
      -0.07981142667809138
    ],
    [
      2.7902453213334786,
      1.512269659446067,
      53.338989027067285,
      -0.31251765091590916,
      0.028107467320908637,
      0.13036952215899372,
      -0.15678696795644095,
      4.055352075154916,
      0.01242107824801999,
      0.025602986094854143,
      0.044717840148574606
    ],
    [
      -0.4795754022661844,
      -0.2387377370407429,
      -1.8946733085239602,
      -0.010522948390540833,
      0.01209251388463442,
      0.0035686025219981024,
      0.004240826714832322,
      0.01242107824801999,
      0.07561557455030869,
      -0.0033130426094076368,
      -0.0028720356228131103
    ],
    [
      1.8247443739505267,
      1.4622153480087925,
      28.416374551441375,
      -0.043005805497391324,
      -0.0019049651064427277,
      0.051078864061885665,
      -0.04793947151480341,
      0.025602986094854143,
      -0.0033130426094076368,
      0.07429054025806134,
      0.018073538506606073
    ],
    [
      2.23452432561645,
      0.9924628458237954,
      29.175929735743118,
      -0.009284433953657372,
      0.006009917455465874,
      0.05289659182067367,
      -0.07981142667809138,
      0.044717840148574606,
      -0.0028720356228131103,
      0.018073538506606073,
      0.09723130343473124
    ]
  ],
  "correlation": [
    [
      1.0,
      0.34321865255998385,
      0.4114297258118166,
      -0.13682308816305946,
      0.02950161030616308,
      0.3460123714587629,
      -0.2375188502297382,
      0.0620920750342857,
      -0.07815546275113623,
      0.3000152579352772,
      0.32113681834855823
    ],
    [
      0.34321865255998385,
      1.0,
      0.5219489937144995,
      -0.028122108959966783,
      -0.01429500350904699,
      0.1154915231509657,
      -0.09289510563193977,
      0.045316034188997226,
      -0.052390480757564514,
      0.32372893521062557,
      0.19206496103220475
    ],
    [
      0.4114297258118166,
      0.5219489937144995,
      0.9999999999999999,
      0.012356758346725094,
      -0.006475577427676098,
      0.05255522330282814,
      -0.1252195839302859,
      0.06232665369505603,
      -0.016213322502676666,
      0.24532692925773253,
      0.22017345788832896
    ],
    [
      -0.13682308816305946,
      -0.028122108959966783,
      0.012356758346725094,
      1.0,
      0.009078366747113199,
      -0.09756470104614948,
      0.11224557823087856,
      -0.07476403268327625,
      -0.018435896526085144,
      -0.07601385844652975,
      -0.01434448058391975
    ],
    [
      0.029501610306163082,
      -0.014295003509046991,
      -0.006475577427676098,
      0.009078366747113199,
      1.0,
      -0.006017790435831886,
      -0.016287791368383243,
      0.0233440689160776,
      0.07354956204351587,
      -0.01168932386094268,
      0.03223551238880459
    ],
    [
      0.3460123714587629,
      0.1154915231509657,
      0.05255522330282814,
      -0.09756470104614948,
      -0.0060177904358318865,
      0.9999999999999999,
      -0.28029958560652024,
      0.0925275271182702,
      0.018548197595011952,
      0.26784505704648204,
      0.24245648292738572
    ],
    [
      -0.23751885022973818,
      -0.09289510563193978,
      -0.1252195839302859,
      0.11224557823087855,
      -0.016287791368383243,
      -0.28029958560652024,
      0.9999999999999998,
      -0.07775800393680696,
      0.015402610146516383,
      -0.17566122542010998,
      -0.2556297790469915
    ],
    [
      0.0620920750342857,
      0.045316034188997226,
      0.06232665369505603,
      -0.07476403268327625,
      0.0233440689160776,
      0.0925275271182702,
      -0.07775800393680696,
      1.0,
      0.02243052234505591,
      0.046645481425915084,
      0.07121368890762851
    ],
    [
      -0.07815546275113622,
      -0.05239048075756451,
      -0.016213322502676666,
      -0.018435896526085144,
      0.07354956204351587,
      0.018548197595011952,
      0.015402610146516383,
      0.02243052234505591,
      1.0,
      -0.04420329410252361,
      -0.0334950893192312
    ],
    [
      0.3000152579352772,
      0.3237289352106255,
      0.24532692925773256,
      -0.07601385844652975,
      -0.01168932386094268,
      0.26784505704648204,
      -0.17566122542010998,
      0.046645481425915084,
      -0.04420329410252361,
      1.0,
      0.21265391204452347
    ],
    [
      0.32113681834855823,
      0.19206496103220475,
      0.22017345788832898,
      -0.01434448058391975,
      0.03223551238880459,
      0.24245648292738575,
      -0.2556297790469915,
      0.0712136889076285,
      -0.033495089319231196,
      0.21265391204452347,
      0.9999999999999998
    ]
  ],
  "diagnostics": {
    "runtime": {
      "preprocess_s": 0.067,
      "gwosc_fetch_s": 5.58,
      "encode_s": 0.307,
      "sampling_s": 3.592,
      "total_s": 9.55
    },
    "memory": {
      "rss_mb": 2291.9,
      "mps_allocated_mb": 125.4
    },
    "n_effective": 3000,
    "boundary_railing_frac": 0.1537,
    "log_prob": {
      "median": -20.103954315185547,
      "max": 3.0801239013671875
    },
    "ood_flags": [
      "15.4% of samples rail at the parameter bounds \u2014 the event may lie outside the training prior (out-of-distribution)"
    ],
    "context_ood": {
      "mahalanobis": 9.69,
      "percentile_vs_validation": 97.6
    },
    "verdict": {
      "confidence": "MEDIUM",
      "reasons": [
        "15% boundary railing"
      ]
    },
    "refinement": {
      "refine": true,
      "refine_global": true,
      "untrusted_params": [
        "mass_1",
        "mass_2"
      ],
      "strong_indicators": [
        "chirp-mass posterior uninformative (90% width 140% of median)"
      ],
      "moderate_indicators": [
        "confidence MEDIUM",
        "15% boundary railing"
      ],
      "indicators": {
        "confidence": "MEDIUM",
        "ood_percentile": 97.6,
        "bias_region": {
          "q_in_attractor": true,
          "cell": {
            "mc": 45,
            "q": 0.4,
            "theta_jn": 1.57
          },
          "m1_bias": 1.02,
          "dl_bias": 1.92,
          "severe_mass_bias": false
        },
        "mc_width_frac": 1.403,
        "railing_frac": 0.1537
      },
      "recommendation": "run sampler refinement (compare_to_dynesty) before quoting these posteriors"
    }
  },
  "config": {
    "model_path": "model/lean_v8_psdcond/best_model.pth",
    "model_epoch": 17,
    "model_val_nll": 1.005021550040692,
    "premerger": false,
    "psd_cond": true,
    "device": "mps",
    "num_samples": 3000,
    "rank": 0,
    "seed": 0,
    "event": "GW170729",
    "event_type": "BBH",
    "source": "real",
    "detectors_present": [
      "H1",
      "L1",
      "V1"
    ]
  },
  "reproducibility": {
    "git_commit": "995121aff136ae38385b8720269d5a16cb7438f5",
    "model_path": "model/lean_v8_psdcond/best_model.pth",
    "model_epoch": 17,
    "model_val_nll": 1.005021550040692,
    "premerger": false
  },
  "preprocessing": {
    "source": "real",
    "detectors_present": [
      "H1",
      "L1",
      "V1"
    ],
    "warnings": [],
    "quality": {
      "H1": {
        "finite": true,
        "std": 0.8325052261352539,
        "max_abs": 3.5362794399261475,
        "excess_kurtosis": -0.0862574577331543,
        "repeated_frac": 0.0,
        "whitening_norm": 55.20578069909997
      },
      "L1": {
        "finite": true,
        "std": 1.0004900693893433,
        "max_abs": 3.766390800476074,
        "excess_kurtosis": -0.02658224105834961,
        "repeated_frac": 0.0,
        "whitening_norm": 45.82605603526463
      },
      "V1": {
        "finite": true,
        "std": 1.0305571556091309,
        "max_abs": 4.923017501831055,
        "excess_kurtosis": 0.22036957740783691,
        "repeated_frac": 0.0,
        "whitening_norm": 46.84303252466765
      }
    },
    "timings": {
      "preprocess_s": 0.067,
      "gwosc_fetch_s": 5.58
    }
  }
}