approximant_distribution:
  IMRPhenomD: 2326
  IMRPhenomD_NRTidal: 1824
  IMRPhenomPv2: 19709
  IMRPhenomPv2_NRTidal: 3289
  SEOBNRv4: 2243
bbh_count: 24278
bbh_percentage: 82.60351808376714
bns_count: 3056
bns_percentage: 10.397740805008336
data_type_distribution:
  extreme_scenarios: 600
  high_snr_pristine: 150
  low_snr_challenge: 300
  pure_synthetic: 5250
  real_augmented_multi: 2250
  real_augmented_single: 3000
  real_background: 1200
  synthetic_colored_noise: 2250
difficulty_distribution:
  easy: 824
  extreme: 2517
  hard: 5171
  medium: 20879
ns_mass_range:
  max: 2.499369316211949
  min: 1.0
ns_percentage: 17.39648191623286
nsbh_count: 2057
nsbh_percentage: 6.998741111224524
tidal_approximants: 5113
total_scenarios: 15000
