{
  "param_names": [
    "mass_1",
    "mass_2",
    "luminosity_distance",
    "ra",
    "dec",
    "theta_jn",
    "psi",
    "phase",
    "geocent_time",
    "a1",
    "a2"
  ],
  "trigger_gps": 1180922494.5,
  "truth": null,
  "summary": {
    "n_samples": 3000,
    "trigger_gps": 1180922494.5,
    "parameters": [
      {
        "param": "mass_1",
        "median": 21.678762435913086,
        "mean": 30.175124224066735,
        "map": 1.037459135055542,
        "std": 27.168671436699235,
        "ci50%": [
          7.689407229423523,
          47.773054122924805
        ],
        "ci68%": [
          2.515499715805053,
          61.743068847656275
        ],
        "ci90%": [
          1.5147951245307922,
          86.53422698974605
        ],
        "ci95%": [
          1.2587437152862553,
          92.52670288085938
        ]
      },
      {
        "param": "mass_2",
        "median": 7.218667030334473,
        "mean": 11.195515938162803,
        "map": 1.0216820240020752,
        "std": 12.802185713269475,
        "ci50%": [
          1.9832008481025696,
          14.342888355255127
        ],
        "ci68%": [
          1.544823246002197,
          20.43988578796387
        ],
        "ci90%": [
          1.095502907037735,
          38.12389469146726
        ],
        "ci95%": [
          1.0251117378473282,
          48.78428936004639
        ]
      },
      {
        "param": "luminosity_distance",
        "median": 525.5414123535156,
        "mean": 662.2628531125387,
        "map": 40.79371643066406,
        "std": 516.8121657316741,
        "ci50%": [
          233.48570251464844,
          972.7435455322266
        ],
        "ci68%": [
          157.67665283203124,
          1232.7993164062505
        ],
        "ci90%": [
          82.03055877685547,
          1717.0969909667967
        ],
        "ci95%": [
          59.498568820953416,
          1918.4060455322267
        ]
      },
      {
        "param": "ra",
        "median": 4.0245256423950195,
        "mean": 3.7496142886726496,
        "map": 4.495278358459473,
        "std": 1.3786010456864575,
        "ci50%": [
          3.054912745952606,
          4.7092814445495605
        ],
        "ci68%": [
          2.554842309951782,
          4.941550407409668
        ],
        "ci90%": [
          0.6223866105079644,
          5.607090258598327
        ],
        "ci95%": [
          0.21739640757441628,
          5.971751153469086
        ]
      },
      {
        "param": "dec",
        "median": 0.0720636248588562,
        "mean": 0.12457248357931773,
        "map": -0.3711198568344116,
        "std": 0.6076554959518273,
        "ci50%": [
          -0.3599133789539337,
          0.5580975413322449
        ],
        "ci68%": [
          -0.49650626659393315,
          0.8082051420211795
        ],
        "ci90%": [
          -0.7479671150445939,
          1.1944586038589473
        ],
        "ci95%": [
          -0.8954840973019597,
          1.3125520169734968
        ]
      },
      {
        "param": "theta_jn",
        "median": 1.434236228466034,
        "mean": 1.4731171287961673,
        "map": 1.7437044382095337,
        "std": 0.7516113327319456,
        "ci50%": [
          0.8683560788631439,
          2.067220151424408
        ],
        "ci68%": [
          0.6440651988983154,
          2.324031372070313
        ],
        "ci90%": [
          0.29685380607843387,
          2.712968277931213
        ],
        "ci95%": [
          0.1672927986830473,
          2.832791900634766
        ]
      },
      {
        "param": "psi",
        "median": 1.560265064239502,
        "mean": 1.571743119592851,
        "map": 0.2763003408908844,
        "std": 0.9162442156443538,
        "ci50%": [
          0.7955317050218582,
          2.3674888014793396
        ],
        "ci68%": [
          0.5256406354904175,
          2.6428278541564945
        ],
        "ci90%": [
          0.13876331374049183,
          3.020005536079407
        ],
        "ci95%": [
          0.05970422513782987,
          3.0867141604423525
        ]
      },
      {
        "param": "phase",
        "median": 3.166756272315979,
        "mean": 3.113372833132249,
        "map": 5.7948784828186035,
        "std": 1.828955841479495,
        "ci50%": [
          1.5449323058128357,
          4.6625425815582275
        ],
        "ci68%": [
          0.9090274500846862,
          5.212153701782227
        ],
        "ci90%": [
          0.2379337154328821,
          5.9715146064758295
        ],
        "ci95%": [
          0.10611574631184348,
          6.134700632095337
        ]
      },
      {
        "param": "geocent_time",
        "median": -0.3783150911331177,
        "mean": -0.251332327624162,
        "map": 0.23564660549163818,
        "std": 0.7750317296858807,
        "ci50%": [
          -0.8704530745744705,
          0.2867925763130188
        ],
        "ci68%": [
          -1.044837875366211,
          0.6661938333511354
        ],
        "ci90%": [
          -1.3215377867221834,
          1.2029283046722392
        ],
        "ci95%": [
          -1.4198613077402114,
          1.3646555066108708
        ]
      },
      {
        "param": "a1",
        "median": 0.38836055994033813,
        "mean": 0.41189257746934893,
        "map": 0.014328867197036743,
        "std": 0.31896393539081974,
        "ci50%": [
          0.0751747190952301,
          0.6962708979845047
        ],
        "ci68%": [
          0.032121422290802,
          0.7976596570014954
        ],
        "ci90%": [
          0.00950863659381866,
          0.9309103906154632
        ],
        "ci95%": [
          0.0036898821592330944,
          0.9645801708102226
        ]
      },
      {
        "param": "a2",
        "median": 0.2413439154624939,
        "mean": 0.33456662209828697,
        "map": 0.024929583072662354,
        "std": 0.32087234409535514,
        "ci50%": [
          0.03394727408885956,
          0.6158687025308609
        ],
        "ci68%": [
          0.020951390266418457,
          0.745561637878418
        ],
        "ci90%": [
          0.0057749330997467025,
          0.9088360488414764
        ],
        "ci95%": [
          0.0028153106570243864,
          0.9499772369861603
        ]
      }
    ],
    "diagnostics": {
      "runtime": {
        "preprocess_s": 0.055,
        "gwosc_fetch_s": 4.63,
        "encode_s": 0.008,
        "sampling_s": 1.595,
        "total_s": 6.284
      },
      "memory": {
        "rss_mb": 3953.5,
        "mps_allocated_mb": 139.2
      },
      "n_effective": 3000,
      "boundary_railing_frac": 0.051,
      "log_prob": {
        "median": -20.78371238708496,
        "max": 23.914356231689453
      },
      "ood_flags": [
        "V1: no data \u2014 filled with unit white noise (posterior uses remaining detectors only)",
        "5.1% of samples rail at the parameter bounds \u2014 the event may lie outside the training prior (out-of-distribution)"
      ],
      "context_ood": {
        "mahalanobis": 10.01,
        "percentile_vs_validation": 98.5
      },
      "verdict": {
        "confidence": "MEDIUM",
        "reasons": [
          "5% boundary railing"
        ]
      },
      "refinement": {
        "refine": true,
        "refine_global": true,
        "untrusted_params": [
          "mass_1",
          "mass_2"
        ],
        "strong_indicators": [
          "chirp-mass posterior uninformative (90% width 428% of median)"
        ],
        "moderate_indicators": [
          "confidence MEDIUM",
          "V1: no data \u2014 filled with unit white noise (posterior uses remaining detectors only)",
          "5% boundary railing"
        ],
        "indicators": {
          "confidence": "MEDIUM",
          "ood_percentile": 98.5,
          "bias_region": {
            "q_in_attractor": true,
            "cell": {
              "mc": 10,
              "q": 0.4,
              "theta_jn": 1.57
            },
            "m1_bias": 1.22,
            "dl_bias": 1.64,
            "severe_mass_bias": false
          },
          "mc_width_frac": 4.281,
          "railing_frac": 0.051
        },
        "recommendation": "run sampler refinement (compare_to_dynesty) before quoting these posteriors"
      }
    }
  },
  "covariance": [
    [
      738.3828352470659,
      186.70741157482203,
      7104.236643128724,
      0.05074344319028713,
      -0.010660619461792864,
      0.17426723729159493,
      -0.2902532243285683,
      1.6152487968385438,
      -1.9568273536336556,
      2.265525996115384,
      1.4536787141614251
    ],
    [
      186.70741157482203,
      163.95060924012105,
      4326.91568084652,
      0.27645893232020224,
      0.03871957366216102,
      -0.09381557666780842,
      0.15301634531326538,
      0.30505864177267233,
      -0.6793803806672375,
      0.704426438779164,
      1.2970301401718618
    ],
    [
      7104.236643128724,
      4326.91568084652,
      267183.87594024313,
      -0.3174569381643422,
      -3.692727356960628,
      -10.004884833077304,
      -10.483021477808808,
      18.903493787983287,
      -27.90223110769678,
      44.1517233296656,
      64.79997346722122
    ],
    [
      0.05074344319028713,
      0.27645893232020224,
      -0.3174569381643422,
      1.9011745680238004,
      0.06651790494056588,
      0.02382156966830368,
      -0.0032557042401065786,
      0.012374275783108804,
      0.0072665771926999955,
      0.013886445856661274,
      0.013215222337105424
    ],
    [
      -0.010660619461792864,
      0.03871957366216102,
      -3.692727356960628,
      0.06651790494056588,
      0.3693683245353064,
      -0.004878403509309555,
      -0.023558270275361833,
      0.027832867594197643,
      -0.0038159112318186294,
      -0.002123102824022557,
      0.0007142410834944576
    ],
    [
      0.17426723729159493,
      -0.09381557666780842,
      -10.004884833077304,
      0.02382156966830368,
      -0.004878403509309555,
      0.5651079648126961,
      -0.02373658689982763,
      -0.007014815230735413,
      0.0032358658722655624,
      0.0008404039216808515,
      0.004378890132196296
    ],
    [
      -0.2902532243285683,
      0.15301634531326538,
      -10.483021477808808,
      -0.0032557042401065786,
      -0.023558270275361833,
      -0.02373658689982763,
      0.8397833904985706,
      0.009979652574080114,
      0.007020266719672225,
      -0.004443977206615913,
      -0.0015564272521285127
    ],
    [
      1.6152487968385438,
      0.30505864177267233,
      18.903493787983287,
      0.012374275783108804,
      0.027832867594197643,
      -0.007014815230735413,
      0.009979652574080114,
      3.346194868371418,
      0.004880419190233666,
      0.003928828225371836,
      0.009888006323527956
    ],
    [
      -1.9568273536336556,
      -0.6793803806672375,
      -27.90223110769678,
      0.0072665771926999955,
      -0.0038159112318186294,
      0.0032358658722655624,
      0.007020266719672225,
      0.004880419190233666,
      0.6008744735110587,
      -0.01068543620019206,
      -0.008003553480512298
    ],
    [
      2.265525996115384,
      0.704426438779164,
      44.1517233296656,
      0.013886445856661274,
      -0.002123102824022557,
      0.0008404039216808515,
      -0.004443977206615913,
      0.003928828225371836,
      -0.01068543620019206,
      0.10177191605201645,
      0.024708841244843183
    ],
    [
      1.4536787141614251,
      1.2970301401718618,
      64.79997346722122,
      0.013215222337105424,
      0.0007142410834944576,
      0.004378890132196296,
      -0.0015564272521285127,
      0.009888006323527956,
      -0.008003553480512298,
      0.024708841244843183,
      0.10299339233602703
    ]
  ],
  "correlation": [
    [
      1.0,
      0.5366167745693963,
      0.5057914694756237,
      0.001354341351093132,
      -0.0006455231478766791,
      0.008531182565576674,
      -0.011656082598497165,
      0.03249548442793271,
      -0.0929008819723522,
      0.2613450496805188,
      0.16669514592748794
    ],
    [
      0.5366167745693963,
      1.0,
      0.6537576620596638,
      0.015658967075674914,
      0.004975585855432269,
      -0.009746590524873795,
      0.013040602802005493,
      0.013024204312865493,
      -0.06844860575432722,
      0.17245077671382777,
      0.3156376994865527
    ],
    [
      0.5057914694756236,
      0.6537576620596637,
      1.0,
      -0.0004454189628129377,
      -0.0117547202068789,
      -0.025747866976992197,
      -0.02213083052111593,
      0.019992234702624564,
      -0.06963730115908914,
      0.26774943388382877,
      0.39062948740570536
    ],
    [
      0.001354341351093132,
      0.01565896707567491,
      -0.0004454189628129377,
      1.0,
      0.0793775589846069,
      0.02298230916800682,
      -0.002576619603580125,
      0.004906063650170986,
      0.006798717817635036,
      0.03156938573301343,
      0.02986474388908703
    ],
    [
      -0.0006455231478766791,
      0.004975585855432269,
      -0.011754720206878897,
      0.0793775589846069,
      0.9999999999999998,
      -0.010677809796062013,
      -0.04229898389272525,
      0.02503528354158487,
      -0.008099842259509037,
      -0.010950330515835766,
      0.0036619323860604043
    ],
    [
      0.008531182565576674,
      -0.009746590524873797,
      -0.025747866976992197,
      0.022982309168006816,
      -0.010677809796062011,
      0.9999999999999999,
      -0.03445632197448604,
      -0.0051012300298146004,
      0.0055530670856825184,
      0.003504357305859535,
      0.018150711466703776
    ],
    [
      -0.011656082598497165,
      0.013040602802005493,
      -0.02213083052111593,
      -0.002576619603580125,
      -0.04229898389272525,
      -0.03445632197448604,
      1.0,
      0.005953278057553425,
      0.009882756496648552,
      -0.015201071678104557,
      -0.005292251864511897
    ],
    [
      0.03249548442793271,
      0.013024204312865493,
      0.019992234702624564,
      0.004906063650170987,
      0.025035283541584866,
      -0.005101230029814601,
      0.005953278057553425,
      1.0,
      0.0034418317332522274,
      0.006732454875832859,
      0.016843348694511463
    ],
    [
      -0.09290088197235219,
      -0.06844860575432722,
      -0.06963730115908914,
      0.006798717817635036,
      -0.008099842259509037,
      0.0055530670856825184,
      0.009882756496648552,
      0.0034418317332522274,
      1.0,
      -0.043210212568730956,
      -0.03217260985856685
    ],
    [
      0.26134504968051875,
      0.17245077671382777,
      0.26774943388382877,
      0.03156938573301343,
      -0.010950330515835768,
      0.003504357305859535,
      -0.015201071678104555,
      0.006732454875832859,
      -0.043210212568730956,
      1.0,
      0.2413424527170253
    ],
    [
      0.16669514592748796,
      0.3156376994865527,
      0.3906294874057054,
      0.029864743889087032,
      0.0036619323860604047,
      0.018150711466703776,
      -0.005292251864511897,
      0.016843348694511463,
      -0.03217260985856684,
      0.24134245271702534,
      1.0
    ]
  ],
  "diagnostics": {
    "runtime": {
      "preprocess_s": 0.055,
      "gwosc_fetch_s": 4.63,
      "encode_s": 0.008,
      "sampling_s": 1.595,
      "total_s": 6.284
    },
    "memory": {
      "rss_mb": 3953.5,
      "mps_allocated_mb": 139.2
    },
    "n_effective": 3000,
    "boundary_railing_frac": 0.051,
    "log_prob": {
      "median": -20.78371238708496,
      "max": 23.914356231689453
    },
    "ood_flags": [
      "V1: no data \u2014 filled with unit white noise (posterior uses remaining detectors only)",
      "5.1% of samples rail at the parameter bounds \u2014 the event may lie outside the training prior (out-of-distribution)"
    ],
    "context_ood": {
      "mahalanobis": 10.01,
      "percentile_vs_validation": 98.5
    },
    "verdict": {
      "confidence": "MEDIUM",
      "reasons": [
        "5% boundary railing"
      ]
    },
    "refinement": {
      "refine": true,
      "refine_global": true,
      "untrusted_params": [
        "mass_1",
        "mass_2"
      ],
      "strong_indicators": [
        "chirp-mass posterior uninformative (90% width 428% of median)"
      ],
      "moderate_indicators": [
        "confidence MEDIUM",
        "V1: no data \u2014 filled with unit white noise (posterior uses remaining detectors only)",
        "5% boundary railing"
      ],
      "indicators": {
        "confidence": "MEDIUM",
        "ood_percentile": 98.5,
        "bias_region": {
          "q_in_attractor": true,
          "cell": {
            "mc": 10,
            "q": 0.4,
            "theta_jn": 1.57
          },
          "m1_bias": 1.22,
          "dl_bias": 1.64,
          "severe_mass_bias": false
        },
        "mc_width_frac": 4.281,
        "railing_frac": 0.051
      },
      "recommendation": "run sampler refinement (compare_to_dynesty) before quoting these posteriors"
    }
  },
  "config": {
    "model_path": "model/lean_coherentC/best_model.pth",
    "model_epoch": 40,
    "model_val_nll": 1.3679874420166016,
    "premerger": false,
    "psd_cond": true,
    "device": "mps",
    "num_samples": 3000,
    "rank": 0,
    "seed": 0,
    "event": "GW170608",
    "event_type": "BBH",
    "source": "real",
    "detectors_present": [
      "H1",
      "L1"
    ]
  },
  "reproducibility": {
    "git_commit": "995121aff136ae38385b8720269d5a16cb7438f5",
    "model_path": "model/lean_coherentC/best_model.pth",
    "model_epoch": 40,
    "model_val_nll": 1.3679874420166016,
    "premerger": false
  },
  "preprocessing": {
    "source": "real",
    "detectors_present": [
      "H1",
      "L1"
    ],
    "warnings": [
      "V1: no data \u2014 filled with unit white noise (posterior uses remaining detectors only)"
    ],
    "quality": {
      "H1": {
        "finite": true,
        "std": 0.8632428050041199,
        "max_abs": 3.48296856880188,
        "excess_kurtosis": 0.014204978942871094,
        "repeated_frac": 0.0,
        "whitening_norm": 52.34717436448604
      },
      "L1": {
        "finite": true,
        "std": 1.0091745853424072,
        "max_abs": 4.596554279327393,
        "excess_kurtosis": 0.09437704086303711,
        "repeated_frac": 0.0,
        "whitening_norm": 45.724966924896336
      }
    },
    "timings": {
      "preprocess_s": 0.055,
      "gwosc_fetch_s": 4.63
    }
  }
}