{
  "param_names": [
    "mass_1",
    "mass_2",
    "luminosity_distance",
    "ra",
    "dec",
    "theta_jn",
    "psi",
    "phase",
    "geocent_time",
    "a1",
    "a2"
  ],
  "trigger_gps": 1180922494.5,
  "truth": null,
  "summary": {
    "n_samples": 3000,
    "trigger_gps": 1180922494.5,
    "parameters": [
      {
        "param": "mass_1",
        "median": 23.92397975921631,
        "mean": 31.152192621588707,
        "map": 1.5413926839828491,
        "std": 20.954289495344756,
        "ci50%": [
          15.285319328308105,
          43.01192855834961
        ],
        "ci68%": [
          13.312442665100097,
          53.26601837158204
        ],
        "ci90%": [
          10.02425441741943,
          75.1790382385254
        ],
        "ci95%": [
          2.388225144147873,
          83.34835109710694
        ]
      },
      {
        "param": "mass_2",
        "median": 6.9008471965789795,
        "mean": 6.945143522342046,
        "map": 1.5369508266448975,
        "std": 5.778001737706589,
        "ci50%": [
          2.3127774000167847,
          9.566750049591064
        ],
        "ci68%": [
          2.0461433696746827,
          10.728381423950196
        ],
        "ci90%": [
          1.4416461408138275,
          12.963502836227415
        ],
        "ci95%": [
          1.1818128198385243,
          14.138191580772402
        ]
      },
      {
        "param": "luminosity_distance",
        "median": 844.9250183105469,
        "mean": 901.1499551823933,
        "map": 214.58106994628906,
        "std": 410.70838816029845,
        "ci50%": [
          587.5833587646484,
          1165.530029296875
        ],
        "ci68%": [
          506.5685119628906,
          1333.7986718750003
        ],
        "ci90%": [
          323.3806716918945,
          1639.418005371093
        ],
        "ci95%": [
          222.08512039184575,
          1797.9395996093754
        ]
      },
      {
        "param": "ra",
        "median": 4.007933139801025,
        "mean": 3.710755666016756,
        "map": 4.783951759338379,
        "std": 1.7638387139351575,
        "ci50%": [
          2.2418317794799805,
          5.265971541404724
        ],
        "ci68%": [
          1.6506434440612792,
          5.6124173927307135
        ],
        "ci90%": [
          0.5949015885591505,
          6.012359642982482
        ],
        "ci95%": [
          0.2152541387826213,
          6.113994228839874
        ]
      },
      {
        "param": "dec",
        "median": 0.19398534297943115,
        "mean": 0.07060207680861155,
        "map": 0.6823605298995972,
        "std": 0.7733640384177675,
        "ci50%": [
          -0.6499375551939011,
          0.7325401902198792
        ],
        "ci68%": [
          -0.868745894432068,
          0.9120890378952027
        ],
        "ci90%": [
          -1.1540824711322786,
          1.1921736001968382
        ],
        "ci95%": [
          -1.2416569501161574,
          1.2775162398815156
        ]
      },
      {
        "param": "theta_jn",
        "median": 1.509282648563385,
        "mean": 1.5833012472478052,
        "map": 2.7172091007232666,
        "std": 0.8566424984237151,
        "ci50%": [
          0.806406557559967,
          2.3867507576942444
        ],
        "ci68%": [
          0.6332422924041748,
          2.5905220794677737
        ],
        "ci90%": [
          0.3357868075370788,
          2.8333972930908202
        ],
        "ci95%": [
          0.22863669581711302,
          2.9106832146644592
        ]
      },
      {
        "param": "psi",
        "median": 1.6564390063285828,
        "mean": 1.6482216296875103,
        "map": 1.4307388067245483,
        "std": 0.8438966627564879,
        "ci50%": [
          0.9459888339042664,
          2.3699480295181274
        ],
        "ci68%": [
          0.7105031275749205,
          2.6106541442871096
        ],
        "ci90%": [
          0.2683685898780822,
          2.9552554607391355
        ],
        "ci95%": [
          0.1382933460175995,
          3.054834747314453
        ]
      },
      {
        "param": "phase",
        "median": 2.809314012527466,
        "mean": 2.9233263943660615,
        "map": 6.216891765594482,
        "std": 1.7990614471947963,
        "ci50%": [
          1.3899311125278473,
          4.386824607849121
        ],
        "ci68%": [
          0.8954505896568297,
          5.10876876831055
        ],
        "ci90%": [
          0.2622398123145103,
          5.977474761009216
        ],
        "ci95%": [
          0.15159530006349115,
          6.145976197719574
        ]
      },
      {
        "param": "geocent_time",
        "median": -0.006148219108581543,
        "mean": -0.011681623041629792,
        "map": 0.28202784061431885,
        "std": 0.2320873651142541,
        "ci50%": [
          -0.028338313102722168,
          0.017304033041000366
        ],
        "ci68%": [
          -0.039789824485778814,
          0.03144254684448244
        ],
        "ci90%": [
          -0.09341631531715397,
          0.11045339107513424
        ],
        "ci95%": [
          -0.4079482704400975,
          0.2797866344451906
        ]
      },
      {
        "param": "a1",
        "median": 0.5863567888736725,
        "mean": 0.5460357403457164,
        "map": 0.0427679717540741,
        "std": 0.28037120412130995,
        "ci50%": [
          0.3340267837047577,
          0.7753211259841919
        ],
        "ci68%": [
          0.20192996025085447,
          0.8462136697769166
        ],
        "ci90%": [
          0.0412776380777359,
          0.9535868853330611
        ],
        "ci95%": [
          0.018006712943315517,
          0.976041477918625
        ]
      },
      {
        "param": "a2",
        "median": 0.342815101146698,
        "mean": 0.3781963170170784,
        "map": 0.0022510290145874023,
        "std": 0.32886081774067377,
        "ci50%": [
          0.03284084051847458,
          0.672046959400177
        ],
        "ci68%": [
          0.018253536224365235,
          0.7746903133392335
        ],
        "ci90%": [
          0.005940262973308561,
          0.9185624539852141
        ],
        "ci95%": [
          0.0033769272267818533,
          0.9622044339776039
        ]
      }
    ],
    "diagnostics": {
      "runtime": {
        "preprocess_s": 0.057,
        "gwosc_fetch_s": 4.57,
        "encode_s": 0.005,
        "sampling_s": 1.278,
        "total_s": 5.914
      },
      "memory": {
        "rss_mb": 4347.3,
        "mps_allocated_mb": 85.7
      },
      "n_effective": 3000,
      "boundary_railing_frac": 0.03,
      "log_prob": {
        "median": -15.252508163452148,
        "max": -3.218502998352051
      },
      "ood_flags": [
        "V1: no data \u2014 filled with unit white noise (posterior uses remaining detectors only)"
      ],
      "context_ood": {
        "mahalanobis": 12.72,
        "percentile_vs_validation": 89.4
      },
      "verdict": {
        "confidence": "HIGH",
        "reasons": [
          "V1: no data \u2014 filled with unit white noise (posterior uses remaining detectors only)"
        ]
      },
      "refinement": {
        "refine": true,
        "refine_global": true,
        "untrusted_params": [],
        "strong_indicators": [
          "chirp-mass posterior uninformative (90% width 102% of median)"
        ],
        "moderate_indicators": [
          "V1: no data \u2014 filled with unit white noise (posterior uses remaining detectors only)"
        ],
        "indicators": {
          "confidence": "HIGH",
          "ood_percentile": 89.4,
          "bias_region": {
            "q_in_attractor": false,
            "cell": {
              "mc": 10,
              "q": 0.4,
              "theta_jn": 1.57
            },
            "m1_bias": 1.22,
            "dl_bias": 1.64,
            "severe_mass_bias": false
          },
          "mc_width_frac": 1.018,
          "railing_frac": 0.03
        },
        "recommendation": "run sampler refinement (compare_to_dynesty) before quoting these posteriors"
      }
    }
  },
  "covariance": [
    [
      439.2286578073184,
      -25.778487250612677,
      -1244.0641754781911,
      -3.3423908135208236,
      0.39630536189521925,
      -0.2709433579906877,
      -0.5167729110271326,
      -2.509029078068806,
      -0.2166295303042595,
      1.3019793543497094,
      -2.7520423185080056
    ],
    [
      -25.778487250612677,
      33.39643622634913,
      1252.0830233081942,
      -0.19387659826482262,
      -0.13364268608267824,
      -0.044150796755360155,
      -0.2541770981493002,
      0.09874614141024396,
      -0.012146870494336687,
      0.255846562680782,
      0.8135693582450214
    ],
    [
      -1244.0641754781911,
      1252.0830233081942,
      168737.62598055755,
      53.238833492760214,
      -5.109522576563028,
      -3.6932758636452094,
      -25.358107369187984,
      5.837274838751133,
      -0.5289612349035545,
      37.798971996837345,
      64.09730817020771
    ],
    [
      -3.3423908135208236,
      -0.19387659826482262,
      53.238833492760214,
      3.1121643969087343,
      0.43543295732169673,
      -0.04993750903233605,
      0.06413844745758457,
      0.02261114536831639,
      0.014327270884889968,
      -0.002720609070924201,
      0.05908175133538744
    ],
    [
      0.39630536189521925,
      -0.13364268608267824,
      -5.109522576563028,
      0.43543295732169673,
      0.5982913663732949,
      -0.014292417436873687,
      0.009491057337521171,
      -0.006592194719467149,
      0.004982103449769369,
      -0.009669422296260532,
      0.004327568557066002
    ],
    [
      -0.2709433579906877,
      -0.044150796755360155,
      -3.6932758636452094,
      -0.04993750903233605,
      -0.014292417436873687,
      0.7340810637935546,
      -0.02305491113583441,
      -0.044846568667880234,
      0.0018066591410076742,
      0.008464076664212639,
      -0.0011160834929255313
    ],
    [
      -0.5167729110271326,
      -0.2541770981493002,
      -25.358107369187984,
      0.06413844745758457,
      0.009491057337521171,
      -0.02305491113583441,
      0.7123990437594568,
      0.07536761678675968,
      0.005633136530930122,
      -0.013046296996350477,
      -0.01603737227954004
    ],
    [
      -2.509029078068806,
      0.09874614141024396,
      5.837274838751133,
      0.02261114536831639,
      -0.006592194719467149,
      -0.044846568667880234,
      0.07536761678675968,
      3.237701324557484,
      -0.00020475874299751953,
      -0.011525270813022346,
      -0.003475764485437548
    ],
    [
      -0.2166295303042595,
      -0.012146870494336687,
      -0.5289612349035545,
      0.014327270884889968,
      0.004982103449769369,
      0.0018066591410076742,
      0.005633136530930122,
      -0.00020475874299751953,
      0.053882505880970516,
      0.0015607093771137957,
      -0.0033614781265912277
    ],
    [
      1.3019793543497094,
      0.255846562680782,
      37.798971996837345,
      -0.002720609070924201,
      -0.009669422296260532,
      0.008464076664212639,
      -0.013046296996350477,
      -0.011525270813022346,
      0.0015607093771137957,
      0.07863422350826953,
      0.01756492509807607
    ],
    [
      -2.7520423185080056,
      0.8135693582450214,
      64.09730817020771,
      0.05908175133538744,
      0.004327568557066002,
      -0.0011160834929255313,
      -0.01603737227954004,
      -0.003475764485437548,
      -0.0033614781265912277,
      0.01756492509807607,
      0.10818549927815743
    ]
  ],
  "correlation": [
    [
      1.0,
      -0.21284430357823197,
      -0.14450786435190724,
      -0.09040253937576205,
      0.02444715050654802,
      -0.015089024519966044,
      -0.029214115506690893,
      -0.06653374493720478,
      -0.04452956283079249,
      0.22154041361522753,
      -0.3992319103202637
    ],
    [
      -0.21284430357823195,
      1.0,
      0.5274448997733175,
      -0.019017090068477394,
      -0.029897767854522677,
      -0.00891695288905904,
      -0.05211043405898448,
      0.009496239957474447,
      -0.009055041522106793,
      0.1578787657915673,
      0.428015989916046
    ],
    [
      -0.1445078643519072,
      0.5274448997733177,
      0.9999999999999999,
      0.07346682963040228,
      -0.016081182744432074,
      -0.010493823851985907,
      -0.0731390314978384,
      0.0078974299622428,
      -0.005547457529136692,
      0.32814683519420007,
      0.474405043142456
    ],
    [
      -0.09040253937576204,
      -0.019017090068477394,
      0.07346682963040228,
      1.0,
      0.31910504042754784,
      -0.03303874937925305,
      0.04307502261915579,
      0.007123163379434769,
      0.034987129670769064,
      -0.005499574320055496,
      0.10182104936402583
    ],
    [
      0.024447150506548013,
      -0.029897767854522677,
      -0.016081182744432074,
      0.31910504042754784,
      1.0,
      -0.021566382997154507,
      0.01453772887930104,
      -0.00473647519940344,
      0.027748050786325078,
      -0.04457982492153276,
      0.017009950974796923
    ],
    [
      -0.015089024519966045,
      -0.00891695288905904,
      -0.010493823851985908,
      -0.033038749379253045,
      -0.02156638299715451,
      0.9999999999999999,
      -0.0318808416391575,
      -0.02908967153928712,
      0.009084066810209774,
      0.03522911850105768,
      -0.00396040999077649
    ],
    [
      -0.02921411550669089,
      -0.052110434058984474,
      -0.0731390314978384,
      0.04307502261915579,
      0.01453772887930104,
      -0.0318808416391575,
      0.9999999999999999,
      0.049625480766676396,
      0.028751778960607315,
      -0.055121343677312695,
      -0.05776795849244286
    ],
    [
      -0.06653374493720478,
      0.009496239957474447,
      0.0078974299622428,
      0.00712316337943477,
      -0.0047364751994034395,
      -0.029089671539287116,
      0.049625480766676396,
      0.9999999999999999,
      -0.0004902303229505993,
      -0.022841622312316758,
      -0.0058728299121888925
    ],
    [
      -0.044529562830792485,
      -0.009055041522106793,
      -0.005547457529136693,
      0.034987129670769064,
      0.027748050786325078,
      0.009084066810209773,
      0.028751778960607315,
      -0.0004902303229505993,
      1.0,
      0.023976862124168264,
      -0.04402728148413232
    ],
    [
      0.22154041361522753,
      0.15787876579156732,
      0.32814683519420007,
      -0.005499574320055496,
      -0.04457982492153275,
      0.03522911850105768,
      -0.0551213436773127,
      -0.022841622312316758,
      0.02397686212416826,
      1.0,
      0.19043903582909347
    ],
    [
      -0.3992319103202637,
      0.428015989916046,
      0.47440504314245596,
      0.10182104936402583,
      0.017009950974796927,
      -0.00396040999077649,
      -0.05776795849244285,
      -0.0058728299121888925,
      -0.04402728148413232,
      0.19043903582909347,
      0.9999999999999998
    ]
  ],
  "diagnostics": {
    "runtime": {
      "preprocess_s": 0.057,
      "gwosc_fetch_s": 4.57,
      "encode_s": 0.005,
      "sampling_s": 1.278,
      "total_s": 5.914
    },
    "memory": {
      "rss_mb": 4347.3,
      "mps_allocated_mb": 85.7
    },
    "n_effective": 3000,
    "boundary_railing_frac": 0.03,
    "log_prob": {
      "median": -15.252508163452148,
      "max": -3.218502998352051
    },
    "ood_flags": [
      "V1: no data \u2014 filled with unit white noise (posterior uses remaining detectors only)"
    ],
    "context_ood": {
      "mahalanobis": 12.72,
      "percentile_vs_validation": 89.4
    },
    "verdict": {
      "confidence": "HIGH",
      "reasons": [
        "V1: no data \u2014 filled with unit white noise (posterior uses remaining detectors only)"
      ]
    },
    "refinement": {
      "refine": true,
      "refine_global": true,
      "untrusted_params": [],
      "strong_indicators": [
        "chirp-mass posterior uninformative (90% width 102% of median)"
      ],
      "moderate_indicators": [
        "V1: no data \u2014 filled with unit white noise (posterior uses remaining detectors only)"
      ],
      "indicators": {
        "confidence": "HIGH",
        "ood_percentile": 89.4,
        "bias_region": {
          "q_in_attractor": false,
          "cell": {
            "mc": 10,
            "q": 0.4,
            "theta_jn": 1.57
          },
          "m1_bias": 1.22,
          "dl_bias": 1.64,
          "severe_mass_bias": false
        },
        "mc_width_frac": 1.018,
        "railing_frac": 0.03
      },
      "recommendation": "run sampler refinement (compare_to_dynesty) before quoting these posteriors"
    }
  },
  "config": {
    "model_path": "model/lean_npe_v4/best_model.pth",
    "model_epoch": 2,
    "model_val_nll": -0.5246524548158049,
    "premerger": false,
    "device": "mps",
    "num_samples": 3000,
    "rank": 0,
    "seed": 0,
    "event": "GW170608",
    "event_type": "BBH",
    "source": "real",
    "detectors_present": [
      "H1",
      "L1"
    ]
  },
  "reproducibility": {
    "git_commit": "ece3a0f52ab84627ddf97e05fe430a015d6b5523",
    "model_path": "model/lean_npe_v4/best_model.pth",
    "model_epoch": 2,
    "model_val_nll": -0.5246524548158049,
    "premerger": false
  },
  "preprocessing": {
    "source": "real",
    "detectors_present": [
      "H1",
      "L1"
    ],
    "warnings": [
      "V1: no data \u2014 filled with unit white noise (posterior uses remaining detectors only)"
    ],
    "quality": {
      "H1": {
        "finite": true,
        "std": 0.8632428050041199,
        "max_abs": 3.48296856880188,
        "excess_kurtosis": 0.014204978942871094,
        "repeated_frac": 0.0,
        "whitening_norm": 52.34717436448604
      },
      "L1": {
        "finite": true,
        "std": 1.0091745853424072,
        "max_abs": 4.596554279327393,
        "excess_kurtosis": 0.09437704086303711,
        "repeated_frac": 0.0,
        "whitening_norm": 45.724966924896336
      }
    },
    "timings": {
      "preprocess_s": 0.057,
      "gwosc_fetch_s": 4.57
    }
  }
}