{
  "param_names": [
    "mass_1",
    "mass_2",
    "luminosity_distance",
    "ra",
    "dec",
    "theta_jn",
    "psi",
    "phase",
    "geocent_time",
    "a1",
    "a2"
  ],
  "trigger_gps": 1126259462.4,
  "truth": null,
  "summary": {
    "n_samples": 3000,
    "trigger_gps": 1126259462.4,
    "parameters": [
      {
        "param": "mass_1",
        "median": 53.75667190551758,
        "mean": 53.29957623875141,
        "map": 30.22359848022461,
        "std": 19.182187606428517,
        "ci50%": [
          30.351659297943115,
          65.74392318725586
        ],
        "ci68%": [
          30.23808464050293,
          73.69626251220706
        ],
        "ci90%": [
          30.106211948394776,
          86.8325325012207
        ],
        "ci95%": [
          30.038961124420165,
          90.93653545379641
        ]
      },
      {
        "param": "mass_2",
        "median": 30.666364669799805,
        "mean": 34.199836711088814,
        "map": 30.010746002197266,
        "std": 9.681423621259384,
        "ci50%": [
          29.944820880889893,
          40.100189208984375
        ],
        "ci68%": [
          28.215994720458983,
          43.59752014160157
        ],
        "ci90%": [
          21.77686290740966,
          50.33656406402587
        ],
        "ci95%": [
          17.61628775596619,
          53.88173904418946
        ]
      },
      {
        "param": "luminosity_distance",
        "median": 1218.6096801757812,
        "mean": 1229.3680101763407,
        "map": 878.1051025390625,
        "std": 398.5304502250523,
        "ci50%": [
          872.7599945068359,
          1548.2819519042969
        ],
        "ci68%": [
          827.6432104492187,
          1667.2331982421877
        ],
        "ci90%": [
          729.2859497070312,
          1894.8632934570312
        ],
        "ci95%": [
          649.2996597290041,
          1966.6344299316406
        ]
      },
      {
        "param": "ra",
        "median": 4.719221591949463,
        "mean": 3.714338926377308,
        "map": 0.024454373866319656,
        "std": 2.278465140393991,
        "ci50%": [
          1.7249296307563782,
          5.788094639778137
        ],
        "ci68%": [
          0.7449529290199279,
          6.271167469024658
        ],
        "ci90%": [
          0.0008177642332157118,
          6.282316064834594
        ],
        "ci95%": [
          0.00031177711207419634,
          6.282759428024292
        ]
      },
      {
        "param": "dec",
        "median": 0.00021249055862426758,
        "mean": -0.014955965379873912,
        "map": 0.014562010765075684,
        "std": 0.6404138558370902,
        "ci50%": [
          -0.45693638920783997,
          0.3774828314781189
        ],
        "ci68%": [
          -0.6880731797218324,
          0.704579768180848
        ],
        "ci90%": [
          -1.1173883497714998,
          1.1375017642974843
        ],
        "ci95%": [
          -1.225349247455597,
          1.2880075871944427
        ]
      },
      {
        "param": "theta_jn",
        "median": 0.989471048116684,
        "mean": 1.1178285045264431,
        "map": 0.005337100010365248,
        "std": 0.9557574625230846,
        "ci50%": [
          0.0003017122362507507,
          2.0470669865608215
        ],
        "ci68%": [
          0.0,
          2.3501150226593017
        ],
        "ci90%": [
          0.0,
          2.6773638606071466
        ],
        "ci95%": [
          0.0,
          2.7904296875
        ]
      },
      {
        "param": "psi",
        "median": 1.8078790307044983,
        "mean": 1.7196809023780877,
        "map": 0.010748913511633873,
        "std": 1.1069407658172041,
        "ci50%": [
          0.7723180055618286,
          2.8012781143188477
        ],
        "ci68%": [
          0.2727122318744655,
          3.140802249908447
        ],
        "ci90%": [
          0.00018776378856273364,
          3.1414425492286684
        ],
        "ci95%": [
          8.303757349494847e-05,
          3.141519325971603
        ]
      },
      {
        "param": "phase",
        "median": 2.668851852416992,
        "mean": 2.7688047472148654,
        "map": 0.00785322580486536,
        "std": 2.2950988046374454,
        "ci50%": [
          0.008625692687928677,
          5.107069730758667
        ],
        "ci68%": [
          0.0028946771752089255,
          5.654386215209961
        ],
        "ci90%": [
          0.001265824376605451,
          6.215942811965943
        ],
        "ci95%": [
          0.0008095016499282802,
          6.280674409866333
        ]
      },
      {
        "param": "geocent_time",
        "median": 0.03444373607635498,
        "mean": 0.023029319187005362,
        "map": 0.0301361083984375,
        "std": 0.1254725266692274,
        "ci50%": [
          0.014238148927688599,
          0.04290023446083069
        ],
        "ci68%": [
          0.0070633363723754845,
          0.04559175968170166
        ],
        "ci90%": [
          -0.004728150367736821,
          0.053500986099243135
        ],
        "ci95%": [
          -0.01446118354797361,
          0.06284537315368653
        ]
      },
      {
        "param": "a1",
        "median": 0.40707044303417206,
        "mean": 0.3758926712969939,
        "map": 0.0026929378509521484,
        "std": 0.3076843897646915,
        "ci50%": [
          0.0005629882216453552,
          0.6215852648019791
        ],
        "ci68%": [
          0.000420159101486206,
          0.7127392840385438
        ],
        "ci90%": [
          0.00023703277111053467,
          0.8882680058479308
        ],
        "ci95%": [
          0.00014793276786804232,
          0.9399942517280578
        ]
      },
      {
        "param": "a2",
        "median": 0.3409103751182556,
        "mean": 0.35943130709727605,
        "map": 0.003178417682647705,
        "std": 0.31981818675201806,
        "ci50%": [
          0.00045952945947647095,
          0.6331834048032761
        ],
        "ci68%": [
          0.00020593762397766102,
          0.7298338174819947
        ],
        "ci90%": [
          0.0,
          0.9245848417282099
        ],
        "ci95%": [
          0.0,
          0.9592411696910859
        ]
      }
    ],
    "diagnostics": {
      "runtime": {
        "preprocess_s": 0.074,
        "gwosc_fetch_s": 6.2,
        "encode_s": 0.05,
        "sampling_s": 1.419,
        "total_s": 7.863
      },
      "memory": {
        "rss_mb": 4813.5,
        "mps_allocated_mb": 116.0
      },
      "n_effective": 3000,
      "boundary_railing_frac": 0.3063,
      "log_prob": {
        "median": -17.089526176452637,
        "max": 45.370086669921875
      },
      "ood_flags": [
        "V1: no data \u2014 filled with unit white noise (posterior uses remaining detectors only)",
        "30.6% of samples rail at the parameter bounds \u2014 the event may lie outside the training prior (out-of-distribution)"
      ],
      "context_ood": {
        "mahalanobis": 13.15,
        "percentile_vs_validation": 90.8
      },
      "verdict": {
        "confidence": "LOW",
        "reasons": [
          "31% of posterior samples rail at prior bounds"
        ]
      },
      "refinement": {
        "refine": true,
        "refine_global": true,
        "untrusted_params": [
          "mass_1",
          "mass_2"
        ],
        "strong_indicators": [
          "confidence LOW: 31% of posterior samples rail at prior bounds",
          "31% of samples rail at prior bounds"
        ],
        "moderate_indicators": [
          "V1: no data \u2014 filled with unit white noise (posterior uses remaining detectors only)",
          "chirp-mass posterior wide (62% of median)"
        ],
        "indicators": {
          "confidence": "LOW",
          "ood_percentile": 90.8,
          "bias_region": {
            "q_in_attractor": true,
            "cell": {
              "mc": 30,
              "q": 0.7,
              "theta_jn": 0.5
            },
            "m1_bias": 1.27,
            "dl_bias": 0.69,
            "severe_mass_bias": false
          },
          "mc_width_frac": 0.624,
          "railing_frac": 0.3063
        },
        "recommendation": "run sampler refinement (compare_to_dynesty) before quoting these posteriors"
      }
    }
  },
  "covariance": [
    [
      368.07901437301126,
      32.940635182333914,
      4573.119334934742,
      1.4615615418331598,
      -0.07891728761599445,
      10.183098532469673,
      -2.000472643280122,
      18.077876655697253,
      0.02356531524186124,
      4.011716735400122,
      3.598114733941656
    ],
    [
      32.940635182333914,
      93.7612170733037,
      1915.7996311025613,
      0.6115043694678429,
      -0.2972247304139336,
      2.1501720034334215,
      -0.26461433545457774,
      4.32178756489936,
      0.09846462643425645,
      1.4772964684045686,
      1.1253715003596167
    ],
    [
      4573.119334934742,
      1915.7996311025613,
      158879.47958311037,
      63.9117644618424,
      -3.2933164915221935,
      171.2203987173236,
      -28.065037543593238,
      330.49669923634144,
      2.0372454674808376,
      74.96413447777446,
      66.37530268083711
    ],
    [
      1.4615615418331598,
      0.6115043694678429,
      63.9117644618424,
      5.193134440804217,
      0.4749060003839743,
      -0.0017963390410007621,
      -0.030676606658827203,
      0.16444051389433367,
      0.011848924914014444,
      0.04167978601721446,
      0.0917720785579278
    ],
    [
      -0.07891728761599445,
      -0.2972247304139336,
      -3.2933164915221935,
      0.4749060003839743,
      0.4102666623022306,
      -0.0034649947879861233,
      -0.043746669516597364,
      0.0044887400491168275,
      0.003724879673691574,
      0.0030619225308626853,
      0.010495582458011559
    ],
    [
      10.183098532469673,
      2.1501720034334215,
      171.2203987173236,
      -0.0017963390410007621,
      -0.0034649947879861233,
      0.9137769194750528,
      -0.05863192776572027,
      0.8783222355300924,
      -0.007462688999123994,
      0.17297436367396488,
      0.16458619632277746
    ],
    [
      -2.000472643280122,
      -0.26461433545457774,
      -28.065037543593238,
      -0.030676606658827203,
      -0.043746669516597364,
      -0.05863192776572027,
      1.2257264345061445,
      -0.3209826701523517,
      0.003967804048562759,
      -0.03998222479810852,
      -0.022034736484599676
    ],
    [
      18.077876655697253,
      4.32178756489936,
      330.49669923634144,
      0.16444051389433367,
      0.0044887400491168275,
      0.8783222355300924,
      -0.3209826701523517,
      5.2692349346931024,
      -0.019719364966096876,
      0.30524360386053845,
      0.3214239424348964
    ],
    [
      0.02356531524186124,
      0.09846462643425645,
      2.0372454674808376,
      0.011848924914014444,
      0.003724879673691574,
      -0.007462688999123994,
      0.003967804048562759,
      -0.019719364966096876,
      0.015748604483587846,
      -0.0020676973435264784,
      -0.002143733486035873
    ],
    [
      4.011716735400122,
      1.4772964684045686,
      74.96413447777446,
      0.04167978601721446,
      0.0030619225308626853,
      0.17297436367396488,
      -0.03998222479810852,
      0.30524360386053845,
      -0.0020676973435264784,
      0.09470125078846675,
      0.05379355112460627
    ],
    [
      3.598114733941656,
      1.1253715003596167,
      66.37530268083711,
      0.0917720785579278,
      0.010495582458011559,
      0.16458619632277746,
      -0.022034736484599676,
      0.3214239424348964,
      -0.002143733486035873,
      0.05379355112460627,
      0.10231777850351668
    ]
  ],
  "correlation": [
    [
      1.0,
      0.17731677447127336,
      0.598009525008059,
      0.03342964735467464,
      -0.0064219734739345,
      0.5552509691534567,
      -0.09418143685897737,
      0.41049049840415935,
      0.009787723386532195,
      0.6794881293081227,
      0.58631219566317
    ],
    [
      0.17731677447127336,
      1.0,
      0.496368899994265,
      0.027712337763844474,
      -0.0479225820523334,
      0.23229587217298117,
      -0.024683399602355126,
      0.19443659912671332,
      0.08103032512537944,
      0.4957676493115283,
      0.36333626162348437
    ],
    [
      0.598009525008059,
      0.4963688999942649,
      0.9999999999999999,
      0.07036101898734436,
      -0.012899309124601504,
      0.449367342980464,
      -0.06359675361438365,
      0.3612097303040648,
      0.04072756241388655,
      0.6111414907561997,
      0.520591483507813
    ],
    [
      0.03342964735467464,
      0.027712337763844474,
      0.07036101898734434,
      1.0,
      0.3253567040075428,
      -0.0008246191834325398,
      -0.012158941211854192,
      0.0314354919443792,
      0.04143268960099585,
      0.05943370990916114,
      0.12589840675633807
    ],
    [
      -0.0064219734739345,
      -0.04792258205233341,
      -0.012899309124601506,
      0.32535670400754274,
      1.0,
      -0.005659126206552091,
      -0.06169004754888676,
      0.003052935015167589,
      0.04634022049956494,
      0.015533997353777,
      0.05122687693133085
    ],
    [
      0.5552509691534567,
      0.2322958721729812,
      0.449367342980464,
      -0.0008246191834325398,
      -0.005659126206552091,
      0.9999999999999999,
      -0.05540096190935278,
      0.4002764174004756,
      -0.06220914220904329,
      0.5880087543307246,
      0.5382670127866015
    ],
    [
      -0.09418143685897737,
      -0.02468339960235513,
      -0.06359675361438365,
      -0.01215894121185419,
      -0.06169004754888676,
      -0.05540096190935277,
      1.0,
      -0.12630223276215932,
      0.028558303321846796,
      -0.1173524937717137,
      -0.06222079184243022
    ],
    [
      0.41049049840415935,
      0.19443659912671332,
      0.3612097303040648,
      0.0314354919443792,
      0.003052935015167589,
      0.4002764174004756,
      -0.12630223276215932,
      1.0,
      -0.0684538857533439,
      0.4321106135349323,
      0.43775275827109084
    ],
    [
      0.009787723386532195,
      0.08103032512537944,
      0.04072756241388655,
      0.04143268960099585,
      0.04634022049956494,
      -0.06220914220904329,
      0.028558303321846792,
      -0.0684538857533439,
      1.0,
      -0.053541196739281476,
      -0.05340405108626178
    ],
    [
      0.6794881293081227,
      0.4957676493115283,
      0.6111414907561997,
      0.05943370990916115,
      0.015533997353777,
      0.5880087543307246,
      -0.11735249377171367,
      0.4321106135349323,
      -0.05354119673928147,
      1.0,
      0.5464831882169813
    ],
    [
      0.58631219566317,
      0.36333626162348437,
      0.520591483507813,
      0.12589840675633804,
      0.05122687693133084,
      0.5382670127866015,
      -0.06222079184243023,
      0.4377527582710908,
      -0.05340405108626179,
      0.5464831882169813,
      1.0
    ]
  ],
  "diagnostics": {
    "runtime": {
      "preprocess_s": 0.074,
      "gwosc_fetch_s": 6.2,
      "encode_s": 0.05,
      "sampling_s": 1.419,
      "total_s": 7.863
    },
    "memory": {
      "rss_mb": 4813.5,
      "mps_allocated_mb": 116.0
    },
    "n_effective": 3000,
    "boundary_railing_frac": 0.3063,
    "log_prob": {
      "median": -17.089526176452637,
      "max": 45.370086669921875
    },
    "ood_flags": [
      "V1: no data \u2014 filled with unit white noise (posterior uses remaining detectors only)",
      "30.6% of samples rail at the parameter bounds \u2014 the event may lie outside the training prior (out-of-distribution)"
    ],
    "context_ood": {
      "mahalanobis": 13.15,
      "percentile_vs_validation": 90.8
    },
    "verdict": {
      "confidence": "LOW",
      "reasons": [
        "31% of posterior samples rail at prior bounds"
      ]
    },
    "refinement": {
      "refine": true,
      "refine_global": true,
      "untrusted_params": [
        "mass_1",
        "mass_2"
      ],
      "strong_indicators": [
        "confidence LOW: 31% of posterior samples rail at prior bounds",
        "31% of samples rail at prior bounds"
      ],
      "moderate_indicators": [
        "V1: no data \u2014 filled with unit white noise (posterior uses remaining detectors only)",
        "chirp-mass posterior wide (62% of median)"
      ],
      "indicators": {
        "confidence": "LOW",
        "ood_percentile": 90.8,
        "bias_region": {
          "q_in_attractor": true,
          "cell": {
            "mc": 30,
            "q": 0.7,
            "theta_jn": 0.5
          },
          "m1_bias": 1.27,
          "dl_bias": 0.69,
          "severe_mass_bias": false
        },
        "mc_width_frac": 0.624,
        "railing_frac": 0.3063
      },
      "recommendation": "run sampler refinement (compare_to_dynesty) before quoting these posteriors"
    }
  },
  "config": {
    "model_path": "model/lean_npe_v5/best_model.pth",
    "model_epoch": 1,
    "model_val_nll": -0.5088662856258452,
    "premerger": false,
    "device": "mps",
    "num_samples": 3000,
    "rank": 0,
    "seed": 0,
    "event": "GW150914",
    "event_type": "BBH",
    "source": "real",
    "detectors_present": [
      "H1",
      "L1"
    ]
  },
  "reproducibility": {
    "git_commit": "d6c307609f9e58de343f817c5bb3044b3fcc8171",
    "model_path": "model/lean_npe_v5/best_model.pth",
    "model_epoch": 1,
    "model_val_nll": -0.5088662856258452,
    "premerger": false
  },
  "preprocessing": {
    "source": "real",
    "detectors_present": [
      "H1",
      "L1"
    ],
    "warnings": [
      "V1: no data \u2014 filled with unit white noise (posterior uses remaining detectors only)"
    ],
    "quality": {
      "H1": {
        "finite": true,
        "std": 1.0123380422592163,
        "max_abs": 4.5542802810668945,
        "excess_kurtosis": -0.046918630599975586,
        "repeated_frac": 0.0,
        "whitening_norm": 45.72268702782366
      },
      "L1": {
        "finite": true,
        "std": 0.9647899866104126,
        "max_abs": 3.8245933055877686,
        "excess_kurtosis": 0.05527663230895996,
        "repeated_frac": 0.0,
        "whitening_norm": 47.181583593158
      }
    },
    "timings": {
      "preprocess_s": 0.074,
      "gwosc_fetch_s": 6.2
    }
  }
}