{
  "param_names": [
    "mass_1",
    "mass_2",
    "luminosity_distance",
    "ra",
    "dec",
    "theta_jn",
    "psi",
    "phase",
    "geocent_time",
    "a1",
    "a2"
  ],
  "trigger_gps": 1167559936.6,
  "truth": null,
  "summary": {
    "n_samples": 3000,
    "trigger_gps": 1167559936.6,
    "parameters": [
      {
        "param": "mass_1",
        "median": 53.6163330078125,
        "mean": 55.91243263598283,
        "map": 2.3202173709869385,
        "std": 20.706102331504592,
        "ci50%": [
          39.03895854949951,
          71.77582740783691
        ],
        "ci68%": [
          33.00674575805664,
          80.13103515625001
        ],
        "ci90%": [
          30.042609405517577,
          92.39092941284177
        ],
        "ci95%": [
          25.16334204673767,
          95.80495491027833
        ]
      },
      {
        "param": "mass_2",
        "median": 21.322952270507812,
        "mean": 22.01162772564093,
        "map": 1.4866974353790283,
        "std": 10.45627654572221,
        "ci50%": [
          14.6458420753479,
          29.667293548583984
        ],
        "ci68%": [
          11.810370483398437,
          30.42233177185059
        ],
        "ci90%": [
          6.608104372024536,
          39.47496013641357
        ],
        "ci95%": [
          2.1002467632293746,
          42.90092840194704
        ]
      },
      {
        "param": "luminosity_distance",
        "median": 1477.4224853515625,
        "mean": 1444.3736097590129,
        "map": 252.5371856689453,
        "std": 392.86056760216263,
        "ci50%": [
          1194.4899291992188,
          1750.4246520996094
        ],
        "ci68%": [
          1063.3663281249999,
          1859.2434570312507
        ],
        "ci90%": [
          739.0669158935547,
          1989.4366455078125
        ],
        "ci95%": [
          576.2684219360351,
          2036.509017944336
        ]
      },
      {
        "param": "ra",
        "median": 3.661526322364807,
        "mean": 3.485401028993035,
        "map": 1.4675962924957275,
        "std": 1.9748833743951095,
        "ci50%": [
          1.7214280664920807,
          5.243927001953125
        ],
        "ci68%": [
          1.1370404720306395,
          5.805144214630127
        ],
        "ci90%": [
          0.23503110259771345,
          6.261897563934326
        ],
        "ci95%": [
          0.09832035526633263,
          6.266438150405884
        ]
      },
      {
        "param": "dec",
        "median": -0.005513131618499756,
        "mean": -0.07537934962908427,
        "map": -0.7094112634658813,
        "std": 0.638815887128899,
        "ci50%": [
          -0.560445249080658,
          0.3550855219364166
        ],
        "ci68%": [
          -0.7603498673439026,
          0.5986293077468885
        ],
        "ci90%": [
          -1.138432013988495,
          1.0253027558326722
        ],
        "ci95%": [
          -1.2500049322843547,
          1.1754840970039369
        ]
      },
      {
        "param": "theta_jn",
        "median": 1.3440476655960083,
        "mean": 1.3693896276445174,
        "map": 2.181732177734375,
        "std": 0.760309261097855,
        "ci50%": [
          0.8759721964597702,
          1.983734279870987
        ],
        "ci68%": [
          0.6055136871337891,
          2.204994506835938
        ],
        "ci90%": [
          0.000765272389980964,
          2.5822629570960998
        ],
        "ci95%": [
          0.0,
          2.730287325382233
        ]
      },
      {
        "param": "psi",
        "median": 1.5947350859642029,
        "mean": 1.5768170022483774,
        "map": 2.024686813354492,
        "std": 0.9654358683463458,
        "ci50%": [
          0.7570390552282333,
          2.407505214214325
        ],
        "ci68%": [
          0.4462302076816559,
          2.6843176078796387
        ],
        "ci90%": [
          0.0115745332557708,
          3.1143232226371764
        ],
        "ci95%": [
          0.0006464951293310178,
          3.1407063603401184
        ]
      },
      {
        "param": "phase",
        "median": 3.184719681739807,
        "mean": 3.2345131971410073,
        "map": 4.160983085632324,
        "std": 2.012193201662358,
        "ci50%": [
          1.4241901338100433,
          5.075519680976868
        ],
        "ci68%": [
          0.9105598139762878,
          5.690761470794678
        ],
        "ci90%": [
          0.21814853549003588,
          6.277902555465698
        ],
        "ci95%": [
          0.05147379115223902,
          6.280036687850952
        ]
      },
      {
        "param": "geocent_time",
        "median": -0.0016216039657592773,
        "mean": -0.018826702654361725,
        "map": 0.12077593803405762,
        "std": 0.23949331224970036,
        "ci50%": [
          -0.015900611877441406,
          0.010817915201187134
        ],
        "ci68%": [
          -0.02380788326263428,
          0.017206811904907228
        ],
        "ci90%": [
          -0.06908740997314457,
          0.044008463621139464
        ],
        "ci95%": [
          -0.7589235976338387,
          0.13028005063533823
        ]
      },
      {
        "param": "a1",
        "median": 0.3736265003681183,
        "mean": 0.3935121573408445,
        "map": 0.00362512469291687,
        "std": 0.2991758390258575,
        "ci50%": [
          0.11025210469961166,
          0.6524667739868164
        ],
        "ci68%": [
          0.040055327415466295,
          0.7475728702545167
        ],
        "ci90%": [
          0.0,
          0.9031313866376877
        ],
        "ci95%": [
          0.0,
          0.9446889072656631
        ]
      },
      {
        "param": "a2",
        "median": 0.4388665407896042,
        "mean": 0.4327063340047995,
        "map": 0.004960179328918457,
        "std": 0.3134081129717547,
        "ci50%": [
          0.14281872659921646,
          0.6962367743253708
        ],
        "ci68%": [
          0.033249601125717156,
          0.8054297947883606
        ],
        "ci90%": [
          0.0,
          0.9443746656179428
        ],
        "ci95%": [
          0.0,
          0.968110877275467
        ]
      }
    ],
    "diagnostics": {
      "runtime": {
        "preprocess_s": 0.033,
        "gwosc_fetch_s": 5.19,
        "encode_s": 0.063,
        "sampling_s": 3.899,
        "total_s": 9.186
      },
      "memory": {
        "rss_mb": 4132.2,
        "mps_allocated_mb": 128.8
      },
      "n_effective": 3000,
      "boundary_railing_frac": 0.1197,
      "log_prob": {
        "median": -18.23599910736084,
        "max": 18.99762535095215
      },
      "ood_flags": [
        "V1: no data \u2014 filled with unit white noise (posterior uses remaining detectors only)",
        "12.0% of samples rail at the parameter bounds \u2014 the event may lie outside the training prior (out-of-distribution)"
      ],
      "context_ood": {
        "mahalanobis": 8.9,
        "percentile_vs_validation": 86.7
      },
      "verdict": {
        "confidence": "MEDIUM",
        "reasons": [
          "12% boundary railing"
        ]
      },
      "refinement": {
        "refine": true,
        "refine_global": true,
        "untrusted_params": [
          "mass_1",
          "mass_2"
        ],
        "strong_indicators": [
          "chirp-mass posterior uninformative (90% width 102% of median)"
        ],
        "moderate_indicators": [
          "confidence MEDIUM",
          "V1: no data \u2014 filled with unit white noise (posterior uses remaining detectors only)",
          "12% boundary railing"
        ],
        "indicators": {
          "confidence": "MEDIUM",
          "ood_percentile": 86.7,
          "bias_region": {
            "q_in_attractor": true,
            "cell": {
              "mc": 30,
              "q": 0.4,
              "theta_jn": 1.57
            },
            "m1_bias": 1.02,
            "dl_bias": 2.47,
            "severe_mass_bias": false
          },
          "mc_width_frac": 1.017,
          "railing_frac": 0.1197
        },
        "recommendation": "run sampler refinement (compare_to_dynesty) before quoting these posteriors"
      }
    }
  },
  "covariance": [
    [
      428.88563564128685,
      -43.60386495830632,
      1264.6971598070077,
      -6.931834428531629,
      -0.2001360582385605,
      2.7931321317737994,
      -0.7000258127005135,
      -6.61037786168953,
      -0.16839956535147382,
      1.7444064452449715,
      1.3462924852171283
    ],
    [
      -43.60386495830632,
      109.37017592592906,
      1457.271976589592,
      1.836330452071556,
      0.09476092724589343,
      -0.91714733822992,
      -0.10480912448223745,
      1.1938054613915885,
      0.15857567061005565,
      0.4954465153339766,
      0.04639051273083897
    ],
    [
      1264.6971598070077,
      1457.271976589592,
      154390.88920642898,
      -35.87432242868727,
      -9.189301281801617,
      31.806369832196854,
      5.184162305271392,
      -63.571083959721996,
      3.5228799322939435,
      34.94636164709347,
      25.06077343625223
    ],
    [
      -6.931834428531629,
      1.836330452071556,
      -35.87432242868727,
      3.901464830739114,
      0.032587556098535336,
      -0.3202956161853635,
      0.03500710346756766,
      0.5711019615105094,
      0.019668263564047134,
      -0.08309352388342284,
      -0.04863098763663268
    ],
    [
      -0.2001360582385605,
      0.09476092724589343,
      -9.189301281801617,
      0.032587556098535336,
      0.4082218115854772,
      -0.014350375187237991,
      0.011848443604358274,
      0.05680319138314745,
      0.006809156196161758,
      0.005660190857073362,
      0.0036205970136077652
    ],
    [
      2.7931321317737994,
      -0.91714733822992,
      31.806369832196854,
      -0.3202956161853635,
      -0.014350375187237991,
      0.5782629268201046,
      0.026523309101192674,
      -0.36444410969808033,
      -0.0016185692718802022,
      0.05301884743626679,
      0.05346056331733798
    ],
    [
      -0.7000258127005135,
      -0.10480912448223745,
      5.184162305271392,
      0.03500710346756766,
      0.011848443604358274,
      0.026523309101192674,
      0.932377208292427,
      0.04791813960705723,
      0.0016799283883018317,
      -0.001895687807446525,
      0.0018025445748916804
    ],
    [
      -6.61037786168953,
      1.1938054613915885,
      -63.571083959721996,
      0.5711019615105094,
      0.05680319138314745,
      -0.36444410969808033,
      0.04791813960705723,
      4.05027157133999,
      0.004358908161330093,
      -0.10045305670996521,
      -0.11389026313391047
    ],
    [
      -0.16839956535147382,
      0.15857567061005565,
      3.5228799322939435,
      0.019668263564047134,
      0.006809156196161758,
      -0.0016185692718802022,
      0.0016799283883018317,
      0.004358908161330093,
      0.05737617200300027,
      0.0011122811083990956,
      0.00013192845494776356
    ],
    [
      1.7444064452449715,
      0.4954465153339766,
      34.94636164709347,
      -0.08309352388342284,
      0.005660190857073362,
      0.05301884743626679,
      -0.001895687807446525,
      -0.10045305670996521,
      0.0011122811083990956,
      0.08953602799949206,
      0.022824286900191493
    ],
    [
      1.3462924852171283,
      0.04639051273083897,
      25.06077343625223,
      -0.04863098763663268,
      0.0036205970136077652,
      0.05346056331733798,
      0.0018025445748916804,
      -0.11389026313391047,
      0.00013192845494776356,
      0.022824286900191493,
      0.09825739774243013
    ]
  ],
  "correlation": [
    [
      1.0,
      -0.2013282785471718,
      0.15541930354721603,
      -0.16945858749996254,
      -0.015125386764191161,
      0.17736097004328882,
      -0.03500640230896324,
      -0.1586037541867612,
      -0.03394723687857455,
      0.2814997542259905,
      0.20738915501790278
    ],
    [
      -0.2013282785471718,
      0.9999999999999998,
      0.35463396185445656,
      0.08889708752282159,
      0.014181812640726207,
      -0.11532593375286054,
      -0.010378959407463204,
      0.05672075906573671,
      0.06330256625090734,
      0.15832460409466406,
      0.014151324449285116
    ],
    [
      0.155419303547216,
      0.3546339618544565,
      1.0,
      -0.046223095335041965,
      -0.03660357915938082,
      0.10644875715367845,
      0.013663813678383796,
      -0.08039086665456323,
      0.037430120265302416,
      0.29722971191602277,
      0.2034702913535282
    ],
    [
      -0.16945858749996254,
      0.08889708752282159,
      -0.046223095335041965,
      1.0,
      0.02582199785904566,
      -0.21324284664097454,
      0.018354666826149772,
      0.1436672344335014,
      0.0415706089467153,
      -0.14058999544701076,
      -0.07854465065861238
    ],
    [
      -0.015125386764191161,
      0.014181812640726207,
      -0.036603579159380825,
      0.02582199785904566,
      1.0,
      -0.029536054309347987,
      0.019205135628247404,
      0.0441756106676753,
      0.044491741870218704,
      0.02960629488688753,
      0.018077961493329093
    ],
    [
      0.17736097004328882,
      -0.11532593375286054,
      0.10644875715367845,
      -0.21324284664097454,
      -0.029536054309347987,
      0.9999999999999999,
      0.03612178531867026,
      -0.23813662183433976,
      -0.008885928844749792,
      0.23300685354221984,
      0.22427880147062595
    ],
    [
      -0.03500640230896325,
      -0.010378959407463206,
      0.013663813678383796,
      0.018354666826149772,
      0.019205135628247404,
      0.03612178531867027,
      1.0,
      0.024658238692568373,
      0.007263219344954249,
      -0.006561030857298083,
      0.0059553536937976305
    ],
    [
      -0.1586037541867612,
      0.05672075906573671,
      -0.08039086665456323,
      0.14366723443350143,
      0.0441756106676753,
      -0.23813662183433976,
      0.024658238692568373,
      1.0,
      0.009042111583712252,
      -0.1668100346373533,
      -0.18053520168310777
    ],
    [
      -0.03394723687857455,
      0.06330256625090734,
      0.037430120265302416,
      0.0415706089467153,
      0.044491741870218704,
      -0.008885928844749792,
      0.007263219344954248,
      0.009042111583712252,
      1.0,
      0.015518504408593599,
      0.0017570740403963663
    ],
    [
      0.2814997542259905,
      0.15832460409466406,
      0.29722971191602277,
      -0.14058999544701078,
      0.02960629488688753,
      0.23300685354221987,
      -0.006561030857298083,
      -0.1668100346373533,
      0.015518504408593599,
      1.0,
      0.24334121747763104
    ],
    [
      0.20738915501790278,
      0.014151324449285116,
      0.2034702913535282,
      -0.07854465065861238,
      0.018077961493329096,
      0.22427880147062598,
      0.0059553536937976305,
      -0.18053520168310777,
      0.0017570740403963666,
      0.24334121747763107,
      0.9999999999999998
    ]
  ],
  "diagnostics": {
    "runtime": {
      "preprocess_s": 0.033,
      "gwosc_fetch_s": 5.19,
      "encode_s": 0.063,
      "sampling_s": 3.899,
      "total_s": 9.186
    },
    "memory": {
      "rss_mb": 4132.2,
      "mps_allocated_mb": 128.8
    },
    "n_effective": 3000,
    "boundary_railing_frac": 0.1197,
    "log_prob": {
      "median": -18.23599910736084,
      "max": 18.99762535095215
    },
    "ood_flags": [
      "V1: no data \u2014 filled with unit white noise (posterior uses remaining detectors only)",
      "12.0% of samples rail at the parameter bounds \u2014 the event may lie outside the training prior (out-of-distribution)"
    ],
    "context_ood": {
      "mahalanobis": 8.9,
      "percentile_vs_validation": 86.7
    },
    "verdict": {
      "confidence": "MEDIUM",
      "reasons": [
        "12% boundary railing"
      ]
    },
    "refinement": {
      "refine": true,
      "refine_global": true,
      "untrusted_params": [
        "mass_1",
        "mass_2"
      ],
      "strong_indicators": [
        "chirp-mass posterior uninformative (90% width 102% of median)"
      ],
      "moderate_indicators": [
        "confidence MEDIUM",
        "V1: no data \u2014 filled with unit white noise (posterior uses remaining detectors only)",
        "12% boundary railing"
      ],
      "indicators": {
        "confidence": "MEDIUM",
        "ood_percentile": 86.7,
        "bias_region": {
          "q_in_attractor": true,
          "cell": {
            "mc": 30,
            "q": 0.4,
            "theta_jn": 1.57
          },
          "m1_bias": 1.02,
          "dl_bias": 2.47,
          "severe_mass_bias": false
        },
        "mc_width_frac": 1.017,
        "railing_frac": 0.1197
      },
      "recommendation": "run sampler refinement (compare_to_dynesty) before quoting these posteriors"
    }
  },
  "config": {
    "model_path": "model/lean_v7_aux/best_model.pth",
    "model_epoch": 7,
    "model_val_nll": -0.04277825942263007,
    "premerger": false,
    "device": "mps",
    "num_samples": 3000,
    "rank": 0,
    "seed": 0,
    "event": "GW170104",
    "event_type": "BBH",
    "source": "real",
    "detectors_present": [
      "H1",
      "L1"
    ]
  },
  "reproducibility": {
    "git_commit": "995121aff136ae38385b8720269d5a16cb7438f5",
    "model_path": "model/lean_v7_aux/best_model.pth",
    "model_epoch": 7,
    "model_val_nll": -0.04277825942263007,
    "premerger": false
  },
  "preprocessing": {
    "source": "real",
    "detectors_present": [
      "H1",
      "L1"
    ],
    "warnings": [
      "V1: no data \u2014 filled with unit white noise (posterior uses remaining detectors only)"
    ],
    "quality": {
      "H1": {
        "finite": true,
        "std": 0.977746307849884,
        "max_abs": 4.0638837814331055,
        "excess_kurtosis": -0.06703996658325195,
        "repeated_frac": 0.0,
        "whitening_norm": 46.741788915438214
      },
      "L1": {
        "finite": true,
        "std": 0.9818301796913147,
        "max_abs": 3.961163282394409,
        "excess_kurtosis": 0.0051500797271728516,
        "repeated_frac": 0.0,
        "whitening_norm": 46.30542302813522
      }
    },
    "timings": {
      "preprocess_s": 0.033,
      "gwosc_fetch_s": 5.19
    }
  }
}