{
  "param_names": [
    "mass_1",
    "mass_2",
    "luminosity_distance",
    "ra",
    "dec",
    "theta_jn",
    "psi",
    "phase",
    "geocent_time",
    "a1",
    "a2"
  ],
  "trigger_gps": 1135136350.6,
  "truth": {
    "mass_1": 14.9,
    "mass_2": 8.4,
    "luminosity_distance": 450.0
  },
  "summary": {
    "n_samples": 10000,
    "trigger_gps": 1135136350.6,
    "parameters": [
      {
        "param": "mass_1",
        "median": 20.732163429260254,
        "mean": 29.65388406816721,
        "map": 1.029689908027649,
        "std": 27.142384256666947,
        "ci50%": [
          7.242046236991882,
          46.229732513427734
        ],
        "ci68%": [
          2.5230696773529053,
          60.90557952880863
        ],
        "ci90%": [
          1.581028813123703,
          86.72694854736325
        ],
        "ci95%": [
          1.3082160234451294,
          93.22610397338863
        ],
        "truth": 14.9,
        "truth_in_90": true
      },
      {
        "param": "mass_2",
        "median": 6.7108399868011475,
        "mean": 10.481955146551131,
        "map": 1.0078083276748657,
        "std": 11.981990412799158,
        "ci50%": [
          1.9432077407836914,
          13.43498420715332
        ],
        "ci68%": [
          1.5470801353454589,
          18.86883285522461
        ],
        "ci90%": [
          1.1222934603691102,
          34.568073081970205
        ],
        "ci95%": [
          1.0447427809238434,
          44.8515236854553
        ],
        "truth": 8.4,
        "truth_in_90": true
      },
      {
        "param": "luminosity_distance",
        "median": 521.3297729492188,
        "mean": 662.4314096298218,
        "map": 40.786590576171875,
        "std": 517.5951436704709,
        "ci50%": [
          236.65133666992188,
          971.7059936523438
        ],
        "ci68%": [
          156.95432312011718,
          1228.575449218751
        ],
        "ci90%": [
          79.25772590637206,
          1737.5944458007812
        ],
        "ci95%": [
          56.94881401062014,
          1917.59599609375
        ],
        "truth": 450.0,
        "truth_in_90": true
      },
      {
        "param": "ra",
        "median": 3.5297781229019165,
        "mean": 3.421170755274316,
        "map": 2.300053596496582,
        "std": 1.9796056965967928,
        "ci50%": [
          1.6550670862197876,
          5.379793167114258
        ],
        "ci68%": [
          1.1712281465530394,
          5.648303127288819
        ],
        "ci90%": [
          0.3328550159931182,
          6.045932745933532
        ],
        "ci95%": [
          0.13793532177805903,
          6.148097431659698
        ]
      },
      {
        "param": "dec",
        "median": -0.07236051559448242,
        "mean": -0.10007113213539123,
        "map": -0.5147157907485962,
        "std": 0.7103851133521062,
        "ci50%": [
          -0.6844797432422638,
          0.46810418367385864
        ],
        "ci68%": [
          -0.9331815958023072,
          0.6714846086502082
        ],
        "ci90%": [
          -1.2415571928024294,
          1.0147941350936889
        ],
        "ci95%": [
          -1.3364218801259993,
          1.1558046817779537
        ]
      },
      {
        "param": "theta_jn",
        "median": 1.597490668296814,
        "mean": 1.5606093985692715,
        "map": 1.6007853746414185,
        "std": 0.7420624158002225,
        "ci50%": [
          0.9667172282934189,
          2.1609039306640625
        ],
        "ci68%": [
          0.7274620151519775,
          2.3635324478149418
        ],
        "ci90%": [
          0.33416230231523514,
          2.706665313243866
        ],
        "ci95%": [
          0.19525006599724312,
          2.831589275598526
        ]
      },
      {
        "param": "psi",
        "median": 1.5247172117233276,
        "mean": 1.5457313345301653,
        "map": 1.6092514991760254,
        "std": 0.9224319995121905,
        "ci50%": [
          0.7548948973417282,
          2.3680531978607178
        ],
        "ci68%": [
          0.4622152531147003,
          2.6413821887969977
        ],
        "ci90%": [
          0.122453312203288,
          2.991438162326813
        ],
        "ci95%": [
          0.05148235224187399,
          3.0708056032657622
        ]
      },
      {
        "param": "phase",
        "median": 3.081281542778015,
        "mean": 3.0808300649553084,
        "map": 5.647459506988525,
        "std": 1.847522206184023,
        "ci50%": [
          1.4695567786693573,
          4.669848203659058
        ],
        "ci68%": [
          0.8944330048561095,
          5.293018817901611
        ],
        "ci90%": [
          0.23080953359603876,
          5.974946999549865
        ],
        "ci95%": [
          0.10280607882887131,
          6.126830267906189
        ]
      },
      {
        "param": "geocent_time",
        "median": -0.21852368116378784,
        "mean": -0.1456533147752285,
        "map": 0.3420490026473999,
        "std": 0.759405326262064,
        "ci50%": [
          -0.7307405918836594,
          0.4131627082824707
        ],
        "ci68%": [
          -0.9507994341850282,
          0.7113968706130984
        ],
        "ci90%": [
          -1.3102975368499756,
          1.2120793461799622
        ],
        "ci95%": [
          -1.4183176308870316,
          1.3625302851200103
        ]
      },
      {
        "param": "a1",
        "median": 0.3755694776773453,
        "mean": 0.4085941071867943,
        "map": 0.042667537927627563,
        "std": 0.3174872915214354,
        "ci50%": [
          0.07894424349069595,
          0.6917598992586136
        ],
        "ci68%": [
          0.03525614023208618,
          0.8003089213371277
        ],
        "ci90%": [
          0.009938055276870727,
          0.9355928510427475
        ],
        "ci95%": [
          0.004036026448011404,
          0.9655912041664122
        ]
      },
      {
        "param": "a2",
        "median": 0.2260843813419342,
        "mean": 0.33083763431608676,
        "map": 0.003638148307800293,
        "std": 0.32257874595061664,
        "ci50%": [
          0.033498458564281464,
          0.6074319779872894
        ],
        "ci68%": [
          0.021204030513763426,
          0.7498075819015504
        ],
        "ci90%": [
          0.0059984236955642695,
          0.9199042230844496
        ],
        "ci95%": [
          0.0027662657201290167,
          0.9557469218969346
        ]
      }
    ],
    "diagnostics": {
      "runtime": {
        "preprocess_s": 0.059,
        "gwosc_fetch_s": null,
        "encode_s": 0.141,
        "sampling_s": 10.663,
        "total_s": 10.805
      },
      "memory": {
        "rss_mb": 924.1,
        "mps_allocated_mb": 53.4
      },
      "n_effective": 10000,
      "boundary_railing_frac": 0.0487,
      "log_prob": {
        "median": -20.907812118530273,
        "max": 20.9648380279541
      },
      "ood_flags": [
        "V1: no data \u2014 filled with unit white noise (posterior uses remaining detectors only)"
      ],
      "context_ood": {
        "mahalanobis": 11.09,
        "percentile_vs_validation": 99.2
      },
      "verdict": {
        "confidence": "MEDIUM",
        "reasons": [
          "context in the top 0.8% distance tail"
        ]
      },
      "refinement": {
        "refine": true,
        "refine_global": true,
        "untrusted_params": [
          "mass_1",
          "mass_2"
        ],
        "strong_indicators": [
          "chirp-mass posterior uninformative (90% width 425% of median)"
        ],
        "moderate_indicators": [
          "confidence MEDIUM",
          "context in top 0.8% OOD tail",
          "V1: no data \u2014 filled with unit white noise (posterior uses remaining detectors only)"
        ],
        "indicators": {
          "confidence": "MEDIUM",
          "ood_percentile": 99.2,
          "bias_region": {
            "q_in_attractor": true,
            "cell": {
              "mc": 10,
              "q": 0.4,
              "theta_jn": 1.57
            },
            "m1_bias": 1.22,
            "dl_bias": 1.64,
            "severe_mass_bias": false
          },
          "mc_width_frac": 4.252,
          "railing_frac": 0.0487
        },
        "recommendation": "run sampler refinement (compare_to_dynesty) before quoting these posteriors"
      }
    }
  },
  "covariance": [
    [
      736.7827014067033,
      172.84525448528382,
      6874.846873741009,
      0.06790168613014527,
      0.05061037733885451,
      -0.0642735653410315,
      0.08337953027360162,
      1.096174351939474,
      -2.1646327149780737,
      2.2091865252079397,
      1.7829372003594939
    ],
    [
      172.84525448528382,
      143.5824524976602,
      3795.415029117521,
      -0.4143449332188373,
      -0.04450447259150457,
      -0.21513636855212082,
      -0.04871836281849267,
      0.19820531924685486,
      -0.5836024591473385,
      0.629059863482911,
      1.2416227656022751
    ],
    [
      6874.846873741009,
      3795.415029117521,
      267931.52590384625,
      2.231453441135925,
      -2.24183195342857,
      -11.730992209446084,
      -12.000862143234531,
      9.943569659386615,
      -21.559397487897698,
      43.28380872073806,
      63.948014409125825
    ],
    [
      0.06790168613014527,
      -0.4143449332188373,
      2.231453441135925,
      3.9192306370621957,
      0.013865752262939362,
      0.02432814179606507,
      -0.0019436927794698122,
      0.03387072081707927,
      0.021112784043546443,
      0.008943157811971006,
      0.002904432870833241
    ],
    [
      0.05061037733885451,
      -0.04450447259150457,
      -2.24183195342857,
      0.013865752262939362,
      0.5046974790201865,
      -0.007257421219854454,
      -0.016650520643899616,
      0.03208415010711961,
      0.009420903794467781,
      -0.0023939529299275464,
      -0.0058428777669275
    ],
    [
      -0.0642735653410315,
      -0.21513636855212082,
      -11.730992209446084,
      0.02432814179606507,
      -0.007257421219854454,
      0.5507117001132723,
      -0.021675687313623793,
      0.008877120354979536,
      3.40849014823137e-05,
      -0.0010856895804086117,
      0.00044535638675305026
    ],
    [
      0.08337953027360162,
      -0.04871836281849267,
      -12.000862143234531,
      -0.0019436927794698122,
      -0.016650520643899616,
      -0.021675687313623793,
      0.8509658903130897,
      0.0174927792818024,
      0.005091105408499075,
      0.0027346561036306655,
      -0.001963322043438243
    ],
    [
      1.096174351939474,
      0.19820531924685486,
      9.943569659386615,
      0.03387072081707927,
      0.03208415010711961,
      0.008877120354979536,
      0.0174927792818024,
      3.4136796703101164,
      0.010117262045001359,
      0.0007156737471025724,
      0.001615485482049458
    ],
    [
      -2.1646327149780737,
      -0.5836024591473385,
      -21.559397487897698,
      0.021112784043546443,
      0.009420903794467781,
      3.40849014823137e-05,
      0.005091105408499075,
      0.010117262045001359,
      0.5767541249676884,
      -0.007459605535464132,
      -0.007595787223464126
    ],
    [
      2.2091865252079397,
      0.629059863482911,
      43.28380872073806,
      0.008943157811971006,
      -0.0023939529299275464,
      -0.0010856895804086117,
      0.0027346561036306655,
      0.0007156737471025724,
      -0.007459605535464132,
      0.10080826110372738,
      0.022744241457797795
    ],
    [
      1.7829372003594939,
      1.2416227656022751,
      63.948014409125825,
      0.002904432870833241,
      -0.0058428777669275,
      0.00044535638675305026,
      -0.001963322043438243,
      0.001615485482049458,
      -0.007595787223464126,
      0.022744241457797795,
      0.10406745408448144
    ]
  ],
  "correlation": [
    [
      1.0,
      0.5314189860724317,
      0.48930697917464494,
      0.0012636023873062044,
      0.0026245466543161505,
      -0.003190806950855974,
      0.003329918909166455,
      0.021857402162454544,
      -0.10500721803495945,
      0.2563389573728857,
      0.20361457919041417
    ],
    [
      0.5314189860724318,
      0.9999999999999999,
      0.611922864179509,
      -0.01746670310265051,
      -0.005228022011669497,
      -0.024193627980310946,
      -0.004407435096424443,
      0.008952683658285521,
      -0.06413145231327362,
      0.1653458241119203,
      0.32120442405275806
    ],
    [
      0.4893069791746449,
      0.611922864179509,
      1.0,
      0.0021775869759663867,
      -0.006096429817619631,
      -0.030539413054151202,
      -0.02513300756771073,
      0.010397262982457797,
      -0.054844029560681726,
      0.2633695117962026,
      0.3829637705061221
    ],
    [
      0.0012636023873062044,
      -0.017466703102650513,
      0.002177586975966387,
      0.9999999999999999,
      0.009858877220138826,
      0.01655946783962231,
      -0.0010643173317775251,
      0.009260035370709348,
      0.01404267161610119,
      0.014227953004405587,
      0.0045478220970417114
    ],
    [
      0.0026245466543161505,
      -0.005228022011669497,
      -0.006096429817619631,
      0.009858877220138826,
      1.0,
      -0.013765900014251264,
      -0.02540716301466813,
      0.02444351111269746,
      0.017461503947735907,
      -0.010613337567331939,
      -0.025494926731577893
    ],
    [
      -0.0031908069508559743,
      -0.024193627980310946,
      -0.030539413054151202,
      0.01655946783962231,
      -0.013765900014251264,
      0.9999999999999999,
      -0.031663188726407845,
      0.006474385779214078,
      6.047899096260619e-05,
      -0.004607819479953596,
      0.0018603217690050377
    ],
    [
      0.003329918909166455,
      -0.004407435096424443,
      -0.02513300756771073,
      -0.0010643173317775253,
      -0.025407163014668128,
      -0.031663188726407845,
      0.9999999999999999,
      0.01026340241340837,
      0.0072670919966222915,
      0.009336811297366984,
      -0.006597478771416809
    ],
    [
      0.021857402162454544,
      0.008952683658285521,
      0.010397262982457797,
      0.009260035370709348,
      0.024443511112697457,
      0.006474385779214078,
      0.010263402413408368,
      1.0,
      0.007210348583974237,
      0.001219988232812953,
      0.002710405135707175
    ],
    [
      -0.10500721803495944,
      -0.06413145231327362,
      -0.05484402956068173,
      0.01404267161610119,
      0.017461503947735907,
      6.047899096260619e-05,
      0.0072670919966222915,
      0.007210348583974237,
      1.0,
      -0.03093659032067838,
      -0.031004160104335075
    ],
    [
      0.2563389573728857,
      0.1653458241119203,
      0.26336951179620255,
      0.014227953004405587,
      -0.010613337567331937,
      -0.004607819479953596,
      0.009336811297366984,
      0.001219988232812953,
      -0.030936590320678376,
      1.0,
      0.22205774770381156
    ],
    [
      0.20361457919041417,
      0.3212044240527581,
      0.38296377050612207,
      0.0045478220970417114,
      -0.025494926731577897,
      0.0018603217690050377,
      -0.006597478771416809,
      0.002710405135707175,
      -0.031004160104335075,
      0.22205774770381156,
      0.9999999999999998
    ]
  ],
  "diagnostics": {
    "runtime": {
      "preprocess_s": 0.059,
      "gwosc_fetch_s": null,
      "encode_s": 0.141,
      "sampling_s": 10.663,
      "total_s": 10.805
    },
    "memory": {
      "rss_mb": 924.1,
      "mps_allocated_mb": 53.4
    },
    "n_effective": 10000,
    "boundary_railing_frac": 0.0487,
    "log_prob": {
      "median": -20.907812118530273,
      "max": 20.9648380279541
    },
    "ood_flags": [
      "V1: no data \u2014 filled with unit white noise (posterior uses remaining detectors only)"
    ],
    "context_ood": {
      "mahalanobis": 11.09,
      "percentile_vs_validation": 99.2
    },
    "verdict": {
      "confidence": "MEDIUM",
      "reasons": [
        "context in the top 0.8% distance tail"
      ]
    },
    "refinement": {
      "refine": true,
      "refine_global": true,
      "untrusted_params": [
        "mass_1",
        "mass_2"
      ],
      "strong_indicators": [
        "chirp-mass posterior uninformative (90% width 425% of median)"
      ],
      "moderate_indicators": [
        "confidence MEDIUM",
        "context in top 0.8% OOD tail",
        "V1: no data \u2014 filled with unit white noise (posterior uses remaining detectors only)"
      ],
      "indicators": {
        "confidence": "MEDIUM",
        "ood_percentile": 99.2,
        "bias_region": {
          "q_in_attractor": true,
          "cell": {
            "mc": 10,
            "q": 0.4,
            "theta_jn": 1.57
          },
          "m1_bias": 1.22,
          "dl_bias": 1.64,
          "severe_mass_bias": false
        },
        "mc_width_frac": 4.252,
        "railing_frac": 0.0487
      },
      "recommendation": "run sampler refinement (compare_to_dynesty) before quoting these posteriors"
    }
  },
  "config": {
    "model_path": "model/lean_coherentC/best_model.pth",
    "model_epoch": 40,
    "model_val_nll": 1.3679874420166016,
    "premerger": false,
    "psd_cond": true,
    "device": "mps",
    "num_samples": 10000,
    "rank": 0,
    "seed": 0,
    "event": null,
    "event_type": "BBH",
    "source": "real",
    "detectors_present": [
      "H1",
      "L1"
    ]
  },
  "reproducibility": {
    "git_commit": "995121aff136ae38385b8720269d5a16cb7438f5",
    "model_path": "model/lean_coherentC/best_model.pth",
    "model_epoch": 40,
    "model_val_nll": 1.3679874420166016,
    "premerger": false
  },
  "preprocessing": {
    "source": "real",
    "detectors_present": [
      "H1",
      "L1"
    ],
    "warnings": [
      "V1: no data \u2014 filled with unit white noise (posterior uses remaining detectors only)"
    ],
    "quality": {
      "H1": {
        "finite": true,
        "std": 0.9907671213150024,
        "max_abs": 4.321092128753662,
        "excess_kurtosis": -0.0051190853118896484,
        "repeated_frac": 0.0,
        "whitening_norm": 45.69708645162901
      },
      "L1": {
        "finite": true,
        "std": 1.0031466484069824,
        "max_abs": 4.014796733856201,
        "excess_kurtosis": -0.035155534744262695,
        "repeated_frac": 0.0,
        "whitening_norm": 45.946058344444324
      }
    },
    "timings": {
      "preprocess_s": 0.059
    }
  }
}