{
  "param_names": [
    "mass_1",
    "mass_2",
    "luminosity_distance",
    "ra",
    "dec",
    "theta_jn",
    "psi",
    "phase",
    "geocent_time",
    "a1",
    "a2"
  ],
  "trigger_gps": 1135136350.6,
  "truth": {
    "mass_1": 14.9,
    "mass_2": 8.4,
    "luminosity_distance": 450.0
  },
  "summary": {
    "n_samples": 10000,
    "trigger_gps": 1135136350.6,
    "parameters": [
      {
        "param": "mass_1",
        "median": 23.813152313232422,
        "mean": 31.145230462443827,
        "map": 2.4441072940826416,
        "std": 22.929790243577443,
        "ci50%": [
          14.020257711410522,
          45.44319248199463
        ],
        "ci68%": [
          11.07677780151367,
          56.47052642822272
        ],
        "ci90%": [
          2.3149535417556764,
          78.16655349731445
        ],
        "ci95%": [
          1.8021084576845172,
          84.93568458557125
        ],
        "truth": 14.9,
        "truth_in_90": true
      },
      {
        "param": "mass_2",
        "median": 5.951864242553711,
        "mean": 6.31615787127018,
        "map": 2.018195390701294,
        "std": 5.9957208140020555,
        "ci50%": [
          2.084608793258667,
          8.72560739517212
        ],
        "ci68%": [
          1.7080469131469727,
          10.114702796936037
        ],
        "ci90%": [
          1.2286993145942688,
          13.381840705871573
        ],
        "ci95%": [
          1.098701000213623,
          15.425720047950744
        ],
        "truth": 8.4,
        "truth_in_90": true
      },
      {
        "param": "luminosity_distance",
        "median": 768.8647766113281,
        "mean": 842.6328339782715,
        "map": 197.95433044433594,
        "std": 432.83459711700584,
        "ci50%": [
          528.6094818115234,
          1140.6929321289062
        ],
        "ci68%": [
          420.37804687499994,
          1301.668735351563
        ],
        "ci90%": [
          204.38333587646483,
          1623.5929382324216
        ],
        "ci95%": [
          154.7400714874268,
          1792.3672790527341
        ],
        "truth": 450.0,
        "truth_in_90": true
      },
      {
        "param": "ra",
        "median": 3.4260374307632446,
        "mean": 3.311066628530878,
        "map": 4.529021263122559,
        "std": 1.777982197140336,
        "ci50%": [
          1.7991383373737335,
          4.860296845436096
        ],
        "ci68%": [
          1.2017492818832396,
          5.336077785491945
        ],
        "ci90%": [
          0.3369091093540184,
          5.974369978904724
        ],
        "ci95%": [
          0.1520187243819238,
          6.1002847194671626
        ]
      },
      {
        "param": "dec",
        "median": 0.0988120436668396,
        "mean": 0.04242293229699135,
        "map": 0.3720508813858032,
        "std": 0.7667728577313934,
        "ci50%": [
          -0.6253348141908646,
          0.6796582341194153
        ],
        "ci68%": [
          -0.8542486810684204,
          0.9000569963455215
        ],
        "ci90%": [
          -1.179751843214035,
          1.2107816100120543
        ],
        "ci95%": [
          -1.265564426779747,
          1.294028031826019
        ]
      },
      {
        "param": "theta_jn",
        "median": 1.5824669003486633,
        "mean": 1.5826042090911914,
        "map": 0.8404956459999084,
        "std": 0.7970787032212145,
        "ci50%": [
          0.8944532424211502,
          2.3024507761001587
        ],
        "ci68%": [
          0.6835201215744017,
          2.4806587982177737
        ],
        "ci90%": [
          0.3560515195131302,
          2.760919177532196
        ],
        "ci95%": [
          0.24070366136729734,
          2.854348850250244
        ]
      },
      {
        "param": "psi",
        "median": 1.6611912846565247,
        "mean": 1.6319994100790762,
        "map": 2.3964290618896484,
        "std": 0.8524445677000941,
        "ci50%": [
          0.940944641828537,
          2.350160002708435
        ],
        "ci68%": [
          0.6522214889526367,
          2.6033367729187016
        ],
        "ci90%": [
          0.23799750059843064,
          2.9482940793037415
        ],
        "ci95%": [
          0.11381531208753588,
          3.049513190984726
        ]
      },
      {
        "param": "phase",
        "median": 2.991986632347107,
        "mean": 3.055348633663246,
        "map": 3.288109540939331,
        "std": 1.793629087341831,
        "ci50%": [
          1.5345568358898163,
          4.554208517074585
        ],
        "ci68%": [
          1.006004762649536,
          5.258724956512451
        ],
        "ci90%": [
          0.3160723850131035,
          5.977799844741821
        ],
        "ci95%": [
          0.17327615804970273,
          6.139207947254181
        ]
      },
      {
        "param": "geocent_time",
        "median": 0.07591187953948975,
        "mean": 0.07736915583610535,
        "map": 0.16787266731262207,
        "std": 0.3208530377099445,
        "ci50%": [
          0.040960460901260376,
          0.11994156241416931
        ],
        "ci68%": [
          0.022314057350158692,
          0.15829936027526864
        ],
        "ci90%": [
          -0.2598295152187349,
          0.4315110564231864
        ],
        "ci95%": [
          -0.8726380541920662,
          0.8483569383621209
        ]
      },
      {
        "param": "a1",
        "median": 0.5166454613208771,
        "mean": 0.4925379743337631,
        "map": 0.010033249855041504,
        "std": 0.30130923464956255,
        "ci50%": [
          0.23004984855651855,
          0.753098800778389
        ],
        "ci68%": [
          0.10939778685569757,
          0.8337542200088504
        ],
        "ci90%": [
          0.019137769937515255,
          0.9466264992952347
        ],
        "ci95%": [
          0.00916947051882744,
          0.9690365880727768
        ]
      },
      {
        "param": "a2",
        "median": 0.23848173022270203,
        "mean": 0.3343777108460665,
        "map": 0.006085872650146484,
        "std": 0.32728151053825466,
        "ci50%": [
          0.027533575892448425,
          0.625843957066536
        ],
        "ci68%": [
          0.01686311602592468,
          0.7529098486900333
        ],
        "ci90%": [
          0.00524365901947021,
          0.9123853713273998
        ],
        "ci95%": [
          0.002672015130519868,
          0.9557426482439041
        ]
      }
    ],
    "diagnostics": {
      "runtime": {
        "preprocess_s": 0.032,
        "gwosc_fetch_s": null,
        "encode_s": 0.01,
        "sampling_s": 8.323,
        "total_s": 8.334
      },
      "memory": {
        "rss_mb": 1280.9,
        "mps_allocated_mb": 33.1
      },
      "n_effective": 10000,
      "boundary_railing_frac": 0.0329,
      "log_prob": {
        "median": -16.3681640625,
        "max": 15.483590126037598
      },
      "ood_flags": [
        "V1: no data \u2014 filled with unit white noise (posterior uses remaining detectors only)"
      ],
      "context_ood": {
        "mahalanobis": 9.11,
        "percentile_vs_validation": 66.0
      },
      "verdict": {
        "confidence": "HIGH",
        "reasons": [
          "V1: no data \u2014 filled with unit white noise (posterior uses remaining detectors only)"
        ]
      }
    }
  },
  "covariance": [
    [
      525.8278634007993,
      -7.712529579724278,
      811.0451554725638,
      -2.4919176951267024,
      0.7877698848455384,
      0.2776430409854138,
      0.2518172595051746,
      -0.10306326658602072,
      -0.8442249898847736,
      2.1163421343081015,
      -1.8016831588752096
    ],
    [
      -7.712529579724278,
      35.95226330578806,
      1452.7238689606272,
      -0.44613333637651426,
      -0.05899931375014951,
      -0.16815137870848773,
      -0.3375502297415099,
      0.04015004847064139,
      -0.10121108786910184,
      0.3093423576449697,
      0.8454172822425512
    ],
    [
      811.0451554725638,
      1452.7238689606272,
      187364.52491393217,
      34.59968208460832,
      2.9889317303767764,
      -3.059887827748374,
      -32.837995761095684,
      3.6056959917572113,
      -11.166779132387662,
      49.16054112367978,
      68.47564618525023
    ],
    [
      -2.4919176951267024,
      -0.44613333637651426,
      34.59968208460832,
      3.16153684703268,
      0.1967211831449901,
      -0.02350508064902857,
      0.05447264870991099,
      -0.009167419112515259,
      0.013925101320303808,
      -0.010127664071453768,
      0.0325599073926126
    ],
    [
      0.7877698848455384,
      -0.05899931375014951,
      2.9889317303767764,
      0.1967211831449901,
      0.5879994152950972,
      -0.010527592181286433,
      0.005633314582982448,
      -0.013683480330805374,
      0.009566406757315904,
      -0.0023974919693495154,
      -0.002650466748883439
    ],
    [
      0.2776430409854138,
      -0.16815137870848773,
      -3.059887827748374,
      -0.02350508064902857,
      -0.010527592181286433,
      0.6353979989287061,
      -0.015422627273293162,
      -0.018046359082497458,
      0.003106935112951726,
      0.011332594599660151,
      -0.01098735270390054
    ],
    [
      0.2518172595051746,
      -0.3375502297415099,
      -32.837995761095684,
      0.05447264870991099,
      0.005633314582982448,
      -0.015422627273293162,
      0.7267344144428449,
      0.028029884325073716,
      -0.0014481392641535328,
      -0.009318065617909954,
      -0.022072535086453418
    ],
    [
      -0.10306326658602072,
      0.04015004847064139,
      3.6056959917572113,
      -0.009167419112515259,
      -0.013683480330805374,
      -0.018046359082497458,
      0.028029884325073716,
      3.217427045663256,
      0.0002042787438511624,
      -0.01050441992303131,
      -0.010324061680895023
    ],
    [
      -0.8442249898847736,
      -0.10121108786910184,
      -11.166779132387662,
      0.013925101320303808,
      0.009566406757315904,
      0.003106935112951726,
      -0.0014481392641535328,
      0.0002042787438511624,
      0.10295696750444945,
      -0.003337181093641285,
      -0.004769626219301995
    ],
    [
      2.1163421343081015,
      0.3093423576449697,
      49.16054112367978,
      -0.010127664071453768,
      -0.0023974919693495154,
      0.011332594599660151,
      -0.009318065617909954,
      -0.01050441992303131,
      -0.003337181093641285,
      0.09079633451855704,
      0.020507026536973155
    ],
    [
      -1.8016831588752096,
      0.8454172822425512,
      68.47564618525023,
      0.0325599073926126,
      -0.002650466748883439,
      -0.01098735270390054,
      -0.022072535086453418,
      -0.010324061680895023,
      -0.004769626219301995,
      0.020507026536973155,
      0.10712389953015473
    ]
  ],
  "correlation": [
    [
      1.0,
      -0.05609342096185893,
      0.08171081714840273,
      -0.06111710472483194,
      0.04480114665181299,
      0.015189450866690796,
      0.012881778646089826,
      -0.0025056923754173746,
      -0.11473833267726564,
      0.30628795807422005,
      -0.24005648048836908
    ],
    [
      -0.05609342096185893,
      1.0,
      0.5597270186286135,
      -0.04184585389948343,
      -0.012832030854390055,
      -0.03518150333458441,
      -0.06603701387733917,
      0.003733091217278376,
      -0.05260622084655322,
      0.17121512023927568,
      0.43078920995110653
    ],
    [
      0.08171081714840273,
      0.5597270186286136,
      1.0,
      0.044955134498930474,
      0.009005003071812913,
      -0.008868269887755648,
      -0.08899079694092166,
      0.004643987797563262,
      -0.08040005984803904,
      0.3769110009235556,
      0.48333613999178116
    ],
    [
      -0.06111710472483195,
      -0.04184585389948342,
      0.04495513449893048,
      1.0,
      0.14428246609382384,
      -0.01658401570548791,
      0.035936974043587824,
      -0.0028743762033290906,
      0.024407391576354517,
      -0.0189027941796344,
      0.05594880956008456
    ],
    [
      0.044801146651812986,
      -0.012832030854390055,
      0.009005003071812913,
      0.14428246609382386,
      0.9999999999999999,
      -0.01722335227199069,
      0.00861762702965949,
      -0.009948412191810965,
      0.038880561170234626,
      -0.010376109730580611,
      -0.010560651868277657
    ],
    [
      0.015189450866690794,
      -0.03518150333458441,
      -0.00886826988775565,
      -0.01658401570548791,
      -0.01722335227199069,
      1.0,
      -0.022695908828040377,
      -0.012621539161766813,
      0.012147345686582251,
      0.04718155753921911,
      -0.04211404509686856
    ],
    [
      0.012881778646089824,
      -0.06603701387733917,
      -0.08899079694092166,
      0.035936974043587824,
      0.00861762702965949,
      -0.022695908828040377,
      0.9999999999999999,
      0.01833070161534171,
      -0.005294129914950453,
      -0.036274692780604745,
      -0.07910813860030222
    ],
    [
      -0.0025056923754173746,
      0.0037330912172783763,
      0.0046439877975632616,
      -0.0028743762033290906,
      -0.009948412191810967,
      -0.012621539161766813,
      0.01833070161534171,
      0.9999999999999999,
      0.0003549285651307639,
      -0.019434956034215082,
      -0.017585432330218115
    ],
    [
      -0.11473833267726564,
      -0.05260622084655322,
      -0.08040005984803904,
      0.024407391576354517,
      0.038880561170234626,
      0.012147345686582251,
      -0.005294129914950452,
      0.0003549285651307639,
      1.0,
      -0.0345157842117214,
      -0.045416460852290674
    ],
    [
      0.30628795807422005,
      0.17121512023927565,
      0.3769110009235557,
      -0.0189027941796344,
      -0.010376109730580611,
      0.04718155753921911,
      -0.036274692780604745,
      -0.019434956034215085,
      -0.034515784211721405,
      1.0,
      0.20793392359792623
    ],
    [
      -0.2400564804883691,
      0.4307892099511065,
      0.48333613999178116,
      0.05594880956008456,
      -0.010560651868277657,
      -0.04211404509686856,
      -0.07910813860030222,
      -0.017585432330218115,
      -0.045416460852290674,
      0.2079339235979262,
      0.9999999999999998
    ]
  ],
  "diagnostics": {
    "runtime": {
      "preprocess_s": 0.032,
      "gwosc_fetch_s": null,
      "encode_s": 0.01,
      "sampling_s": 8.323,
      "total_s": 8.334
    },
    "memory": {
      "rss_mb": 1280.9,
      "mps_allocated_mb": 33.1
    },
    "n_effective": 10000,
    "boundary_railing_frac": 0.0329,
    "log_prob": {
      "median": -16.3681640625,
      "max": 15.483590126037598
    },
    "ood_flags": [
      "V1: no data \u2014 filled with unit white noise (posterior uses remaining detectors only)"
    ],
    "context_ood": {
      "mahalanobis": 9.11,
      "percentile_vs_validation": 66.0
    },
    "verdict": {
      "confidence": "HIGH",
      "reasons": [
        "V1: no data \u2014 filled with unit white noise (posterior uses remaining detectors only)"
      ]
    }
  },
  "config": {
    "model_path": "model/lean_npe_v3/best_model.pth",
    "model_epoch": 20,
    "model_val_nll": -0.7119142274837941,
    "premerger": false,
    "device": "mps",
    "num_samples": 10000,
    "rank": 0,
    "seed": 0,
    "event": null,
    "event_type": "BBH",
    "source": "real",
    "detectors_present": [
      "H1",
      "L1"
    ]
  },
  "reproducibility": {
    "git_commit": "ece3a0f52ab84627ddf97e05fe430a015d6b5523",
    "model_path": "model/lean_npe_v3/best_model.pth",
    "model_epoch": 20,
    "model_val_nll": -0.7119142274837941,
    "premerger": false
  },
  "preprocessing": {
    "source": "real",
    "detectors_present": [
      "H1",
      "L1"
    ],
    "warnings": [
      "V1: no data \u2014 filled with unit white noise (posterior uses remaining detectors only)"
    ],
    "quality": {
      "H1": {
        "finite": true,
        "std": 0.9907671213150024,
        "max_abs": 4.321092128753662,
        "excess_kurtosis": -0.0051190853118896484,
        "repeated_frac": 0.0,
        "whitening_norm": 45.697086451629325
      },
      "L1": {
        "finite": true,
        "std": 1.0031466484069824,
        "max_abs": 4.014796733856201,
        "excess_kurtosis": -0.035155534744262695,
        "repeated_frac": 0.0,
        "whitening_norm": 45.94605834444418
      }
    },
    "timings": {
      "preprocess_s": 0.032
    }
  }
}