{
  "param_names": [
    "mass_1",
    "mass_2",
    "luminosity_distance",
    "ra",
    "dec",
    "theta_jn",
    "psi",
    "phase",
    "geocent_time",
    "a1",
    "a2"
  ],
  "trigger_gps": 1135136350.6,
  "truth": null,
  "summary": {
    "n_samples": 3000,
    "trigger_gps": 1135136350.6,
    "parameters": [
      {
        "param": "mass_1",
        "median": 13.329045295715332,
        "mean": 20.79943214360873,
        "map": 29.514432907104492,
        "std": 22.870991711867507,
        "ci50%": [
          2.366981565952301,
          28.657086849212646
        ],
        "ci68%": [
          1.9662365245819091,
          42.6164356994629
        ],
        "ci90%": [
          1.3359956383705138,
          72.35735282897947
        ],
        "ci95%": [
          1.1677331387996677,
          85.38587799072268
        ]
      },
      {
        "param": "mass_2",
        "median": 2.163078784942627,
        "mean": 5.202359110275904,
        "map": 29.502880096435547,
        "std": 6.390426527203261,
        "ci50%": [
          1.4187252819538116,
          7.274903655052185
        ],
        "ci68%": [
          1.241703691482544,
          9.586655311584474
        ],
        "ci90%": [
          1.0550339281558991,
          15.248499202728267
        ],
        "ci95%": [
          1.0187902480363846,
          18.608603668212904
        ]
      },
      {
        "param": "luminosity_distance",
        "median": 613.5101928710938,
        "mean": 765.5029473635356,
        "map": 1062.9227294921875,
        "std": 550.0546578627066,
        "ci50%": [
          269.81302642822266,
          1188.2777099609375
        ],
        "ci68%": [
          220.46737304687497,
          1451.275844726563
        ],
        "ci90%": [
          148.7325759887695,
          1796.7926391601559
        ],
        "ci95%": [
          116.04954586029054,
          1929.189004516602
        ]
      },
      {
        "param": "ra",
        "median": 3.2870123386383057,
        "mean": 3.2699309933006298,
        "map": 0.06369653344154358,
        "std": 1.7982656132727133,
        "ci50%": [
          1.7803957164287567,
          4.842911601066589
        ],
        "ci68%": [
          1.1893882894515988,
          5.3279327583313
        ],
        "ci90%": [
          0.3280014336109161,
          5.992629885673521
        ],
        "ci95%": [
          0.1497957263141872,
          6.138362872600555
        ]
      },
      {
        "param": "dec",
        "median": -0.022671163082122803,
        "mean": -0.02667927720149358,
        "map": -0.00201570987701416,
        "std": 0.6933926937494537,
        "ci50%": [
          -0.5798077881336212,
          0.5070131421089172
        ],
        "ci68%": [
          -0.7870986938476563,
          0.7312601804733277
        ],
        "ci90%": [
          -1.1450576961040497,
          1.1153744459152213
        ],
        "ci95%": [
          -1.262743857502937,
          1.2268886566162112
        ]
      },
      {
        "param": "theta_jn",
        "median": 1.4493613243103027,
        "mean": 1.5180703548600238,
        "map": 0.014948260970413685,
        "std": 0.774653194037031,
        "ci50%": [
          0.8593214303255081,
          2.1879209876060486
        ],
        "ci68%": [
          0.6743391728401184,
          2.399778156280518
        ],
        "ci90%": [
          0.3411217078566551,
          2.75209743976593
        ],
        "ci95%": [
          0.23251088708639148,
          2.876164937019348
        ]
      },
      {
        "param": "psi",
        "median": 1.5752467513084412,
        "mean": 1.5838341339891777,
        "map": 0.004022018518298864,
        "std": 0.8842747745286612,
        "ci50%": [
          0.8348526805639267,
          2.3449372053146362
        ],
        "ci68%": [
          0.5633755564689634,
          2.60163013458252
        ],
        "ci90%": [
          0.16484958603978134,
          2.9587293744087213
        ],
        "ci95%": [
          0.07733686659485126,
          3.060546499490738
        ]
      },
      {
        "param": "phase",
        "median": 3.114688515663147,
        "mean": 3.1198488384885326,
        "map": 0.010592557489871979,
        "std": 1.8087333463896105,
        "ci50%": [
          1.5216368734836578,
          4.666468143463135
        ],
        "ci68%": [
          0.9636074113845823,
          5.26505449295044
        ],
        "ci90%": [
          0.3227763891220088,
          5.965003800392151
        ],
        "ci95%": [
          0.15921542197465932,
          6.103904497623444
        ]
      },
      {
        "param": "geocent_time",
        "median": 0.11780297756195068,
        "mean": 0.14565381997823715,
        "map": 0.062039971351623535,
        "std": 0.68552673296468,
        "ci50%": [
          -0.08713206648826599,
          0.5480976700782776
        ],
        "ci68%": [
          -0.46823915958404544,
          0.8301320981979371
        ],
        "ci90%": [
          -1.2177934646606445,
          1.3392325758934018
        ],
        "ci95%": [
          -1.3860485881567002,
          1.4151709794998169
        ]
      },
      {
        "param": "a1",
        "median": 0.3006621450185776,
        "mean": 0.3627537883718808,
        "map": 0.0021870434284210205,
        "std": 0.3244830915101247,
        "ci50%": [
          0.03727535903453827,
          0.6561961024999619
        ],
        "ci68%": [
          0.024327419996261597,
          0.7618349003791813
        ],
        "ci90%": [
          0.007158814370632169,
          0.9193187564611435
        ],
        "ci95%": [
          0.0037784919142723103,
          0.9499995529651643
        ]
      },
      {
        "param": "a2",
        "median": 0.042587876319885254,
        "mean": 0.216821168700854,
        "map": 0.0019790828227996826,
        "std": 0.28998738326050394,
        "ci50%": [
          0.022284358739852905,
          0.36070578545331955
        ],
        "ci68%": [
          0.014176224470138549,
          0.5962955951690676
        ],
        "ci90%": [
          0.004315431416034697,
          0.8520143508911131
        ],
        "ci95%": [
          0.0022853016853332533,
          0.9273804724216466
        ]
      }
    ],
    "diagnostics": {
      "runtime": {
        "preprocess_s": 0.028,
        "gwosc_fetch_s": 4.26,
        "encode_s": 0.005,
        "sampling_s": 1.606,
        "total_s": 5.896
      },
      "memory": {
        "rss_mb": 4543.5,
        "mps_allocated_mb": 128.8
      },
      "n_effective": 3000,
      "boundary_railing_frac": 0.0413,
      "log_prob": {
        "median": -17.675260543823242,
        "max": 25.78799057006836
      },
      "ood_flags": [
        "V1: no data \u2014 filled with unit white noise (posterior uses remaining detectors only)"
      ],
      "context_ood": {
        "mahalanobis": 4.33,
        "percentile_vs_validation": 40.6
      },
      "verdict": {
        "confidence": "HIGH",
        "reasons": [
          "V1: no data \u2014 filled with unit white noise (posterior uses remaining detectors only)"
        ]
      },
      "refinement": {
        "refine": true,
        "refine_global": true,
        "untrusted_params": [],
        "strong_indicators": [
          "chirp-mass posterior uninformative (90% width 353% of median)"
        ],
        "moderate_indicators": [
          "V1: no data \u2014 filled with unit white noise (posterior uses remaining detectors only)"
        ],
        "indicators": {
          "confidence": "HIGH",
          "ood_percentile": 40.6,
          "bias_region": {
            "q_in_attractor": false,
            "cell": {
              "mc": 10,
              "q": 0.4,
              "theta_jn": 1.57
            },
            "m1_bias": 1.22,
            "dl_bias": 1.64,
            "severe_mass_bias": false
          },
          "mc_width_frac": 3.531,
          "railing_frac": 0.0413
        },
        "recommendation": "run sampler refinement (compare_to_dynesty) before quoting these posteriors"
      }
    }
  },
  "covariance": [
    [
      523.2566807779046,
      49.566691284393045,
      5747.38317666515,
      -2.8601499442108076,
      0.36696263999805856,
      -0.039400346099360294,
      0.014642859959976356,
      0.0011412768921865008,
      -1.82896633142513,
      2.857039835204968,
      1.3360274448282312
    ],
    [
      49.566691284393045,
      40.851168255668405,
      2297.095515657129,
      -0.2523787371517002,
      0.13339770135593648,
      0.03490140790130011,
      -0.15950402010398868,
      0.09899024498933243,
      -0.2798573549998923,
      0.5108712091298693,
      0.9770144283466988
    ],
    [
      5747.38317666515,
      2297.095515657129,
      302661.0136410061,
      -10.381559199809724,
      8.685266766094667,
      3.5368207614992624,
      -17.24742363147045,
      6.666304697669526,
      -28.675161900927538,
      74.02569239367953,
      100.49082411629988
    ],
    [
      -2.8601499442108076,
      -0.2523787371517002,
      -10.381559199809724,
      3.2348374950441,
      0.002068755363726708,
      0.06539886808584214,
      0.03804445594137458,
      -0.0959660250640194,
      0.06418823313225426,
      -0.006078217490708656,
      0.006424615982834737
    ],
    [
      0.36696263999805856,
      0.13339770135593648,
      8.685266766094667,
      0.002068755363726708,
      0.4809537456603437,
      -0.011907339373455129,
      -0.011584642576382307,
      0.04430231095805622,
      0.016803864151018123,
      0.0026000899016838494,
      0.004768253877732136
    ],
    [
      -0.039400346099360294,
      0.03490140790130011,
      3.5368207614992624,
      0.06539886808584214,
      -0.011907339373455129,
      0.6002876669207491,
      0.0015847213846747017,
      -0.00557417595838103,
      0.004699135436964847,
      0.003212320603152957,
      -0.0003860052186116035
    ],
    [
      0.014642859959976356,
      -0.15950402010398868,
      -17.24742363147045,
      0.03804445594137458,
      -0.011584642576382307,
      0.0015847213846747017,
      0.7822026110714047,
      0.02201552336128523,
      -0.011856197172936905,
      -0.0036779828086438743,
      -0.004722531433004432
    ],
    [
      0.0011412768921865008,
      0.09899024498933243,
      6.666304697669526,
      -0.0959660250640194,
      0.04430231095805622,
      -0.00557417595838103,
      0.02201552336128523,
      3.2726071874042164,
      0.0016884745449283183,
      0.012663504474711247,
      -0.0051421204377566365
    ],
    [
      -1.82896633142513,
      -0.2798573549998923,
      -28.675161900927538,
      0.06418823313225426,
      0.016803864151018123,
      0.004699135436964847,
      -0.011856197172936905,
      0.0016884745449283183,
      0.47010360281016433,
      -0.004542835086307681,
      -0.005676482954276051
    ],
    [
      2.857039835204968,
      0.5108712091298693,
      74.02569239367953,
      -0.006078217490708656,
      0.0026000899016838494,
      0.003212320603152957,
      -0.0036779828086438743,
      0.012663504474711247,
      -0.004542835086307681,
      0.10532438480423612,
      0.02540271527188469
    ],
    [
      1.3360274448282312,
      0.9770144283466988,
      100.49082411629988,
      0.006424615982834737,
      0.004768253877732136,
      -0.0003860052186116035,
      -0.004722531433004432,
      -0.0051421204377566365,
      -0.005676482954276051,
      0.02540271527188469,
      0.08412072269117159
    ]
  ],
  "correlation": [
    [
      1.0,
      0.33902388635003466,
      0.4567036897232158,
      -0.0695192657559234,
      0.023131979825273527,
      -0.002223120151685999,
      0.0007237838482166865,
      2.7579519350843362e-05,
      -0.1166142249131929,
      0.3848526126229841,
      0.20137543474343045
    ],
    [
      0.33902388635003466,
      1.0,
      0.6532788114007333,
      -0.021954537281244742,
      0.030095007087952673,
      0.007047920484111106,
      -0.02821693009597219,
      0.008561369056835485,
      -0.06386129115927576,
      0.24628883365898513,
      0.5270444438448052
    ],
    [
      0.45670368972321584,
      0.6532788114007333,
      0.9999999999999998,
      -0.010491995834998592,
      0.022764245754707535,
      0.008297649764964462,
      -0.035447561025879835,
      0.006698228813464013,
      -0.07602052205725207,
      0.41460999894387635,
      0.6297913177281543
    ],
    [
      -0.0695192657559234,
      -0.021954537281244742,
      -0.01049199583499859,
      1.0,
      0.001658560229516554,
      0.046931484005848005,
      0.023916934433763186,
      -0.029494723721831928,
      0.052051397881963564,
      -0.010413231805819063,
      0.012315993245413567
    ],
    [
      0.023131979825273524,
      0.030095007087952673,
      0.022764245754707535,
      0.0016585602295165543,
      1.0,
      -0.02216069444494967,
      -0.018887364104829215,
      0.035312444733888365,
      0.03533952569699912,
      0.011552400677271611,
      0.023705887409494027
    ],
    [
      -0.002223120151685999,
      0.007047920484111105,
      0.008297649764964462,
      0.046931484005848005,
      -0.022160694444949666,
      1.0,
      0.0023126695242760443,
      -0.003976985646292432,
      0.00884588852512566,
      0.012775405895337818,
      -0.0017177579541879867
    ],
    [
      0.0007237838482166865,
      -0.028216930095972193,
      -0.03544756102587983,
      0.023916934433763182,
      -0.018887364104829215,
      0.0023126695242760447,
      0.9999999999999999,
      0.013760127039979113,
      -0.019551901142959512,
      -0.012814025937588413,
      -0.018410421389627903
    ],
    [
      2.7579519350843362e-05,
      0.008561369056835485,
      0.006698228813464013,
      -0.029494723721831928,
      0.035312444733888365,
      -0.0039769856462924325,
      0.013760127039979114,
      1.0,
      0.001361290419267036,
      0.02156962042881616,
      -0.009800400118858391
    ],
    [
      -0.1166142249131929,
      -0.06386129115927576,
      -0.07602052205725207,
      0.05205139788196357,
      0.03533952569699913,
      0.00884588852512566,
      -0.019551901142959512,
      0.001361290419267036,
      1.0,
      -0.020415767726483944,
      -0.028545065949546547
    ],
    [
      0.38485261262298404,
      0.24628883365898513,
      0.41460999894387635,
      -0.010413231805819063,
      0.011552400677271611,
      0.012775405895337818,
      -0.012814025937588413,
      0.02156962042881616,
      -0.020415767726483944,
      0.9999999999999998,
      0.2698759457707169
    ],
    [
      0.20137543474343045,
      0.5270444438448052,
      0.6297913177281543,
      0.012315993245413567,
      0.023705887409494027,
      -0.001717757954187987,
      -0.018410421389627903,
      -0.009800400118858391,
      -0.028545065949546547,
      0.26987594577071694,
      0.9999999999999998
    ]
  ],
  "diagnostics": {
    "runtime": {
      "preprocess_s": 0.028,
      "gwosc_fetch_s": 4.26,
      "encode_s": 0.005,
      "sampling_s": 1.606,
      "total_s": 5.896
    },
    "memory": {
      "rss_mb": 4543.5,
      "mps_allocated_mb": 128.8
    },
    "n_effective": 3000,
    "boundary_railing_frac": 0.0413,
    "log_prob": {
      "median": -17.675260543823242,
      "max": 25.78799057006836
    },
    "ood_flags": [
      "V1: no data \u2014 filled with unit white noise (posterior uses remaining detectors only)"
    ],
    "context_ood": {
      "mahalanobis": 4.33,
      "percentile_vs_validation": 40.6
    },
    "verdict": {
      "confidence": "HIGH",
      "reasons": [
        "V1: no data \u2014 filled with unit white noise (posterior uses remaining detectors only)"
      ]
    },
    "refinement": {
      "refine": true,
      "refine_global": true,
      "untrusted_params": [],
      "strong_indicators": [
        "chirp-mass posterior uninformative (90% width 353% of median)"
      ],
      "moderate_indicators": [
        "V1: no data \u2014 filled with unit white noise (posterior uses remaining detectors only)"
      ],
      "indicators": {
        "confidence": "HIGH",
        "ood_percentile": 40.6,
        "bias_region": {
          "q_in_attractor": false,
          "cell": {
            "mc": 10,
            "q": 0.4,
            "theta_jn": 1.57
          },
          "m1_bias": 1.22,
          "dl_bias": 1.64,
          "severe_mass_bias": false
        },
        "mc_width_frac": 3.531,
        "railing_frac": 0.0413
      },
      "recommendation": "run sampler refinement (compare_to_dynesty) before quoting these posteriors"
    }
  },
  "config": {
    "model_path": "model/lean_v6/best_model.pth",
    "model_epoch": 38,
    "model_val_nll": -0.017256081197410823,
    "premerger": false,
    "device": "mps",
    "num_samples": 3000,
    "rank": 0,
    "seed": 0,
    "event": "GW151226",
    "event_type": "BBH",
    "source": "real",
    "detectors_present": [
      "H1",
      "L1"
    ]
  },
  "reproducibility": {
    "git_commit": "d6c307609f9e58de343f817c5bb3044b3fcc8171",
    "model_path": "model/lean_v6/best_model.pth",
    "model_epoch": 38,
    "model_val_nll": -0.017256081197410823,
    "premerger": false
  },
  "preprocessing": {
    "source": "real",
    "detectors_present": [
      "H1",
      "L1"
    ],
    "warnings": [
      "V1: no data \u2014 filled with unit white noise (posterior uses remaining detectors only)"
    ],
    "quality": {
      "H1": {
        "finite": true,
        "std": 0.9907671213150024,
        "max_abs": 4.321092128753662,
        "excess_kurtosis": -0.0051190853118896484,
        "repeated_frac": 0.0,
        "whitening_norm": 45.69708645162901
      },
      "L1": {
        "finite": true,
        "std": 1.0031466484069824,
        "max_abs": 4.014796733856201,
        "excess_kurtosis": -0.035155534744262695,
        "repeated_frac": 0.0,
        "whitening_norm": 45.946058344444324
      }
    },
    "timings": {
      "preprocess_s": 0.028,
      "gwosc_fetch_s": 4.26
    }
  }
}