{
  "param_names": [
    "mass_1",
    "mass_2",
    "luminosity_distance",
    "ra",
    "dec",
    "theta_jn",
    "psi",
    "phase",
    "geocent_time",
    "a1",
    "a2"
  ],
  "trigger_gps": 1126259462.4,
  "truth": null,
  "summary": {
    "n_samples": 3000,
    "trigger_gps": 1126259462.4,
    "parameters": [
      {
        "param": "mass_1",
        "median": 46.67529296875,
        "mean": 50.4193155968984,
        "map": 34.03730392456055,
        "std": 21.962671717473622,
        "ci50%": [
          30.038986206054688,
          67.71812438964844
        ],
        "ci68%": [
          29.987102737426756,
          76.63090545654299
        ],
        "ci90%": [
          29.90747013092041,
          91.5264533996582
        ],
        "ci95%": [
          29.87359199523926,
          94.96127681732177
        ]
      },
      {
        "param": "mass_2",
        "median": 29.914657592773438,
        "mean": 31.92594175652663,
        "map": 29.683317184448242,
        "std": 9.72760623104906,
        "ci50%": [
          29.70276117324829,
          35.217918395996094
        ],
        "ci68%": [
          26.329379272460937,
          40.504432983398445
        ],
        "ci90%": [
          17.30244207382202,
          49.87785625457762
        ],
        "ci95%": [
          12.654236102104193,
          54.86979579925537
        ]
      },
      {
        "param": "luminosity_distance",
        "median": 1078.6075439453125,
        "mean": 1180.1951717465718,
        "map": 893.5039672851562,
        "std": 353.5806062956633,
        "ci50%": [
          917.3277130126953,
          1444.58154296875
        ],
        "ci68%": [
          869.4731958007812,
          1577.2111914062502
        ],
        "ci90%": [
          767.1971221923827,
          1829.0339416503903
        ],
        "ci95%": [
          658.6054595947267,
          1926.2836029052737
        ]
      },
      {
        "param": "ra",
        "median": 2.1157175302505493,
        "mean": 2.542012069226791,
        "map": 0.27941858768463135,
        "std": 2.3809373535255753,
        "ci50%": [
          0.005360038368962705,
          4.864354729652405
        ],
        "ci68%": [
          0.0031224524322897187,
          5.596335868835452
        ],
        "ci90%": [
          0.0012576227600220589,
          6.281288409233094
        ],
        "ci95%": [
          0.0006036070466507239,
          6.282369136810303
        ]
      },
      {
        "param": "dec",
        "median": -9.369850158691406e-05,
        "mean": -0.008705344994862875,
        "map": 0.03993797302246094,
        "std": 0.5449081775245799,
        "ci50%": [
          -0.1964973509311676,
          0.10608482360839844
        ],
        "ci68%": [
          -0.539576144218445,
          0.49228107929229886
        ],
        "ci90%": [
          -0.9901538848876954,
          1.0364285707473753
        ],
        "ci95%": [
          -1.1423030078411098,
          1.2433858811855318
        ]
      },
      {
        "param": "theta_jn",
        "median": 0.7021586000919342,
        "mean": 0.9163487928395287,
        "map": 0.05503689870238304,
        "std": 0.9788270755922538,
        "ci50%": [
          0.00020052510808454826,
          1.7857538163661957
        ],
        "ci68%": [
          0.0,
          2.206025123596192
        ],
        "ci90%": [
          0.0,
          2.648489809036254
        ],
        "ci95%": [
          0.0,
          2.791622120141983
        ]
      },
      {
        "param": "psi",
        "median": 2.2148020267486572,
        "mean": 1.9525545704263605,
        "map": 0.25775614380836487,
        "std": 1.1629714253076564,
        "ci50%": [
          0.8788999319076538,
          3.1404411792755127
        ],
        "ci68%": [
          0.4234540259838103,
          3.140855312347412
        ],
        "ci90%": [
          0.0005672704864991826,
          3.1413178205490113
        ],
        "ci95%": [
          0.00018894582972279773,
          3.14144589304924
        ]
      },
      {
        "param": "phase",
        "median": 4.277587413787842,
        "mean": 3.8361190616129983,
        "map": 0.08634091168642044,
        "std": 2.3629361772227715,
        "ci50%": [
          1.6427422165870667,
          6.280068755149841
        ],
        "ci68%": [
          0.6349514603614804,
          6.281200790405274
        ],
        "ci90%": [
          0.0015451598970685145,
          6.282506322860717
        ],
        "ci95%": [
          0.0004972095877747055,
          6.282821750640869
        ]
      },
      {
        "param": "geocent_time",
        "median": 0.03700941801071167,
        "mean": 0.02372331964969635,
        "map": 0.0027163028717041016,
        "std": 0.18426467635601834,
        "ci50%": [
          0.017942994832992554,
          0.0445915162563324
        ],
        "ci68%": [
          0.009177999496459961,
          0.047155838012695316
        ],
        "ci90%": [
          -0.012886905670166019,
          0.0604306936264038
        ],
        "ci95%": [
          -0.05823037922382345,
          0.08861070573329928
        ]
      },
      {
        "param": "a1",
        "median": 0.10927721858024597,
        "mean": 0.2817528621653716,
        "map": 0.016841799020767212,
        "std": 0.32361853985766015,
        "ci50%": [
          0.0001276358962059021,
          0.5555712282657623
        ],
        "ci68%": [
          3.5113096237182605e-05,
          0.7103750014305116
        ],
        "ci90%": [
          0.0,
          0.893982273340225
        ],
        "ci95%": [
          0.0,
          0.9401336029171944
        ]
      },
      {
        "param": "a2",
        "median": 0.15110209584236145,
        "mean": 0.30439206717411676,
        "map": 0.1639239490032196,
        "std": 0.3413962128635336,
        "ci50%": [
          0.0002745315432548523,
          0.6012190282344818
        ],
        "ci68%": [
          0.00010374426841735825,
          0.7482271623611451
        ],
        "ci90%": [
          0.0,
          0.9382335275411605
        ],
        "ci95%": [
          0.0,
          0.974014337360859
        ]
      }
    ],
    "diagnostics": {
      "runtime": {
        "preprocess_s": 0.067,
        "gwosc_fetch_s": 9.36,
        "encode_s": 0.046,
        "sampling_s": 1.599,
        "total_s": 11.211
      },
      "memory": {
        "rss_mb": 4543.5,
        "mps_allocated_mb": 154.4
      },
      "n_effective": 3000,
      "boundary_railing_frac": 0.445,
      "log_prob": {
        "median": -21.46976375579834,
        "max": 43.106605529785156
      },
      "ood_flags": [
        "V1: no data \u2014 filled with unit white noise (posterior uses remaining detectors only)",
        "44.5% of samples rail at the parameter bounds \u2014 the event may lie outside the training prior (out-of-distribution)"
      ],
      "context_ood": {
        "mahalanobis": 6.35,
        "percentile_vs_validation": 63.2
      },
      "verdict": {
        "confidence": "LOW",
        "reasons": [
          "44% of posterior samples rail at prior bounds"
        ]
      },
      "refinement": {
        "refine": true,
        "refine_global": true,
        "untrusted_params": [
          "mass_1",
          "mass_2"
        ],
        "strong_indicators": [
          "confidence LOW: 44% of posterior samples rail at prior bounds",
          "44% of samples rail at prior bounds"
        ],
        "moderate_indicators": [
          "V1: no data \u2014 filled with unit white noise (posterior uses remaining detectors only)",
          "chirp-mass posterior wide (88% of median)"
        ],
        "indicators": {
          "confidence": "LOW",
          "ood_percentile": 63.2,
          "bias_region": {
            "q_in_attractor": true,
            "cell": {
              "mc": 30,
              "q": 0.7,
              "theta_jn": 0.5
            },
            "m1_bias": 1.27,
            "dl_bias": 0.69,
            "severe_mass_bias": false
          },
          "mc_width_frac": 0.879,
          "railing_frac": 0.445
        },
        "recommendation": "run sampler refinement (compare_to_dynesty) before quoting these posteriors"
      }
    }
  },
  "covariance": [
    [
      482.51978889914704,
      32.17772415080684,
      4195.907189633899,
      17.92748728173333,
      -0.15748401493529798,
      13.572661912193034,
      -8.094372812466608,
      -14.97772591050587,
      -0.2372843943692961,
      4.9564822241153195,
      4.8173161464751795
    ],
    [
      32.17772415080684,
      94.65787561154869,
      1657.727773751505,
      2.5621274251831347,
      0.1311309287353008,
      1.970639312144969,
      -0.5680392539205009,
      -2.041998712241218,
      0.09017553541283896,
      1.2292583687644723,
      0.9089456551599119
    ],
    [
      4195.907189633899,
      1657.727773751505,
      125060.9321257838,
      210.75517589939642,
      -2.9161197269352876,
      162.48221752815138,
      -93.08950336719921,
      -181.74995836258017,
      -0.8341913454607268,
      63.1222525284499,
      58.56895626341948
    ],
    [
      17.92748728173333,
      2.5621274251831347,
      210.75517589939642,
      5.6707529323908386,
      -0.03175231808606771,
      0.8159911999498888,
      -0.41839387984428045,
      -0.5180267083672458,
      -0.002410927239834507,
      0.25085059707624646,
      0.307001930603535
    ],
    [
      -0.15748401493529798,
      0.1311309287353008,
      -2.9161197269352876,
      -0.03175231808606771,
      0.2970239299097956,
      -0.014650726897388519,
      0.028906986512476036,
      0.02519010283613668,
      0.006226534899023938,
      0.001618107931821371,
      -0.004023348270142034
    ],
    [
      13.572661912193034,
      1.970639312144969,
      162.48221752815138,
      0.8159911999498888,
      -0.014650726897388519,
      0.9584219178851249,
      -0.3712994058280119,
      -0.7246908975228363,
      -0.01298785026719113,
      0.1957318730597807,
      0.20349532648721103
    ],
    [
      -8.094372812466608,
      -0.5680392539205009,
      -93.08950336719921,
      -0.41839387984428045,
      0.028906986512476036,
      -0.3712994058280119,
      1.3529535205889835,
      0.5578165702343653,
      0.006845686357470188,
      -0.11413690552352908,
      -0.12340807323786951
    ],
    [
      -14.97772591050587,
      -2.041998712241218,
      -181.74995836258017,
      -0.5180267083672458,
      0.02519010283613668,
      -0.7246908975228363,
      0.5578165702343653,
      5.585329154012836,
      0.029719616363342184,
      -0.2201687123494734,
      -0.2277524959352394
    ],
    [
      -0.2372843943692961,
      0.09017553541283896,
      -0.8341913454607268,
      -0.002410927239834507,
      0.006226534899023938,
      -0.01298785026719113,
      0.006845686357470188,
      0.029719616363342184,
      0.03396479255010474,
      -0.0015906447222352573,
      -0.0028171626247103063
    ],
    [
      4.9564822241153195,
      1.2292583687644723,
      63.1222525284499,
      0.25085059707624646,
      0.001618107931821371,
      0.1957318730597807,
      -0.11413690552352908,
      -0.2201687123494734,
      -0.0015906447222352573,
      0.10476388063314848,
      0.06554304200975343
    ],
    [
      4.8173161464751795,
      0.9089456551599119,
      58.56895626341948,
      0.307001930603535,
      -0.004023348270142034,
      0.20349532648721103,
      -0.12340807323786951,
      -0.2277524959352394,
      -0.0028171626247103063,
      0.06554304200975343,
      0.11659023757008669
    ]
  ],
  "correlation": [
    [
      1.0,
      0.1505633894709723,
      0.5401414153873928,
      0.3427216148500269,
      -0.013154768016479643,
      0.6311449304077084,
      -0.3167992904674186,
      -0.2885120311470489,
      -0.058613428958110905,
      0.697124265406353,
      0.6422683046962103
    ],
    [
      0.1505633894709723,
      1.0,
      0.4818079995165513,
      0.11058646749779746,
      0.0247303942796335,
      0.20689519141486795,
      -0.050194777454479755,
      -0.08880812504370114,
      0.050291648290279115,
      0.39035433651589146,
      0.27360778336595526
    ],
    [
      0.5401414153873928,
      0.48180799951655123,
      1.0,
      0.2502632358016651,
      -0.015130343931705058,
      0.4693173810467531,
      -0.22630723794751784,
      -0.2174648668959494,
      -0.012799422232830338,
      0.5514623525021978,
      0.4850377721026534
    ],
    [
      0.3427216148500269,
      0.11058646749779748,
      0.2502632358016651,
      1.0,
      -0.02446579619140239,
      0.3500150701867747,
      -0.15105097107324036,
      -0.09204652610912438,
      -0.005493501629410969,
      0.3254535308193894,
      0.3775631927733174
    ],
    [
      -0.013154768016479643,
      0.024730394279633503,
      -0.015130343931705058,
      -0.02446579619140239,
      1.0,
      -0.027459023222583572,
      0.04560008595676517,
      0.019557342187113556,
      0.06199208216086746,
      0.009172885622231283,
      -0.021620255109520457
    ],
    [
      0.6311449304077082,
      0.20689519141486795,
      0.4693173810467531,
      0.35001507018677475,
      -0.027459023222583572,
      0.9999999999999999,
      -0.32606519772097736,
      -0.31322040872211276,
      -0.07198539987924535,
      0.6176997066970558,
      0.6087584148508971
    ],
    [
      -0.3167992904674186,
      -0.050194777454479755,
      -0.22630723794751786,
      -0.15105097107324036,
      0.04560008595676517,
      -0.32606519772097736,
      0.9999999999999998,
      0.20292034243072682,
      0.03193457022949833,
      -0.30316486429056355,
      -0.3107213102685498
    ],
    [
      -0.28851203114704893,
      -0.08880812504370114,
      -0.2174648668959494,
      -0.09204652610912438,
      0.019557342187113556,
      -0.3132204087221127,
      0.20292034243072682,
      1.0,
      0.06823454969763541,
      -0.2878229551861492,
      -0.28223291769386005
    ],
    [
      -0.05861342895811091,
      0.05029164829027912,
      -0.012799422232830338,
      -0.005493501629410969,
      0.061992082160867455,
      -0.07198539987924536,
      0.03193457022949833,
      0.0682345496976354,
      1.0,
      -0.026665695597733578,
      -0.0447678606707928
    ],
    [
      0.6971242654063531,
      0.3903543365158915,
      0.5514623525021979,
      0.3254535308193894,
      0.009172885622231283,
      0.6176997066970557,
      -0.30316486429056355,
      -0.2878229551861492,
      -0.026665695597733578,
      1.0,
      0.5930478175425983
    ],
    [
      0.6422683046962102,
      0.27360778336595526,
      0.4850377721026535,
      0.3775631927733174,
      -0.021620255109520457,
      0.6087584148508971,
      -0.3107213102685498,
      -0.28223291769386,
      -0.0447678606707928,
      0.5930478175425983,
      0.9999999999999999
    ]
  ],
  "diagnostics": {
    "runtime": {
      "preprocess_s": 0.067,
      "gwosc_fetch_s": 9.36,
      "encode_s": 0.046,
      "sampling_s": 1.599,
      "total_s": 11.211
    },
    "memory": {
      "rss_mb": 4543.5,
      "mps_allocated_mb": 154.4
    },
    "n_effective": 3000,
    "boundary_railing_frac": 0.445,
    "log_prob": {
      "median": -21.46976375579834,
      "max": 43.106605529785156
    },
    "ood_flags": [
      "V1: no data \u2014 filled with unit white noise (posterior uses remaining detectors only)",
      "44.5% of samples rail at the parameter bounds \u2014 the event may lie outside the training prior (out-of-distribution)"
    ],
    "context_ood": {
      "mahalanobis": 6.35,
      "percentile_vs_validation": 63.2
    },
    "verdict": {
      "confidence": "LOW",
      "reasons": [
        "44% of posterior samples rail at prior bounds"
      ]
    },
    "refinement": {
      "refine": true,
      "refine_global": true,
      "untrusted_params": [
        "mass_1",
        "mass_2"
      ],
      "strong_indicators": [
        "confidence LOW: 44% of posterior samples rail at prior bounds",
        "44% of samples rail at prior bounds"
      ],
      "moderate_indicators": [
        "V1: no data \u2014 filled with unit white noise (posterior uses remaining detectors only)",
        "chirp-mass posterior wide (88% of median)"
      ],
      "indicators": {
        "confidence": "LOW",
        "ood_percentile": 63.2,
        "bias_region": {
          "q_in_attractor": true,
          "cell": {
            "mc": 30,
            "q": 0.7,
            "theta_jn": 0.5
          },
          "m1_bias": 1.27,
          "dl_bias": 0.69,
          "severe_mass_bias": false
        },
        "mc_width_frac": 0.879,
        "railing_frac": 0.445
      },
      "recommendation": "run sampler refinement (compare_to_dynesty) before quoting these posteriors"
    }
  },
  "config": {
    "model_path": "model/lean_v6/best_model.pth",
    "model_epoch": 38,
    "model_val_nll": -0.017256081197410823,
    "premerger": false,
    "device": "mps",
    "num_samples": 3000,
    "rank": 0,
    "seed": 0,
    "event": "GW150914",
    "event_type": "BBH",
    "source": "real",
    "detectors_present": [
      "H1",
      "L1"
    ]
  },
  "reproducibility": {
    "git_commit": "d6c307609f9e58de343f817c5bb3044b3fcc8171",
    "model_path": "model/lean_v6/best_model.pth",
    "model_epoch": 38,
    "model_val_nll": -0.017256081197410823,
    "premerger": false
  },
  "preprocessing": {
    "source": "real",
    "detectors_present": [
      "H1",
      "L1"
    ],
    "warnings": [
      "V1: no data \u2014 filled with unit white noise (posterior uses remaining detectors only)"
    ],
    "quality": {
      "H1": {
        "finite": true,
        "std": 1.0123380422592163,
        "max_abs": 4.5542802810668945,
        "excess_kurtosis": -0.046918630599975586,
        "repeated_frac": 0.0,
        "whitening_norm": 45.72268702782366
      },
      "L1": {
        "finite": true,
        "std": 0.9647899866104126,
        "max_abs": 3.8245933055877686,
        "excess_kurtosis": 0.05527663230895996,
        "repeated_frac": 0.0,
        "whitening_norm": 47.181583593158
      }
    },
    "timings": {
      "preprocess_s": 0.067,
      "gwosc_fetch_s": 9.36
    }
  }
}