{
  "param_names": [
    "mass_1",
    "mass_2",
    "luminosity_distance",
    "ra",
    "dec",
    "theta_jn",
    "psi",
    "phase",
    "geocent_time",
    "a1",
    "a2"
  ],
  "trigger_gps": null,
  "truth": {
    "mass_1": 10.461115268715057,
    "mass_2": 8.90966731874177,
    "luminosity_distance": 1701.3464497208772,
    "ra": 2.1262458907485167,
    "dec": -1.2056579107974204,
    "theta_jn": 2.702577135945318,
    "psi": 2.135076031670823,
    "phase": 0.12164424578307317,
    "geocent_time": 1.357919558734491,
    "a1": 0.7222029146889704,
    "a2": 0.17232228475604763
  },
  "summary": {
    "n_samples": 3000,
    "trigger_gps": null,
    "parameters": [
      {
        "param": "mass_1",
        "median": 16.84115982055664,
        "mean": 24.144600204467775,
        "map": 1.0909414291381836,
        "std": 22.211077344647176,
        "ci50%": [
          8.46658968925476,
          33.82076644897461
        ],
        "ci68%": [
          3.404362230300892,
          47.4876824951172
        ],
        "ci90%": [
          1.3942302227020265,
          71.67098884582518
        ],
        "ci95%": [
          1.1683938682079318,
          81.02247924804689
        ],
        "truth": 10.461115268715057,
        "truth_in_90": true
      },
      {
        "param": "mass_2",
        "median": 5.4218761920928955,
        "mean": 5.791344003478686,
        "map": 1.0507704019546509,
        "std": 5.236465335308333,
        "ci50%": [
          1.6716902554035187,
          8.503193378448486
        ],
        "ci68%": [
          1.3457939052581787,
          10.016672134399416
        ],
        "ci90%": [
          1.0445051491260529,
          13.784781169891353
        ],
        "ci95%": [
          1.0043733268976212,
          15.994089436531077
        ],
        "truth": 8.90966731874177,
        "truth_in_90": true
      },
      {
        "param": "luminosity_distance",
        "median": 957.6544189453125,
        "mean": 1005.2715255088806,
        "map": 177.53567504882812,
        "std": 577.0235625289545,
        "ci50%": [
          516.1090545654297,
          1487.774658203125
        ],
        "ci68%": [
          305.49735595703123,
          1660.0637646484379
        ],
        "ci90%": [
          182.58332595825195,
          1976.5645446777341
        ],
        "ci95%": [
          151.62693099975587,
          2055.558306884766
        ],
        "truth": 1701.3464497208772,
        "truth_in_90": true
      },
      {
        "param": "ra",
        "median": 2.8664534091949463,
        "mean": 3.1265040038841154,
        "map": 1.2742210626602173,
        "std": 1.7379396374072402,
        "ci50%": [
          1.6294996738433838,
          4.723139047622681
        ],
        "ci68%": [
          1.2679861497879028,
          5.136480255126953
        ],
        "ci90%": [
          0.5964508235454556,
          5.886541604995724
        ],
        "ci95%": [
          0.25539009794592876,
          6.090696203708649
        ],
        "truth": 2.1262458907485167,
        "truth_in_90": true
      },
      {
        "param": "dec",
        "median": -0.14069396257400513,
        "mean": -0.1088764946659406,
        "map": -0.8747025728225708,
        "std": 0.765883904947514,
        "ci50%": [
          -0.7896201759576797,
          0.5243499279022217
        ],
        "ci68%": [
          -0.9618444132804871,
          0.7351544809341434
        ],
        "ci90%": [
          -1.2244916975498201,
          1.161642479896544
        ],
        "ci95%": [
          -1.357299444079399,
          1.2746115624904633
        ],
        "truth": -1.2056579107974204,
        "truth_in_90": true
      },
      {
        "param": "theta_jn",
        "median": 1.453561782836914,
        "mean": 1.4800595014542341,
        "map": 1.064841866493225,
        "std": 0.6977361091464048,
        "ci50%": [
          0.9162993133068085,
          2.0559083819389343
        ],
        "ci68%": [
          0.6992595267295837,
          2.2187723922729496
        ],
        "ci90%": [
          0.3764565378427501,
          2.6277636289596558
        ],
        "ci95%": [
          0.2543529585003857,
          2.7715276122093204
        ],
        "truth": 2.702577135945318,
        "truth_in_90": false
      },
      {
        "param": "psi",
        "median": 1.6781019568443298,
        "mean": 1.6769737523051444,
        "map": 1.807124137878418,
        "std": 0.891469019026287,
        "ci50%": [
          0.986309364438057,
          2.4160245656967163
        ],
        "ci68%": [
          0.6372228932380676,
          2.727012825012207
        ],
        "ci90%": [
          0.17289303466677652,
          3.0336740612983704
        ],
        "ci95%": [
          0.09525876548141245,
          3.0851314663887024
        ],
        "truth": 2.135076031670823,
        "truth_in_90": true
      },
      {
        "param": "phase",
        "median": 3.3926841020584106,
        "mean": 3.2684171557165684,
        "map": 2.1299827098846436,
        "std": 1.7404498529282557,
        "ci50%": [
          1.7702486515045166,
          4.7110220193862915
        ],
        "ci68%": [
          1.2265805387496949,
          5.231203899383545
        ],
        "ci90%": [
          0.4932104930281635,
          5.949242186546325
        ],
        "ci95%": [
          0.23060829564929036,
          6.118641817569733
        ],
        "truth": 0.12164424578307317,
        "truth_in_90": false
      },
      {
        "param": "geocent_time",
        "median": 1.2960500717163086,
        "mean": 0.8283816436926524,
        "map": 1.0200709104537964,
        "std": 0.8706836499064672,
        "ci50%": [
          0.48601406812667847,
          1.4023986458778381
        ],
        "ci68%": [
          -0.0687691545486451,
          1.4283834791183472
        ],
        "ci90%": [
          -1.253993403911591,
          1.4736143469810485
        ],
        "ci95%": [
          -1.4231625914573667,
          1.4934273421764375
        ],
        "truth": 1.357919558734491,
        "truth_in_90": true
      },
      {
        "param": "a1",
        "median": 0.40954771637916565,
        "mean": 0.41909436631202696,
        "map": 0.04010152816772461,
        "std": 0.3174078249097085,
        "ci50%": [
          0.10214164853096008,
          0.6971898972988129
        ],
        "ci68%": [
          0.038038110733032225,
          0.8120184183120728
        ],
        "ci90%": [
          0.011862775683403014,
          0.9309511601924896
        ],
        "ci95%": [
          0.00465953350067139,
          0.9625104784965516
        ],
        "truth": 0.7222029146889704,
        "truth_in_90": true
      },
      {
        "param": "a2",
        "median": 0.158053457736969,
        "mean": 0.3161605708102385,
        "map": 0.04881411790847778,
        "std": 0.32397887109573414,
        "ci50%": [
          0.033418431878089905,
          0.6046415418386459
        ],
        "ci68%": [
          0.021750745773315427,
          0.7297411584854127
        ],
        "ci90%": [
          0.0055241167545318605,
          0.9024266004562377
        ],
        "ci95%": [
          0.0020401380956172996,
          0.9413902893662454
        ],
        "truth": 0.17232228475604763,
        "truth_in_90": true
      }
    ],
    "diagnostics": {
      "runtime": {
        "preprocess_s": 0.002,
        "gwosc_fetch_s": null,
        "encode_s": 0.034,
        "sampling_s": 5.316,
        "total_s": 5.472
      },
      "memory": {
        "rss_mb": 763.3,
        "mps_allocated_mb": 0.0
      },
      "n_effective": 3000,
      "boundary_railing_frac": 0.075,
      "log_prob": {
        "median": -17.108293533325195,
        "max": -2.5623388290405273
      },
      "ood_flags": [
        "7.5% of samples rail at the parameter bounds \u2014 the event may lie outside the training prior (out-of-distribution)"
      ]
    }
  },
  "covariance": [
    [
      493.4964556284416,
      11.963086010560094,
      2974.2127518018237,
      -1.321814566252982,
      0.46324799569893677,
      0.16896317704518168,
      0.7150007810713817,
      -2.64471344903431,
      3.9562776363712504,
      1.8982230047967892,
      -0.5056565789868931
    ],
    [
      11.963086010560094,
      27.429712445367596,
      2042.3518457944492,
      -0.6877310606071946,
      0.30163905215923104,
      -0.15714147176090357,
      -0.01977795153043185,
      -0.12462602822263809,
      1.2114856702201904,
      0.3581953617907515,
      0.8814733000921201
    ],
    [
      2974.2127518018237,
      2042.3518457944492,
      333067.2141183124,
      -54.76745981006777,
      45.66899656357059,
      -39.6401180154937,
      -8.358430323413677,
      29.563845741325306,
      191.40407138538836,
      73.26416805048305,
      112.49185096906844
    ],
    [
      -1.321814566252982,
      -0.6877310606071946,
      -54.76745981006777,
      3.0214413303813363,
      0.6472597049042629,
      0.07085678955269785,
      -0.06421058340007282,
      0.14352630687268264,
      -0.04036803020345107,
      -0.09107787631514214,
      -0.030861297938007425
    ],
    [
      0.46324799569893677,
      0.30163905215923104,
      45.66899656357059,
      0.6472597049042629,
      0.586773747106688,
      -0.0035806665551829263,
      -0.03812440676743565,
      0.02766721745348981,
      0.05550140192332898,
      -0.004587764311456383,
      0.027564552622091853
    ],
    [
      0.16896317704518168,
      -0.15714147176090357,
      -39.6401180154937,
      0.07085678955269785,
      -0.0035806665551829263,
      0.4869980106769896,
      -0.015453708144454825,
      -0.10257941540039148,
      -0.04666196087274849,
      -0.014432993680176589,
      -0.015111789930050875
    ],
    [
      0.7150007810713817,
      -0.01977795153043185,
      -8.358430323413677,
      -0.06421058340007282,
      -0.03812440676743565,
      -0.015453708144454825,
      0.7949820058856518,
      0.0662385529973984,
      0.005195606971395859,
      -0.0019287785686628476,
      0.0015661888903155691
    ],
    [
      -2.64471344903431,
      -0.12462602822263809,
      29.563845741325306,
      0.14352630687268264,
      0.02766721745348981,
      -0.10257941540039148,
      0.0662385529973984,
      3.030175749141034,
      -0.011085224805525514,
      0.007664117967750636,
      -0.002758445995676684
    ],
    [
      3.9562776363712504,
      1.2114856702201904,
      191.40407138538836,
      -0.04036803020345107,
      0.05550140192332898,
      -0.04666196087274849,
      0.005195606971395859,
      -0.011085224805525514,
      0.7583427991474966,
      0.08011640160009316,
      0.08861001041764975
    ],
    [
      1.8982230047967892,
      0.3581953617907515,
      73.26416805048305,
      -0.09107787631514214,
      -0.004587764311456383,
      -0.014432993680176589,
      -0.0019287785686628476,
      0.007664117967750636,
      0.08011640160009316,
      0.10078132108760805,
      0.026635479873176625
    ],
    [
      -0.5056565789868931,
      0.8814733000921201,
      112.49185096906844,
      -0.030861297938007425,
      0.027564552622091853,
      -0.015111789930050875,
      0.0015661888903155691,
      -0.002758445995676684,
      0.08861001041764975,
      0.026635479873176625,
      0.10499730801913933
    ]
  ],
  "correlation": [
    [
      1.0,
      0.10282307292701982,
      0.23198722510203396,
      -0.03423114543893545,
      0.027223013130985973,
      0.010898995029837325,
      0.036098225033298424,
      -0.06839158924257288,
      0.20450878029142996,
      0.2691628945075239,
      -0.07024647902927823
    ],
    [
      0.10282307292701982,
      0.9999999999999998,
      0.67570011458025,
      -0.0755441656536156,
      0.07518680022284373,
      -0.04299486556789508,
      -0.004235376586869034,
      -0.013669864760322111,
      0.2656286227550184,
      0.21543651100675526,
      0.519408978254372
    ],
    [
      0.23198722510203396,
      0.67570011458025,
      1.0,
      -0.05459458551598469,
      0.10330472591332047,
      -0.09842499535185455,
      -0.01624351952934459,
      0.029428022283140527,
      0.38084867203183503,
      0.3998854998905183,
      0.6015421148314933
    ],
    [
      -0.03423114543893545,
      -0.0755441656536156,
      -0.05459458551598469,
      1.0,
      0.4861117857830006,
      0.05841317257909947,
      -0.041430567644980106,
      0.04743408397520073,
      -0.026668444897852393,
      -0.16505009901273504,
      -0.05479210963752503
    ],
    [
      0.027223013130985976,
      0.07518680022284373,
      0.10330472591332046,
      0.4861117857830006,
      0.9999999999999999,
      -0.00669830546313536,
      -0.055819906905883024,
      0.020748955392053643,
      0.08320239585000237,
      -0.018865822227672503,
      0.11105203685055594
    ],
    [
      0.010898995029837327,
      -0.042994865567895085,
      -0.09842499535185456,
      0.05841317257909947,
      -0.006698305463135359,
      1.0,
      -0.024836503930492023,
      -0.08444281780592613,
      -0.07678327075933183,
      -0.06514825751584884,
      -0.0668287336919389
    ],
    [
      0.036098225033298424,
      -0.004235376586869034,
      -0.016243519529344587,
      -0.04143056764498011,
      -0.05581990690588302,
      -0.024836503930492023,
      1.0,
      0.04267743191393352,
      0.0066915211947216925,
      -0.006814181529384423,
      0.005420962554618569
    ],
    [
      -0.06839158924257288,
      -0.013669864760322111,
      0.029428022283140523,
      0.04743408397520073,
      0.020748955392053643,
      -0.08444281780592613,
      0.04267743191393352,
      0.9999999999999999,
      -0.007312700928379363,
      0.013868779657917316,
      -0.004890367476442917
    ],
    [
      0.20450878029142996,
      0.2656286227550184,
      0.38084867203183503,
      -0.026668444897852393,
      0.08320239585000239,
      -0.07678327075933182,
      0.0066915211947216925,
      -0.007312700928379362,
      0.9999999999999999,
      0.28980016456047114,
      0.3140226120253827
    ],
    [
      0.2691628945075239,
      0.21543651100675526,
      0.3998854998905183,
      -0.16505009901273504,
      -0.018865822227672503,
      -0.06514825751584882,
      -0.006814181529384423,
      0.013868779657917316,
      0.28980016456047114,
      1.0,
      0.2589294327037377
    ],
    [
      -0.07024647902927823,
      0.519408978254372,
      0.6015421148314933,
      -0.05479210963752503,
      0.11105203685055591,
      -0.0668287336919389,
      0.005420962554618569,
      -0.004890367476442917,
      0.3140226120253827,
      0.25892943270373764,
      1.0
    ]
  ],
  "diagnostics": {
    "runtime": {
      "preprocess_s": 0.002,
      "gwosc_fetch_s": null,
      "encode_s": 0.034,
      "sampling_s": 5.316,
      "total_s": 5.472
    },
    "memory": {
      "rss_mb": 763.3,
      "mps_allocated_mb": 0.0
    },
    "n_effective": 3000,
    "boundary_railing_frac": 0.075,
    "log_prob": {
      "median": -17.108293533325195,
      "max": -2.5623388290405273
    },
    "ood_flags": [
      "7.5% of samples rail at the parameter bounds \u2014 the event may lie outside the training prior (out-of-distribution)"
    ]
  },
  "config": {
    "model_path": "model/lean_npe/best_model.pth",
    "model_epoch": 19,
    "model_val_nll": -0.7210177473723889,
    "premerger": false,
    "device": "cpu",
    "num_samples": 3000,
    "rank": 0,
    "seed": 42,
    "event": null,
    "event_type": "BBH",
    "source": "simulated",
    "detectors_present": [
      "H1",
      "L1",
      "V1"
    ]
  },
  "reproducibility": {
    "git_commit": "ece3a0f52ab84627ddf97e05fe430a015d6b5523",
    "model_path": "model/lean_npe/best_model.pth",
    "model_epoch": 19,
    "model_val_nll": -0.7210177473723889,
    "premerger": false
  },
  "preprocessing": {
    "source": "simulated",
    "detectors_present": [
      "H1",
      "L1",
      "V1"
    ],
    "warnings": [],
    "quality": {
      "H1": {
        "finite": true,
        "std": 0.9723334908485413,
        "max_abs": 4.197242736816406,
        "excess_kurtosis": 0.25028514862060547,
        "repeated_frac": 0.0
      },
      "L1": {
        "finite": true,
        "std": 0.9616672396659851,
        "max_abs": 3.7473981380462646,
        "excess_kurtosis": 0.35857462882995605,
        "repeated_frac": 0.0
      },
      "V1": {
        "finite": true,
        "std": 0.9782809615135193,
        "max_abs": 3.97057843208313,
        "excess_kurtosis": 0.3472433090209961,
        "repeated_frac": 0.0
      }
    },
    "timings": {
      "preprocess_s": 0.002
    }
  }
}