{
  "param_names": [
    "mass_1",
    "mass_2",
    "luminosity_distance",
    "ra",
    "dec",
    "theta_jn",
    "psi",
    "phase",
    "geocent_time",
    "a1",
    "a2"
  ],
  "trigger_gps": 1167559936.6,
  "truth": null,
  "summary": {
    "n_samples": 3000,
    "trigger_gps": 1167559936.6,
    "parameters": [
      {
        "param": "mass_1",
        "median": 47.1046257019043,
        "mean": 49.45535225836436,
        "map": 2.297642707824707,
        "std": 19.692349779391716,
        "ci50%": [
          30.915203094482422,
          62.602959632873535
        ],
        "ci68%": [
          30.36732536315918,
          71.34181457519531
        ],
        "ci90%": [
          29.663057231903075,
          85.88142738342285
        ],
        "ci95%": [
          24.44604420661927,
          90.993123626709
        ]
      },
      {
        "param": "mass_2",
        "median": 29.50820541381836,
        "mean": 28.12042525064945,
        "map": 1.2155044078826904,
        "std": 11.577082870546143,
        "ci50%": [
          21.700688362121582,
          32.00503635406494
        ],
        "ci68%": [
          18.02349021911621,
          36.910655975341804
        ],
        "ci90%": [
          7.9944218635559,
          48.89968852996824
        ],
        "ci95%": [
          2.0440739393234257,
          53.83493957519532
        ]
      },
      {
        "param": "luminosity_distance",
        "median": 1394.5321655273438,
        "mean": 1399.839044490814,
        "map": 192.68943786621094,
        "std": 392.0077774546948,
        "ci50%": [
          1191.3254089355469,
          1664.2977294921875
        ],
        "ci68%": [
          1065.092822265625,
          1819.6008984375
        ],
        "ci90%": [
          701.4286712646483,
          2009.2036682128905
        ],
        "ci95%": [
          481.5375572204592,
          2073.2198791503906
        ]
      },
      {
        "param": "ra",
        "median": 3.903765320777893,
        "mean": 3.568127453121119,
        "map": 1.9650160074234009,
        "std": 2.237406770410201,
        "ci50%": [
          1.538948267698288,
          5.8122318983078
        ],
        "ci68%": [
          0.6314659690856932,
          6.170481281280518
        ],
        "ci90%": [
          0.006586511339992282,
          6.278674650192261
        ],
        "ci95%": [
          0.002544878423213964,
          6.280925071239471
        ]
      },
      {
        "param": "dec",
        "median": 0.001282036304473877,
        "mean": -0.0033808059295018515,
        "map": 0.0932239294052124,
        "std": 0.5811336025126052,
        "ci50%": [
          -0.3399202823638916,
          0.3584538996219635
        ],
        "ci68%": [
          -0.5987778639793396,
          0.589460148811341
        ],
        "ci90%": [
          -1.0667761147022248,
          1.0141837358474726
        ],
        "ci95%": [
          -1.1941180199384689,
          1.163624739646912
        ]
      },
      {
        "param": "theta_jn",
        "median": 1.076773226261139,
        "mean": 1.0874428222908998,
        "map": 0.9098074436187744,
        "std": 0.832309907983621,
        "ci50%": [
          0.22436603903770447,
          1.7427210211753845
        ],
        "ci68%": [
          0.00571871869266033,
          2.0397972297668465
        ],
        "ci90%": [
          0.0,
          2.4945892095565796
        ],
        "ci95%": [
          0.0,
          2.6658971250057224
        ]
      },
      {
        "param": "psi",
        "median": 1.8723013401031494,
        "mean": 1.8339721567404923,
        "map": 2.505742073059082,
        "std": 1.0708258716048018,
        "ci50%": [
          0.888929158449173,
          2.9912849068641663
        ],
        "ci68%": [
          0.49366869568824734,
          3.134051170349121
        ],
        "ci90%": [
          0.0923762135207653,
          3.13780699968338
        ],
        "ci95%": [
          0.036210337001830364,
          3.1388387084007263
        ]
      },
      {
        "param": "phase",
        "median": 2.400501012802124,
        "mean": 2.6663357488433244,
        "map": 5.470954895019531,
        "std": 2.166936332724758,
        "ci50%": [
          0.4602331966161728,
          4.592380881309509
        ],
        "ci68%": [
          0.03363047629594795,
          5.432897777557374
        ],
        "ci90%": [
          0.00942715643905103,
          6.267936110496521
        ],
        "ci95%": [
          0.004515993350651116,
          6.277159512042999
        ]
      },
      {
        "param": "geocent_time",
        "median": 0.00011444091796875,
        "mean": -0.004221060276031494,
        "map": 0.08055973052978516,
        "std": 0.22318217176436134,
        "ci50%": [
          -0.028898239135742188,
          0.03144833445549011
        ],
        "ci68%": [
          -0.0430039119720459,
          0.04567908287048342
        ],
        "ci90%": [
          -0.119614315032959,
          0.14237143993377677
        ],
        "ci95%": [
          -0.41897287666797617,
          0.34690031111240527
        ]
      },
      {
        "param": "a1",
        "median": 0.21524134278297424,
        "mean": 0.31003328796227775,
        "map": 0.015471875667572021,
        "std": 0.31234467527949616,
        "ci50%": [
          0.004786752164363861,
          0.5711126327514648
        ],
        "ci68%": [
          0.0,
          0.708886263370514
        ],
        "ci90%": [
          0.0,
          0.8895991563796997
        ],
        "ci95%": [
          0.0,
          0.9454281434416771
        ]
      },
      {
        "param": "a2",
        "median": 0.3402128666639328,
        "mean": 0.3799443907936414,
        "map": 0.009046554565429688,
        "std": 0.3346718963447972,
        "ci50%": [
          0.013560980558395386,
          0.6821639686822891
        ],
        "ci68%": [
          0.0,
          0.7883551812171936
        ],
        "ci90%": [
          0.0,
          0.9385248035192488
        ],
        "ci95%": [
          0.0,
          0.9720327764749528
        ]
      }
    ],
    "diagnostics": {
      "runtime": {
        "preprocess_s": 0.042,
        "gwosc_fetch_s": 5.41,
        "encode_s": 0.008,
        "sampling_s": 2.601,
        "total_s": 8.062
      },
      "memory": {
        "rss_mb": 2291.9,
        "mps_allocated_mb": 125.4
      },
      "n_effective": 3000,
      "boundary_railing_frac": 0.2613,
      "log_prob": {
        "median": -20.552847862243652,
        "max": 20.803836822509766
      },
      "ood_flags": [
        "V1: no data \u2014 filled with unit white noise (posterior uses remaining detectors only)",
        "26.1% of samples rail at the parameter bounds \u2014 the event may lie outside the training prior (out-of-distribution)"
      ],
      "context_ood": {
        "mahalanobis": 7.41,
        "percentile_vs_validation": 91.8
      },
      "verdict": {
        "confidence": "LOW",
        "reasons": [
          "26% of posterior samples rail at prior bounds"
        ]
      },
      "refinement": {
        "refine": true,
        "refine_global": true,
        "untrusted_params": [
          "mass_1",
          "mass_2"
        ],
        "strong_indicators": [
          "confidence LOW: 26% of posterior samples rail at prior bounds",
          "chirp-mass posterior uninformative (90% width 111% of median)",
          "26% of samples rail at prior bounds"
        ],
        "moderate_indicators": [
          "V1: no data \u2014 filled with unit white noise (posterior uses remaining detectors only)"
        ],
        "indicators": {
          "confidence": "LOW",
          "ood_percentile": 91.8,
          "bias_region": {
            "q_in_attractor": true,
            "cell": {
              "mc": 30,
              "q": 0.7,
              "theta_jn": 1.57
            },
            "m1_bias": 0.73,
            "dl_bias": 3.84,
            "severe_mass_bias": false
          },
          "mc_width_frac": 1.115,
          "railing_frac": 0.2613
        },
        "recommendation": "run sampler refinement (compare_to_dynesty) before quoting these posteriors"
      }
    }
  },
  "covariance": [
    [
      387.9179458158482,
      13.86643334939571,
      2142.6872635831833,
      -3.8402585746726654,
      0.7500440658276954,
      7.050682701185438,
      -7.238753706448028,
      5.845685233304741,
      -0.39192814474703996,
      2.676894581150228,
      2.1775399946477645
    ],
    [
      13.86643334939571,
      134.07353897115019,
      2189.882254240337,
      -0.1580751310133361,
      -0.09609563863565762,
      0.041044671503708934,
      0.19482279060107804,
      -0.07088478667834436,
      -0.037014602814457634,
      0.9129312370429528,
      0.15101904290786097
    ],
    [
      2142.6872635831833,
      2189.882254240337,
      153721.33803097976,
      18.484433514781973,
      -3.823406306918419,
      35.7871492159831,
      -68.00904845959451,
      76.17186733895176,
      1.1625137971192305,
      36.142398499651534,
      27.909493675930324
    ],
    [
      -3.8402585746726654,
      -0.1580751310133361,
      18.484433514781973,
      5.007658275702644,
      0.023548294616644108,
      -0.07110562584060198,
      0.20869221597419138,
      -0.45574775831147873,
      0.0034550984369468847,
      -0.05018757561819881,
      -0.0012462805932008446
    ],
    [
      0.7500440658276954,
      -0.09609563863565762,
      -3.823406306918419,
      0.023548294616644108,
      0.33782887359380864,
      0.004057451932106587,
      -0.007982036562621274,
      0.018049256570750332,
      0.010303012779778385,
      -0.0049682987688056054,
      0.0037746417174847023
    ],
    [
      7.050682701185438,
      0.041044671503708934,
      35.7871492159831,
      -0.07110562584060198,
      0.004057451932106587,
      0.692970773185431,
      -0.3498204339715924,
      0.3611247851883424,
      -0.00591132669426812,
      0.112950134655058,
      0.11182390665059103
    ],
    [
      -7.238753706448028,
      0.19482279060107804,
      -68.00904845959451,
      0.20869221597419138,
      -0.007982036562621274,
      -0.3498204339715924,
      1.1470503974306596,
      -0.44634027865394515,
      0.01008340971865424,
      -0.1080851123240652,
      -0.14153769928310408
    ],
    [
      5.845685233304741,
      -0.07088478667834436,
      76.17186733895176,
      -0.45574775831147873,
      0.018049256570750332,
      0.3611247851883424,
      -0.44634027865394515,
      4.69717879634808,
      -0.002209191956525868,
      0.09699814805624649,
      0.1252162760895381
    ],
    [
      -0.39192814474703996,
      -0.037014602814457634,
      1.1625137971192305,
      0.0034550984369468847,
      0.010303012779778385,
      -0.00591132669426812,
      0.01008340971865424,
      -0.002209191956525868,
      0.04982689075704252,
      -0.0039022376384793855,
      -0.0042184019713165065
    ],
    [
      2.676894581150228,
      0.9129312370429528,
      36.142398499651534,
      -0.05018757561819881,
      -0.0049682987688056054,
      0.112950134655058,
      -0.1080851123240652,
      0.09699814805624649,
      -0.0039022376384793855,
      0.09759172675103821,
      0.033445532032995516
    ],
    [
      2.1775399946477645,
      0.15101904290786097,
      27.909493675930324,
      -0.0012462805932008446,
      0.0037746417174847023,
      0.11182390665059103,
      -0.14153769928310408,
      0.1252162760895381,
      -0.0042184019713165065,
      0.033445532032995516,
      0.11204262574493719
    ]
  ],
  "correlation": [
    [
      0.9999999999999998,
      0.060802760391632,
      0.2774736674697507,
      -0.0871310985098266,
      0.06551918116371211,
      0.43003497258482487,
      -0.3431647059000766,
      0.13694524114220816,
      -0.08914656677332858,
      0.43506568626468356,
      0.33029695175263946
    ],
    [
      0.060802760391632,
      0.9999999999999999,
      0.4823720657017063,
      -0.0061006297954246304,
      -0.014278538545377532,
      0.004258216991636808,
      0.01571002851818477,
      -0.0028246390205827468,
      -0.014320878600177441,
      0.2523829600079026,
      0.03896444889182644
    ],
    [
      0.2774736674697507,
      0.4823720657017063,
      1.0,
      0.021067923127770106,
      -0.016777799171264686,
      0.10964846772371746,
      -0.16196022470439808,
      0.08964147179859747,
      0.013283090883430462,
      0.29508245695265767,
      0.21266363883105874
    ],
    [
      -0.08713109850982659,
      -0.006100629795424631,
      0.021067923127770106,
      1.0,
      0.018104800171240918,
      -0.0381706153925262,
      0.08707583711986924,
      -0.09396987580752648,
      0.006916895092598993,
      -0.0717913918753693,
      -0.0016638219556137095
    ],
    [
      0.06551918116371211,
      -0.014278538545377533,
      -0.016777799171264686,
      0.018104800171240918,
      1.0,
      0.008385858729327926,
      -0.012822540526416517,
      0.01432822491102272,
      0.07941160288291799,
      -0.027362313882909037,
      0.01940151812528308
    ],
    [
      0.43003497258482487,
      0.004258216991636807,
      0.10964846772371746,
      -0.03817061539252619,
      0.008385858729327926,
      0.9999999999999999,
      -0.39237060603398133,
      0.2001618431896573,
      -0.03181233951274653,
      0.4343329650865373,
      0.4013151568748638
    ],
    [
      -0.3431647059000766,
      0.01571002851818477,
      -0.16196022470439808,
      0.08707583711986924,
      -0.012822540526416517,
      -0.39237060603398133,
      0.9999999999999998,
      -0.1922898162769689,
      0.042177833738366685,
      -0.3230487963251077,
      -0.3948109988000301
    ],
    [
      0.13694524114220813,
      -0.002824639020582747,
      0.08964147179859747,
      -0.09396987580752648,
      0.01432822491102272,
      0.20016184318965727,
      -0.1922898162769689,
      1.0,
      -0.004566495285615921,
      0.1432644363666851,
      0.172603897805469
    ],
    [
      -0.08914656677332858,
      -0.014320878600177441,
      0.013283090883430462,
      0.006916895092598993,
      0.07941160288291797,
      -0.03181233951274653,
      0.042177833738366685,
      -0.004566495285615921,
      0.9999999999999999,
      -0.05595969239481572,
      -0.05645786207454367
    ],
    [
      0.43506568626468356,
      0.2523829600079026,
      0.29508245695265767,
      -0.0717913918753693,
      -0.027362313882909037,
      0.43433296508653735,
      -0.3230487963251077,
      0.1432644363666851,
      -0.05595969239481572,
      1.0,
      0.3198452965808709
    ],
    [
      0.33029695175263946,
      0.038964448891826445,
      0.2126636388310587,
      -0.0016638219556137095,
      0.01940151812528308,
      0.4013151568748638,
      -0.3948109988000301,
      0.172603897805469,
      -0.05645786207454366,
      0.3198452965808709,
      0.9999999999999999
    ]
  ],
  "diagnostics": {
    "runtime": {
      "preprocess_s": 0.042,
      "gwosc_fetch_s": 5.41,
      "encode_s": 0.008,
      "sampling_s": 2.601,
      "total_s": 8.062
    },
    "memory": {
      "rss_mb": 2291.9,
      "mps_allocated_mb": 125.4
    },
    "n_effective": 3000,
    "boundary_railing_frac": 0.2613,
    "log_prob": {
      "median": -20.552847862243652,
      "max": 20.803836822509766
    },
    "ood_flags": [
      "V1: no data \u2014 filled with unit white noise (posterior uses remaining detectors only)",
      "26.1% of samples rail at the parameter bounds \u2014 the event may lie outside the training prior (out-of-distribution)"
    ],
    "context_ood": {
      "mahalanobis": 7.41,
      "percentile_vs_validation": 91.8
    },
    "verdict": {
      "confidence": "LOW",
      "reasons": [
        "26% of posterior samples rail at prior bounds"
      ]
    },
    "refinement": {
      "refine": true,
      "refine_global": true,
      "untrusted_params": [
        "mass_1",
        "mass_2"
      ],
      "strong_indicators": [
        "confidence LOW: 26% of posterior samples rail at prior bounds",
        "chirp-mass posterior uninformative (90% width 111% of median)",
        "26% of samples rail at prior bounds"
      ],
      "moderate_indicators": [
        "V1: no data \u2014 filled with unit white noise (posterior uses remaining detectors only)"
      ],
      "indicators": {
        "confidence": "LOW",
        "ood_percentile": 91.8,
        "bias_region": {
          "q_in_attractor": true,
          "cell": {
            "mc": 30,
            "q": 0.7,
            "theta_jn": 1.57
          },
          "m1_bias": 0.73,
          "dl_bias": 3.84,
          "severe_mass_bias": false
        },
        "mc_width_frac": 1.115,
        "railing_frac": 0.2613
      },
      "recommendation": "run sampler refinement (compare_to_dynesty) before quoting these posteriors"
    }
  },
  "config": {
    "model_path": "model/lean_v8_psdcond/best_model.pth",
    "model_epoch": 17,
    "model_val_nll": 1.005021550040692,
    "premerger": false,
    "psd_cond": true,
    "device": "mps",
    "num_samples": 3000,
    "rank": 0,
    "seed": 0,
    "event": "GW170104",
    "event_type": "BBH",
    "source": "real",
    "detectors_present": [
      "H1",
      "L1"
    ]
  },
  "reproducibility": {
    "git_commit": "995121aff136ae38385b8720269d5a16cb7438f5",
    "model_path": "model/lean_v8_psdcond/best_model.pth",
    "model_epoch": 17,
    "model_val_nll": 1.005021550040692,
    "premerger": false
  },
  "preprocessing": {
    "source": "real",
    "detectors_present": [
      "H1",
      "L1"
    ],
    "warnings": [
      "V1: no data \u2014 filled with unit white noise (posterior uses remaining detectors only)"
    ],
    "quality": {
      "H1": {
        "finite": true,
        "std": 0.977746307849884,
        "max_abs": 4.0638837814331055,
        "excess_kurtosis": -0.06703996658325195,
        "repeated_frac": 0.0,
        "whitening_norm": 46.741788915438214
      },
      "L1": {
        "finite": true,
        "std": 0.9818301796913147,
        "max_abs": 3.961163282394409,
        "excess_kurtosis": 0.0051500797271728516,
        "repeated_frac": 0.0,
        "whitening_norm": 46.30542302813522
      }
    },
    "timings": {
      "preprocess_s": 0.042,
      "gwosc_fetch_s": 5.41
    }
  }
}