{
  "param_names": [
    "mass_1",
    "mass_2",
    "luminosity_distance",
    "ra",
    "dec",
    "theta_jn",
    "psi",
    "phase",
    "geocent_time",
    "a1",
    "a2"
  ],
  "trigger_gps": 1135136350.6,
  "truth": null,
  "summary": {
    "n_samples": 3000,
    "trigger_gps": 1135136350.6,
    "parameters": [
      {
        "param": "mass_1",
        "median": 20.470394134521484,
        "mean": 28.97974891714255,
        "map": 1.0953270196914673,
        "std": 26.799820776710018,
        "ci50%": [
          6.820982456207275,
          44.949995040893555
        ],
        "ci68%": [
          2.420665092468261,
          59.422637481689485
        ],
        "ci90%": [
          1.5835386872291561,
          85.59371681213376
        ],
        "ci95%": [
          1.302605330944062,
          92.4528886795044
        ]
      },
      {
        "param": "mass_2",
        "median": 6.787325620651245,
        "mean": 10.49548525516192,
        "map": 1.0501459836959839,
        "std": 12.04964324709144,
        "ci50%": [
          1.9354196190834045,
          13.407533645629883
        ],
        "ci68%": [
          1.5582452726364135,
          18.90880531311038
        ],
        "ci90%": [
          1.1197927355766297,
          35.280649566650375
        ],
        "ci95%": [
          1.0397093385457992,
          45.07919692993165
        ]
      },
      {
        "param": "luminosity_distance",
        "median": 528.0879516601562,
        "mean": 665.9700522206624,
        "map": 191.27618408203125,
        "std": 522.3763858461676,
        "ci50%": [
          229.66422271728516,
          972.1145324707031
        ],
        "ci68%": [
          158.1671405029297,
          1246.7517626953127
        ],
        "ci90%": [
          83.08312492370601,
          1735.291217041014
        ],
        "ci95%": [
          58.31502265930177,
          1924.1872650146486
        ]
      },
      {
        "param": "ra",
        "median": 3.7021816968917847,
        "mean": 3.479752234068955,
        "map": 5.913877487182617,
        "std": 1.9505632463162323,
        "ci50%": [
          1.7197299897670746,
          5.372666001319885
        ],
        "ci68%": [
          1.2493499660491942,
          5.633394012451172
        ],
        "ci90%": [
          0.3626190885901448,
          6.023730206489563
        ],
        "ci95%": [
          0.137935321778059,
          6.141122341156006
        ]
      },
      {
        "param": "dec",
        "median": -0.09778600931167603,
        "mean": -0.12787458910544713,
        "map": 0.6251569986343384,
        "std": 0.7097779554020909,
        "ci50%": [
          -0.7271245718002319,
          0.4210110902786255
        ],
        "ci68%": [
          -0.9576748585700989,
          0.6489948415756227
        ],
        "ci90%": [
          -1.2476596653461456,
          1.0126259565353388
        ],
        "ci95%": [
          -1.3391472876071928,
          1.1478036284446715
        ]
      },
      {
        "param": "theta_jn",
        "median": 1.5462271571159363,
        "mean": 1.5303850116887285,
        "map": 2.613675594329834,
        "std": 0.7439653163579388,
        "ci50%": [
          0.9201076030731201,
          2.1308900713920593
        ],
        "ci68%": [
          0.6871807384490963,
          2.33735915184021
        ],
        "ci90%": [
          0.321894334256649,
          2.696446347236633
        ],
        "ci95%": [
          0.1793411314487458,
          2.806603258848191
        ]
      },
      {
        "param": "psi",
        "median": 1.5384081602096558,
        "mean": 1.5545696248046492,
        "map": 2.630075693130493,
        "std": 0.9210154985473867,
        "ci50%": [
          0.7609435170888901,
          2.3761773109436035
        ],
        "ci68%": [
          0.49712148547172536,
          2.638293552398682
        ],
        "ci90%": [
          0.12929679751396178,
          2.9937876582145693
        ],
        "ci95%": [
          0.053717370517551905,
          3.0733165442943573
        ]
      },
      {
        "param": "phase",
        "median": 3.128847360610962,
        "mean": 3.099808737535243,
        "map": 4.800143718719482,
        "std": 1.823489756829998,
        "ci50%": [
          1.541512906551361,
          4.652362704277039
        ],
        "ci68%": [
          0.9093854880332939,
          5.216125431060791
        ],
        "ci90%": [
          0.2469299413263797,
          5.954141116142271
        ],
        "ci95%": [
          0.12601709850132473,
          6.123347353935242
        ]
      },
      {
        "param": "geocent_time",
        "median": -0.25637006759643555,
        "mean": -0.16300898718833923,
        "map": 0.37209928035736084,
        "std": 0.7711403640184811,
        "ci50%": [
          -0.763080507516861,
          0.4073731303215027
        ],
        "ci68%": [
          -0.9747800731658935,
          0.7299803876876831
        ],
        "ci90%": [
          -1.322804993391037,
          1.2228872299194333
        ],
        "ci95%": [
          -1.4262399792671203,
          1.374292939901352
        ]
      },
      {
        "param": "a1",
        "median": 0.36780476570129395,
        "mean": 0.4012147864202658,
        "map": 0.033243268728256226,
        "std": 0.31562104298889027,
        "ci50%": [
          0.06604214757680893,
          0.6777309328317642
        ],
        "ci68%": [
          0.03213554978370666,
          0.7893283700942993
        ],
        "ci90%": [
          0.009992948174476624,
          0.9251851856708525
        ],
        "ci95%": [
          0.004034870117902761,
          0.960383003950119
        ]
      },
      {
        "param": "a2",
        "median": 0.2252420037984848,
        "mean": 0.3295161776542664,
        "map": 0.04163336753845215,
        "std": 0.32457119314757055,
        "ci50%": [
          0.03278251737356186,
          0.613200768828392
        ],
        "ci68%": [
          0.019617328643798827,
          0.7528357267379764
        ],
        "ci90%": [
          0.005599956214427947,
          0.9181125879287719
        ],
        "ci95%": [
          0.0027475982904434228,
          0.9587222084403039
        ]
      }
    ],
    "diagnostics": {
      "runtime": {
        "preprocess_s": 0.029,
        "gwosc_fetch_s": 4.25,
        "encode_s": 0.007,
        "sampling_s": 1.634,
        "total_s": 5.917
      },
      "memory": {
        "rss_mb": 3953.0,
        "mps_allocated_mb": 139.2
      },
      "n_effective": 3000,
      "boundary_railing_frac": 0.0483,
      "log_prob": {
        "median": -20.876296997070312,
        "max": 8.48979663848877
      },
      "ood_flags": [
        "V1: no data \u2014 filled with unit white noise (posterior uses remaining detectors only)"
      ],
      "context_ood": {
        "mahalanobis": 11.09,
        "percentile_vs_validation": 99.2
      },
      "verdict": {
        "confidence": "MEDIUM",
        "reasons": [
          "context in the top 0.8% distance tail"
        ]
      },
      "refinement": {
        "refine": true,
        "refine_global": true,
        "untrusted_params": [
          "mass_1",
          "mass_2"
        ],
        "strong_indicators": [
          "chirp-mass posterior uninformative (90% width 434% of median)"
        ],
        "moderate_indicators": [
          "confidence MEDIUM",
          "context in top 0.8% OOD tail",
          "V1: no data \u2014 filled with unit white noise (posterior uses remaining detectors only)"
        ],
        "indicators": {
          "confidence": "MEDIUM",
          "ood_percentile": 99.2,
          "bias_region": {
            "q_in_attractor": true,
            "cell": {
              "mc": 10,
              "q": 0.4,
              "theta_jn": 1.57
            },
            "m1_bias": 1.22,
            "dl_bias": 1.64,
            "severe_mass_bias": false
          },
          "mc_width_frac": 4.337,
          "railing_frac": 0.0483
        },
        "recommendation": "run sampler refinement (compare_to_dynesty) before quoting these posteriors"
      }
    }
  },
  "covariance": [
    [
      718.4698836249853,
      174.9541845588154,
      6975.536585565948,
      -0.1519423873062882,
      0.19437266135222073,
      -0.04413761168427289,
      -0.4481696581621748,
      2.1147864172085202,
      -2.1467191855589953,
      2.251182535396335,
      1.5636872327718758
    ],
    [
      174.9541845588154,
      145.24231648767207,
      3959.534371024688,
      0.2170923488473271,
      0.17118545173809968,
      -0.22943735828133716,
      0.05153878138407161,
      0.4559400595055142,
      -0.6502437273692379,
      0.6606463449739709,
      1.2437966570070234
    ],
    [
      6975.536585565948,
      3959.534371024688,
      272968.0778489867,
      0.9341149587680744,
      -0.5338882574628746,
      -18.191647040381106,
      -16.556605890793406,
      25.623902565228875,
      -28.67110671495944,
      45.04330211616119,
      64.85442290770969
    ],
    [
      -0.1519423873062882,
      0.2170923488473271,
      0.9341149587680744,
      3.8059656330907554,
      0.024727495272419846,
      0.05504087276916378,
      0.019502195077946146,
      -0.013203042835521588,
      0.012360112636532613,
      0.009885041747935747,
      0.014052845052898761
    ],
    [
      0.19437266135222073,
      0.17118545173809968,
      -0.5338882574628746,
      0.024727495272419846,
      0.5039527302181775,
      -0.010786400583159314,
      -0.02787261602322255,
      0.034559754847057166,
      0.005472693858871592,
      -0.0055275319552154315,
      0.00013747117234935764
    ],
    [
      -0.04413761168427289,
      -0.22943735828133716,
      -18.191647040381106,
      0.05504087276916378,
      -0.010786400583159314,
      0.5536689482596543,
      -0.024132942709174057,
      -0.014930530169050535,
      0.005579726867145146,
      -0.0019456317428822828,
      0.002001133281989932
    ],
    [
      -0.4481696581621748,
      0.05153878138407161,
      -16.556605890793406,
      0.019502195077946146,
      -0.02787261602322255,
      -0.024132942709174057,
      0.8485523993642792,
      0.021799515989104772,
      0.002133840230148501,
      -0.004279097314056223,
      -0.0004765676050044482
    ],
    [
      2.1147864172085202,
      0.4559400595055142,
      25.623902565228875,
      -0.013203042835521588,
      0.034559754847057166,
      -0.014930530169050535,
      0.021799515989104772,
      3.3262236344754075,
      0.0068229161007186635,
      0.002235186231582701,
      0.007754090880771267
    ],
    [
      -2.1467191855589953,
      -0.6502437273692379,
      -28.67110671495944,
      0.012360112636532613,
      0.005472693858871592,
      0.005579726867145146,
      0.002133840230148501,
      0.0068229161007186635,
      0.5948557462673122,
      -0.010463499038852924,
      -0.006332573572931532
    ],
    [
      2.251182535396335,
      0.6606463449739709,
      45.04330211616119,
      0.009885041747935747,
      -0.0055275319552154315,
      -0.0019456317428822828,
      -0.004279097314056223,
      0.002235186231582701,
      -0.010463499038852924,
      0.0996498593971942,
      0.024527915755179708
    ],
    [
      1.5636872327718758,
      1.2437966570070234,
      64.85442290770969,
      0.014052845052898761,
      0.00013747117234935764,
      0.002001133281989932,
      -0.0004765676050044482,
      0.007754090880771267,
      -0.006332573572931532,
      0.024527915755179708,
      0.10538158661677649
    ]
  ],
  "correlation": [
    [
      0.9999999999999999,
      0.5415935290575781,
      0.49810099110435874,
      -0.0029056428422226566,
      0.010214944131597145,
      -0.002212990051765394,
      -0.01815092798281585,
      0.043259999056383606,
      -0.10384010602363238,
      0.26605295171226023,
      0.17970627394793198
    ],
    [
      0.541593529057578,
      0.9999999999999999,
      0.6288420907919685,
      0.009233481914823802,
      0.020008999279237244,
      -0.025585415043392686,
      0.004642460627971607,
      0.020743662869135857,
      -0.06995580481919952,
      0.1736537267308538,
      0.3179218926858602
    ],
    [
      0.49810099110435874,
      0.6288420907919686,
      1.0,
      0.0009164567301048459,
      -0.0014394597872626107,
      -0.046794090064883595,
      -0.03440139448532662,
      0.026891412890004456,
      -0.0711512764635193,
      0.2731089579074546,
      0.3823853999644401
    ],
    [
      -0.002905642842222657,
      0.009233481914823802,
      0.0009164567301048459,
      1.0,
      0.017854709771015734,
      0.037916461171566065,
      0.010852048654138045,
      -0.0037107857360856016,
      0.008214557362610113,
      0.016051208328993122,
      0.022189599312225656
    ],
    [
      0.010214944131597146,
      0.020008999279237244,
      -0.0014394597872626105,
      0.017854709771015734,
      1.0,
      -0.02042003866588881,
      -0.042622949336283356,
      0.02669316244094255,
      0.009995405618748216,
      -0.02466595958842529,
      0.0005965328557131811
    ],
    [
      -0.002212990051765394,
      -0.025585415043392682,
      -0.0467940900648836,
      0.037916461171566065,
      -0.020420038665888807,
      1.0,
      -0.035208365603363836,
      -0.011002070489825336,
      0.009722591209437446,
      -0.008283182198884187,
      0.008284543159992124
    ],
    [
      -0.018150927982815854,
      0.004642460627971607,
      -0.03440139448532663,
      0.010852048654138044,
      -0.042622949336283356,
      -0.03520836560336383,
      1.0,
      0.012975729867330324,
      0.003003424611740306,
      -0.014715481774640358,
      -0.0015936862225212846
    ],
    [
      0.04325999905638361,
      0.020743662869135853,
      0.026891412890004456,
      -0.003710785736085601,
      0.02669316244094255,
      -0.011002070489825337,
      0.012975729867330324,
      1.0,
      0.00485052198955367,
      0.003882394346589348,
      0.013097029259119574
    ],
    [
      -0.10384010602363238,
      -0.06995580481919951,
      -0.0711512764635193,
      0.008214557362610113,
      0.009995405618748215,
      0.009722591209437446,
      0.0030034246117403066,
      0.00485052198955367,
      1.0,
      -0.0429766701379618,
      -0.025292516798240575
    ],
    [
      0.26605295171226023,
      0.17365372673085377,
      0.2731089579074546,
      0.016051208328993122,
      -0.024665959588425285,
      -0.008283182198884189,
      -0.014715481774640358,
      0.0038823943465893483,
      -0.0429766701379618,
      1.0,
      0.23935358366485063
    ],
    [
      0.17970627394793198,
      0.31792189268586013,
      0.3823853999644401,
      0.022189599312225656,
      0.0005965328557131812,
      0.008284543159992124,
      -0.0015936862225212846,
      0.013097029259119573,
      -0.025292516798240575,
      0.23935358366485063,
      1.0
    ]
  ],
  "diagnostics": {
    "runtime": {
      "preprocess_s": 0.029,
      "gwosc_fetch_s": 4.25,
      "encode_s": 0.007,
      "sampling_s": 1.634,
      "total_s": 5.917
    },
    "memory": {
      "rss_mb": 3953.0,
      "mps_allocated_mb": 139.2
    },
    "n_effective": 3000,
    "boundary_railing_frac": 0.0483,
    "log_prob": {
      "median": -20.876296997070312,
      "max": 8.48979663848877
    },
    "ood_flags": [
      "V1: no data \u2014 filled with unit white noise (posterior uses remaining detectors only)"
    ],
    "context_ood": {
      "mahalanobis": 11.09,
      "percentile_vs_validation": 99.2
    },
    "verdict": {
      "confidence": "MEDIUM",
      "reasons": [
        "context in the top 0.8% distance tail"
      ]
    },
    "refinement": {
      "refine": true,
      "refine_global": true,
      "untrusted_params": [
        "mass_1",
        "mass_2"
      ],
      "strong_indicators": [
        "chirp-mass posterior uninformative (90% width 434% of median)"
      ],
      "moderate_indicators": [
        "confidence MEDIUM",
        "context in top 0.8% OOD tail",
        "V1: no data \u2014 filled with unit white noise (posterior uses remaining detectors only)"
      ],
      "indicators": {
        "confidence": "MEDIUM",
        "ood_percentile": 99.2,
        "bias_region": {
          "q_in_attractor": true,
          "cell": {
            "mc": 10,
            "q": 0.4,
            "theta_jn": 1.57
          },
          "m1_bias": 1.22,
          "dl_bias": 1.64,
          "severe_mass_bias": false
        },
        "mc_width_frac": 4.337,
        "railing_frac": 0.0483
      },
      "recommendation": "run sampler refinement (compare_to_dynesty) before quoting these posteriors"
    }
  },
  "config": {
    "model_path": "model/lean_coherentC/best_model.pth",
    "model_epoch": 40,
    "model_val_nll": 1.3679874420166016,
    "premerger": false,
    "psd_cond": true,
    "device": "mps",
    "num_samples": 3000,
    "rank": 0,
    "seed": 0,
    "event": "GW151226",
    "event_type": "BBH",
    "source": "real",
    "detectors_present": [
      "H1",
      "L1"
    ]
  },
  "reproducibility": {
    "git_commit": "995121aff136ae38385b8720269d5a16cb7438f5",
    "model_path": "model/lean_coherentC/best_model.pth",
    "model_epoch": 40,
    "model_val_nll": 1.3679874420166016,
    "premerger": false
  },
  "preprocessing": {
    "source": "real",
    "detectors_present": [
      "H1",
      "L1"
    ],
    "warnings": [
      "V1: no data \u2014 filled with unit white noise (posterior uses remaining detectors only)"
    ],
    "quality": {
      "H1": {
        "finite": true,
        "std": 0.9907671213150024,
        "max_abs": 4.321092128753662,
        "excess_kurtosis": -0.0051190853118896484,
        "repeated_frac": 0.0,
        "whitening_norm": 45.69708645162901
      },
      "L1": {
        "finite": true,
        "std": 1.0031466484069824,
        "max_abs": 4.014796733856201,
        "excess_kurtosis": -0.035155534744262695,
        "repeated_frac": 0.0,
        "whitening_norm": 45.946058344444324
      }
    },
    "timings": {
      "preprocess_s": 0.029,
      "gwosc_fetch_s": 4.25
    }
  }
}