{
  "param_names": [
    "mass_1",
    "mass_2",
    "luminosity_distance",
    "ra",
    "dec",
    "theta_jn",
    "psi",
    "phase",
    "geocent_time",
    "a1",
    "a2"
  ],
  "trigger_gps": 1185389807.3,
  "truth": null,
  "summary": {
    "n_samples": 3000,
    "trigger_gps": 1185389807.3,
    "parameters": [
      {
        "param": "mass_1",
        "median": 55.92698287963867,
        "mean": 54.71110359954834,
        "map": 1.9263848066329956,
        "std": 25.441801345757533,
        "ci50%": [
          34.63309192657471,
          75.3672866821289
        ],
        "ci68%": [
          28.364774856567372,
          82.67957031250002
        ],
        "ci90%": [
          9.70507478713989,
          93.81219596862792
        ],
        "ci95%": [
          2.257694458961488,
          96.72138042449953
        ]
      },
      {
        "param": "mass_2",
        "median": 18.144235610961914,
        "mean": 20.542211918910343,
        "map": 1.7275627851486206,
        "std": 14.564651173808443,
        "ci50%": [
          10.201285362243652,
          28.60091781616211
        ],
        "ci68%": [
          6.774220447540282,
          34.027958526611336
        ],
        "ci90%": [
          1.51511498093605,
          47.523812675476066
        ],
        "ci95%": [
          1.2635187029838568,
          55.041527462005625
        ]
      },
      {
        "param": "luminosity_distance",
        "median": 1500.6734619140625,
        "mean": 1399.5289704577128,
        "map": 249.0224151611328,
        "std": 485.3130592457815,
        "ci50%": [
          1127.1394958496094,
          1787.4536743164062
        ],
        "ci68%": [
          875.83236328125,
          1886.6804150390626
        ],
        "ci90%": [
          393.13191528320294,
          1994.3528564453125
        ],
        "ci95%": [
          245.46061401367194,
          2043.476617431641
        ]
      },
      {
        "param": "ra",
        "median": 3.2417162656784058,
        "mean": 3.2134508558318386,
        "map": 4.359784126281738,
        "std": 1.862944339945465,
        "ci50%": [
          1.5972760617733002,
          4.8711771965026855
        ],
        "ci68%": [
          1.0635310983657837,
          5.3687126731872565
        ],
        "ci90%": [
          0.2074535839259624,
          5.998960542678833
        ],
        "ci95%": [
          0.06433021854609268,
          6.14237471818924
        ]
      },
      {
        "param": "dec",
        "median": 9.953975677490234e-05,
        "mean": -0.01893250157435735,
        "map": -0.19851911067962646,
        "std": 0.6759731810761024,
        "ci50%": [
          -0.5467458665370941,
          0.490869402885437
        ],
        "ci68%": [
          -0.7643741226196289,
          0.7085056447982789
        ],
        "ci90%": [
          -1.128050082921982,
          1.1107134342193603
        ],
        "ci95%": [
          -1.255351510643959,
          1.2170303761959076
        ]
      },
      {
        "param": "theta_jn",
        "median": 1.501983404159546,
        "mean": 1.5193277758542778,
        "map": 0.7160765528678894,
        "std": 0.6616750170161199,
        "ci50%": [
          1.048781394958496,
          2.036608576774597
        ],
        "ci68%": [
          0.8662402629852294,
          2.2239108753204344
        ],
        "ci90%": [
          0.4321052268147468,
          2.5865937709808344
        ],
        "ci95%": [
          0.01945528490468863,
          2.7470431447029116
        ]
      },
      {
        "param": "psi",
        "median": 1.6870020627975464,
        "mean": 1.647888646607434,
        "map": 2.6963143348693848,
        "std": 0.8957645551936323,
        "ci50%": [
          0.8795041888952255,
          2.408825635910034
        ],
        "ci68%": [
          0.6011386084556579,
          2.664508962631226
        ],
        "ci90%": [
          0.1637927934527397,
          3.0247600436210624
        ],
        "ci95%": [
          0.0656137032434345,
          3.1127873837947844
        ]
      },
      {
        "param": "phase",
        "median": 3.440825581550598,
        "mean": 3.328983963089755,
        "map": 5.968852996826172,
        "std": 1.8521169726982085,
        "ci50%": [
          1.737127959728241,
          4.918982028961182
        ],
        "ci68%": [
          1.1254585838317865,
          5.4297999572753906
        ],
        "ci90%": [
          0.25908451378345476,
          6.089039635658264
        ],
        "ci95%": [
          0.06118702730163943,
          6.199693357944488
        ]
      },
      {
        "param": "geocent_time",
        "median": 0.053157269954681396,
        "mean": 0.04641793342431386,
        "map": 0.6853569746017456,
        "std": 0.38412097848135895,
        "ci50%": [
          0.025624513626098633,
          0.08816906809806824
        ],
        "ci68%": [
          0.008286581039428706,
          0.12487473964691173
        ],
        "ci90%": [
          -0.7848497480154039,
          0.6373871445655811
        ],
        "ci95%": [
          -1.0580413401126862,
          1.1113288223743456
        ]
      },
      {
        "param": "a1",
        "median": 0.2822675555944443,
        "mean": 0.33810915822784104,
        "map": 0.0400409996509552,
        "std": 0.27719443191396737,
        "ci50%": [
          0.08850154280662537,
          0.5488920211791992
        ],
        "ci68%": [
          0.043147318363189684,
          0.6750117397308352
        ],
        "ci90%": [
          0.008649013936519616,
          0.8521998524665828
        ],
        "ci95%": [
          0.00047154575586319167,
          0.9177446007728577
        ]
      },
      {
        "param": "a2",
        "median": 0.42109112441539764,
        "mean": 0.4330440303385258,
        "map": 0.004503160715103149,
        "std": 0.32129423959549197,
        "ci50%": [
          0.12025381624698639,
          0.7166833430528641
        ],
        "ci68%": [
          0.03738599777221679,
          0.8203674697875979
        ],
        "ci90%": [
          0.005444331467151637,
          0.9541696786880492
        ],
        "ci95%": [
          0.0006574332714080815,
          0.9737693265080453
        ]
      }
    ],
    "diagnostics": {
      "runtime": {
        "preprocess_s": 0.044,
        "gwosc_fetch_s": 5.53,
        "encode_s": 0.005,
        "sampling_s": 2.103,
        "total_s": 7.68
      },
      "memory": {
        "rss_mb": 4543.5,
        "mps_allocated_mb": 128.8
      },
      "n_effective": 3000,
      "boundary_railing_frac": 0.0537,
      "log_prob": {
        "median": -19.33333110809326,
        "max": 34.20863342285156
      },
      "ood_flags": [
        "5.4% of samples rail at the parameter bounds \u2014 the event may lie outside the training prior (out-of-distribution)"
      ],
      "context_ood": {
        "mahalanobis": 7.25,
        "percentile_vs_validation": 75.0
      },
      "verdict": {
        "confidence": "MEDIUM",
        "reasons": [
          "5% boundary railing"
        ]
      },
      "refinement": {
        "refine": true,
        "refine_global": true,
        "untrusted_params": [
          "mass_1",
          "mass_2"
        ],
        "strong_indicators": [
          "chirp-mass posterior uninformative (90% width 181% of median)"
        ],
        "moderate_indicators": [
          "confidence MEDIUM",
          "5% boundary railing"
        ],
        "indicators": {
          "confidence": "MEDIUM",
          "ood_percentile": 75.0,
          "bias_region": {
            "q_in_attractor": true,
            "cell": {
              "mc": 30,
              "q": 0.4,
              "theta_jn": 1.57
            },
            "m1_bias": 1.02,
            "dl_bias": 2.47,
            "severe_mass_bias": false
          },
          "mc_width_frac": 1.81,
          "railing_frac": 0.0537
        },
        "recommendation": "run sampler refinement (compare_to_dynesty) before quoting these posteriors"
      }
    }
  },
  "covariance": [
    [
      647.5010894134599,
      87.19297719072969,
      4194.6824228077285,
      -1.5768435871831739,
      -0.4727421404824165,
      0.7959447655047684,
      -1.004686092464361,
      -0.9552212690209599,
      -1.0426642476134735,
      1.2047653381587884,
      1.1690389687914047
    ],
    [
      87.19297719072969,
      212.19979708041325,
      3840.6628468172116,
      -0.27611597404707444,
      -0.01368696829011246,
      0.09729650366775054,
      0.022759336936105354,
      0.35416568093788997,
      -0.08236040476244112,
      0.6901933819482697,
      1.174800325445799
    ],
    [
      4194.6824228077285,
      3840.6628468172116,
      235607.30124157993,
      34.95690251929423,
      0.7617455817426958,
      16.744283875456205,
      -10.16562691973726,
      13.86680411930496,
      -10.224149082769786,
      28.144142070439337,
      58.54734790946995
    ],
    [
      -1.5768435871831739,
      -0.27611597404707444,
      34.95690251929423,
      3.4717188533526233,
      0.00559078492450385,
      0.06968602010191731,
      0.04202565429986733,
      -0.03931757397290813,
      0.022872534810661795,
      0.02274606210811971,
      0.056368918095597784
    ],
    [
      -0.4727421404824165,
      -0.01368696829011246,
      0.7617455817426958,
      0.00559078492450385,
      0.45709210556933527,
      -0.01030682276201358,
      0.005284390296095849,
      0.04953697667023514,
      0.01111649072942098,
      0.005503441719337419,
      0.01173246375020883
    ],
    [
      0.7959447655047684,
      0.09729650366775054,
      16.744283875456205,
      0.06968602010191731,
      -0.01030682276201358,
      0.43795981474819784,
      -0.020109296327148567,
      0.011242111579380074,
      -0.0003135712204145864,
      0.009782825108936317,
      0.013299572545296222
    ],
    [
      -1.004686092464361,
      0.022759336936105354,
      -10.16562691973726,
      0.04202565429986733,
      0.005284390296095849,
      -0.020109296327148567,
      0.8026616922386599,
      0.030795226590966805,
      -0.002089267137894927,
      -0.005149751587846692,
      -0.004793966559181731
    ],
    [
      -0.9552212690209599,
      0.35416568093788997,
      13.86680411930496,
      -0.03931757397290813,
      0.04953697667023514,
      0.011242111579380074,
      0.030795226590966805,
      3.4314811075926395,
      0.013186513084639629,
      0.005078220394480675,
      -0.0032422280581605816
    ],
    [
      -1.0426642476134735,
      -0.08236040476244112,
      -10.224149082769786,
      0.022872534810661795,
      0.01111649072942098,
      -0.0003135712204145864,
      -0.002089267137894927,
      0.013186513084639629,
      0.14759812548463833,
      -0.0009347119795818123,
      -0.003245061038225328
    ],
    [
      1.2047653381587884,
      0.6901933819482697,
      28.144142070439337,
      0.02274606210811971,
      0.005503441719337419,
      0.009782825108936317,
      -0.005149751587846692,
      0.005078220394480675,
      -0.0009347119795818123,
      0.07686237387539865,
      0.0130903459120321
    ],
    [
      1.1690389687914047,
      1.174800325445799,
      58.54734790946995,
      0.056368918095597784,
      0.01173246375020883,
      0.013299572545296222,
      -0.004793966559181731,
      -0.0032422280581605816,
      -0.003245061038225328,
      0.0130903459120321,
      0.10326440986720115
    ]
  ],
  "correlation": [
    [
      1.0,
      0.23522786834373247,
      0.3396131219469441,
      -0.03325799705725371,
      -0.027479081060828064,
      0.04726564051317369,
      -0.04407008321831547,
      -0.020264828193182774,
      -0.1066556358989773,
      0.17077540174887307,
      0.1429662094858533
    ],
    [
      0.2352278683437325,
      1.0,
      0.5431744455888147,
      -0.01017294687126583,
      -0.00138973795490731,
      0.010092705952676615,
      0.0017438970980350982,
      0.013124814893833258,
      -0.014716535053052178,
      0.17089974386338747,
      0.2509667821620986
    ],
    [
      0.3396131219469441,
      0.5431744455888147,
      1.0,
      0.038651495046404985,
      0.002321206143015531,
      0.05212608095717617,
      -0.02337617912334606,
      0.015422017882626952,
      -0.05482673453435364,
      0.20913982744927484,
      0.3753509513935203
    ],
    [
      -0.03325799705725371,
      -0.01017294687126583,
      0.038651495046404985,
      1.0,
      0.004438116018915294,
      0.05651402718808622,
      0.025175374609992408,
      -0.011391308995911637,
      0.03195226153528539,
      0.04403287577047732,
      0.09414387968104664
    ],
    [
      -0.027479081060828064,
      -0.00138973795490731,
      0.002321206143015531,
      0.004438116018915294,
      1.0,
      -0.023035933485944404,
      0.008724222996136675,
      0.039553674100166275,
      0.04279819260332353,
      0.029361322594488773,
      0.05400227137780104
    ],
    [
      0.04726564051317369,
      0.010092705952676615,
      0.05212608095717617,
      0.05651402718808622,
      -0.023035933485944404,
      1.0,
      -0.03391669093805681,
      0.009170435352282905,
      -0.0012333281485078136,
      0.053320014783363096,
      0.06253817699888221
    ],
    [
      -0.044070083218315466,
      0.001743897098035098,
      -0.023376179123346056,
      0.025175374609992408,
      0.008724222996136675,
      -0.03391669093805681,
      1.0,
      0.018555656729999363,
      -0.006069980335836551,
      -0.02073304619280678,
      -0.016651501403418093
    ],
    [
      -0.020264828193182774,
      0.013124814893833258,
      0.015422017882626952,
      -0.011391308995911639,
      0.03955367410016627,
      0.009170435352282905,
      0.018555656729999363,
      1.0,
      0.01852886183902721,
      0.00988812260085196,
      -0.005446624308594926
    ],
    [
      -0.10665563589897728,
      -0.014716535053052178,
      -0.05482673453435364,
      0.03195226153528538,
      0.04279819260332353,
      -0.0012333281485078136,
      -0.006069980335836551,
      0.01852886183902721,
      1.0,
      -0.008775674191703454,
      -0.02628494758963523
    ],
    [
      0.17077540174887304,
      0.17089974386338747,
      0.20913982744927484,
      0.04403287577047733,
      0.02936132259448877,
      0.05332001478336309,
      -0.02073304619280678,
      0.009888122600851958,
      -0.008775674191703456,
      0.9999999999999998,
      0.14693284660001593
    ],
    [
      0.1429662094858533,
      0.2509667821620986,
      0.37535095139352037,
      0.09414387968104664,
      0.05400227137780103,
      0.06253817699888221,
      -0.016651501403418093,
      -0.005446624308594925,
      -0.02628494758963523,
      0.1469328466000159,
      0.9999999999999998
    ]
  ],
  "diagnostics": {
    "runtime": {
      "preprocess_s": 0.044,
      "gwosc_fetch_s": 5.53,
      "encode_s": 0.005,
      "sampling_s": 2.103,
      "total_s": 7.68
    },
    "memory": {
      "rss_mb": 4543.5,
      "mps_allocated_mb": 128.8
    },
    "n_effective": 3000,
    "boundary_railing_frac": 0.0537,
    "log_prob": {
      "median": -19.33333110809326,
      "max": 34.20863342285156
    },
    "ood_flags": [
      "5.4% of samples rail at the parameter bounds \u2014 the event may lie outside the training prior (out-of-distribution)"
    ],
    "context_ood": {
      "mahalanobis": 7.25,
      "percentile_vs_validation": 75.0
    },
    "verdict": {
      "confidence": "MEDIUM",
      "reasons": [
        "5% boundary railing"
      ]
    },
    "refinement": {
      "refine": true,
      "refine_global": true,
      "untrusted_params": [
        "mass_1",
        "mass_2"
      ],
      "strong_indicators": [
        "chirp-mass posterior uninformative (90% width 181% of median)"
      ],
      "moderate_indicators": [
        "confidence MEDIUM",
        "5% boundary railing"
      ],
      "indicators": {
        "confidence": "MEDIUM",
        "ood_percentile": 75.0,
        "bias_region": {
          "q_in_attractor": true,
          "cell": {
            "mc": 30,
            "q": 0.4,
            "theta_jn": 1.57
          },
          "m1_bias": 1.02,
          "dl_bias": 2.47,
          "severe_mass_bias": false
        },
        "mc_width_frac": 1.81,
        "railing_frac": 0.0537
      },
      "recommendation": "run sampler refinement (compare_to_dynesty) before quoting these posteriors"
    }
  },
  "config": {
    "model_path": "model/lean_v6/best_model.pth",
    "model_epoch": 38,
    "model_val_nll": -0.017256081197410823,
    "premerger": false,
    "device": "mps",
    "num_samples": 3000,
    "rank": 0,
    "seed": 0,
    "event": "GW170729",
    "event_type": "BBH",
    "source": "real",
    "detectors_present": [
      "H1",
      "L1",
      "V1"
    ]
  },
  "reproducibility": {
    "git_commit": "d6c307609f9e58de343f817c5bb3044b3fcc8171",
    "model_path": "model/lean_v6/best_model.pth",
    "model_epoch": 38,
    "model_val_nll": -0.017256081197410823,
    "premerger": false
  },
  "preprocessing": {
    "source": "real",
    "detectors_present": [
      "H1",
      "L1",
      "V1"
    ],
    "warnings": [],
    "quality": {
      "H1": {
        "finite": true,
        "std": 0.8325052261352539,
        "max_abs": 3.5362794399261475,
        "excess_kurtosis": -0.0862574577331543,
        "repeated_frac": 0.0,
        "whitening_norm": 55.20578069909997
      },
      "L1": {
        "finite": true,
        "std": 1.0004900693893433,
        "max_abs": 3.766390800476074,
        "excess_kurtosis": -0.02658224105834961,
        "repeated_frac": 0.0,
        "whitening_norm": 45.82605603526463
      },
      "V1": {
        "finite": true,
        "std": 1.0305571556091309,
        "max_abs": 4.923017501831055,
        "excess_kurtosis": 0.22036957740783691,
        "repeated_frac": 0.0,
        "whitening_norm": 46.84303252466765
      }
    },
    "timings": {
      "preprocess_s": 0.044,
      "gwosc_fetch_s": 5.53
    }
  }
}