{
  "param_names": [
    "mass_1",
    "mass_2",
    "luminosity_distance",
    "ra",
    "dec",
    "theta_jn",
    "psi",
    "phase",
    "geocent_time",
    "a1",
    "a2"
  ],
  "trigger_gps": 1186741861.5,
  "truth": null,
  "summary": {
    "n_samples": 3000,
    "trigger_gps": 1186741861.5,
    "parameters": [
      {
        "param": "mass_1",
        "median": 23.147682189941406,
        "mean": 30.225672620018322,
        "map": 28.049968719482422,
        "std": 26.85308777017536,
        "ci50%": [
          7.547425031661987,
          46.82938003540039
        ],
        "ci68%": [
          2.5321521854400633,
          60.594006958007824
        ],
        "ci90%": [
          1.5489623308181761,
          85.83276939392086
        ],
        "ci95%": [
          1.2891086161136633,
          92.31656093597412
        ]
      },
      {
        "param": "mass_2",
        "median": 7.231544733047485,
        "mean": 11.456621845086415,
        "map": 25.857715606689453,
        "std": 12.545863388059486,
        "ci50%": [
          1.9672290682792664,
          15.405396938323975
        ],
        "ci68%": [
          1.551998219490051,
          22.625645217895514
        ],
        "ci90%": [
          1.1063488483428956,
          37.04125595092771
        ],
        "ci95%": [
          1.0432860285043717,
          44.831857299804696
        ]
      },
      {
        "param": "luminosity_distance",
        "median": 551.7334899902344,
        "mean": 665.3736296780904,
        "map": 770.2937622070312,
        "std": 509.27367463709174,
        "ci50%": [
          231.27397918701172,
          1001.3332824707031
        ],
        "ci68%": [
          154.56606811523434,
          1220.9242089843751
        ],
        "ci90%": [
          80.02442779541015,
          1671.259069824217
        ],
        "ci95%": [
          58.10689334869385,
          1877.4724548339855
        ]
      },
      {
        "param": "ra",
        "median": 1.7616976499557495,
        "mean": 2.6057594100867862,
        "map": 0.0013778114225715399,
        "std": 2.145716050344544,
        "ci50%": [
          0.7576362490653992,
          4.737658858299255
        ],
        "ci68%": [
          0.36935189008712765,
          5.680057086944581
        ],
        "ci90%": [
          0.07255979403853413,
          6.14521632194519
        ],
        "ci95%": [
          0.010428363620303634,
          6.205754220485687
        ]
      },
      {
        "param": "dec",
        "median": -0.1637439727783203,
        "mean": -0.19333732654651006,
        "map": -0.009825825691223145,
        "std": 0.5748256050356739,
        "ci50%": [
          -0.6323859840631485,
          0.18648305535316467
        ],
        "ci68%": [
          -0.814191677570343,
          0.38864964485168474
        ],
        "ci90%": [
          -1.1262490034103394,
          0.7561856508254999
        ],
        "ci95%": [
          -1.2459981113672256,
          0.9243144631385803
        ]
      },
      {
        "param": "theta_jn",
        "median": 1.3778943419456482,
        "mean": 1.423763705263186,
        "map": 0.024480026215314865,
        "std": 0.7681555747538662,
        "ci50%": [
          0.8138838708400726,
          2.045253574848175
        ],
        "ci68%": [
          0.5840130758285522,
          2.2846904754638673
        ],
        "ci90%": [
          0.18929845020174976,
          2.6762459516525268
        ],
        "ci95%": [
          0.0003886797836457922,
          2.7884169578552247
        ]
      },
      {
        "param": "psi",
        "median": 1.5229268670082092,
        "mean": 1.529669579712283,
        "map": 0.020155781880021095,
        "std": 0.945262007028181,
        "ci50%": [
          0.702642560005188,
          2.3540173768997192
        ],
        "ci68%": [
          0.4237244641780853,
          2.6475861072540283
        ],
        "ci90%": [
          0.07415982596576207,
          3.017634510993957
        ],
        "ci95%": [
          0.014154966361820731,
          3.0933986485004423
        ]
      },
      {
        "param": "phase",
        "median": 3.1069432497024536,
        "mean": 3.0906001779195855,
        "map": 0.021176500245928764,
        "std": 1.8664629428006403,
        "ci50%": [
          1.4977002441883087,
          4.69235634803772
        ],
        "ci68%": [
          0.8759920382499694,
          5.269870376586914
        ],
        "ci90%": [
          0.202859792113304,
          6.020536327362059
        ],
        "ci95%": [
          0.04795973068103197,
          6.207138967514038
        ]
      },
      {
        "param": "geocent_time",
        "median": -0.19267785549163818,
        "mean": -0.14817041746775308,
        "map": -0.18395328521728516,
        "std": 0.8095293313312507,
        "ci50%": [
          -0.8224258869886398,
          0.4589827060699463
        ],
        "ci68%": [
          -1.0417334461212158,
          0.8161937189102175
        ],
        "ci90%": [
          -1.3565351188182833,
          1.2621920108795166
        ],
        "ci95%": [
          -1.4376674950122832,
          1.3868963181972505
        ]
      },
      {
        "param": "a1",
        "median": 0.37789982557296753,
        "mean": 0.4072041910092036,
        "map": 0.03591558337211609,
        "std": 0.3220523261741967,
        "ci50%": [
          0.05291593074798584,
          0.6974570900201797
        ],
        "ci68%": [
          0.02967659235000607,
          0.7971557235717774
        ],
        "ci90%": [
          0.0052949726581573466,
          0.933719170093536
        ],
        "ci95%": [
          9.973496198654295e-05,
          0.9623894408345223
        ]
      },
      {
        "param": "a2",
        "median": 0.21164557337760925,
        "mean": 0.3234149836798509,
        "map": 0.008229196071624756,
        "std": 0.32328642496603144,
        "ci50%": [
          0.03154754638671875,
          0.6008806824684143
        ],
        "ci68%": [
          0.018091487884521484,
          0.7514212322235109
        ],
        "ci90%": [
          0.003631591796875,
          0.9153019040822982
        ],
        "ci95%": [
          0.00017223507165908835,
          0.9529912948608399
        ]
      }
    ],
    "diagnostics": {
      "runtime": {
        "preprocess_s": 0.041,
        "gwosc_fetch_s": 6.3,
        "encode_s": 0.007,
        "sampling_s": 1.586,
        "total_s": 7.937
      },
      "memory": {
        "rss_mb": 3953.5,
        "mps_allocated_mb": 139.2
      },
      "n_effective": 3000,
      "boundary_railing_frac": 0.0667,
      "log_prob": {
        "median": -21.010865211486816,
        "max": 30.568801879882812
      },
      "ood_flags": [
        "6.7% of samples rail at the parameter bounds \u2014 the event may lie outside the training prior (out-of-distribution)"
      ],
      "context_ood": {
        "mahalanobis": 8.24,
        "percentile_vs_validation": 96.1
      },
      "verdict": {
        "confidence": "MEDIUM",
        "reasons": [
          "7% boundary railing"
        ]
      },
      "refinement": {
        "refine": true,
        "refine_global": true,
        "untrusted_params": [
          "mass_1",
          "mass_2"
        ],
        "strong_indicators": [
          "chirp-mass posterior uninformative (90% width 404% of median)"
        ],
        "moderate_indicators": [
          "confidence MEDIUM",
          "7% boundary railing"
        ],
        "indicators": {
          "confidence": "MEDIUM",
          "ood_percentile": 96.1,
          "bias_region": {
            "q_in_attractor": true,
            "cell": {
              "mc": 10,
              "q": 0.4,
              "theta_jn": 1.57
            },
            "m1_bias": 1.22,
            "dl_bias": 1.64,
            "severe_mass_bias": false
          },
          "mc_width_frac": 4.045,
          "railing_frac": 0.0667
        },
        "recommendation": "run sampler refinement (compare_to_dynesty) before quoting these posteriors"
      }
    }
  },
  "covariance": [
    [
      721.3287657146464,
      178.45780893961614,
      7442.549406668287,
      -0.6791437695441623,
      -0.1284986461715261,
      -0.19157388301247807,
      -0.8191338697804195,
      1.4252227756833282,
      -1.1371924713933534,
      2.312669554762515,
      1.6057160079327708
    ],
    [
      178.45780893961614,
      157.45117187580993,
      4413.344784687086,
      -0.5824465204175934,
      0.14180597108569742,
      -0.8190490161859381,
      -0.4083913025415777,
      0.27502915637864617,
      -0.19218923275098557,
      0.532158184743179,
      1.1890926618051563
    ],
    [
      7442.549406668287,
      4413.344784687086,
      259446.15773094338,
      -10.192129521989418,
      -0.7747405321055617,
      -36.34959717676415,
      -28.19856313965471,
      6.342231391754398,
      -15.688551725176612,
      40.174690136317444,
      62.10604053129891
    ],
    [
      -0.6791437695441623,
      -0.5824465204175934,
      -10.192129521989418,
      4.605632579566042,
      -0.0931509636836369,
      0.11837521031751211,
      0.047525098736785745,
      0.04585894429164403,
      0.03917041427621786,
      0.008243335564617382,
      0.005220004791132972
    ],
    [
      -0.1284986461715261,
      0.14180597108569742,
      -0.7747405321055617,
      -0.0931509636836369,
      0.3305346544227693,
      -0.011266137481018224,
      -0.02158552659762591,
      0.03073565280356463,
      0.0022413540487950163,
      -0.007617198482044031,
      -0.0010079767048845473
    ],
    [
      -0.19157388301247807,
      -0.8190490161859381,
      -36.34959717676415,
      0.11837521031751211,
      -0.011266137481018224,
      0.5902597402722,
      0.005860889246227311,
      -0.0095170434366128,
      0.0036467622794343815,
      0.016017184077773243,
      0.014489573022971772
    ],
    [
      -0.8191338697804195,
      -0.4083913025415777,
      -28.19856313965471,
      0.047525098736785745,
      -0.02158552659762591,
      0.005860889246227311,
      0.8938182013313898,
      0.039114362143734205,
      0.00584907583848583,
      0.004156638395542993,
      0.001240113856150484
    ],
    [
      1.4252227756833282,
      0.27502915637864617,
      6.342231391754398,
      0.04585894429164403,
      0.03073565280356463,
      -0.0095170434366128,
      0.039114362143734205,
      3.4848455320253593,
      0.012397290150109807,
      0.0005369200976903327,
      0.009363852442989994
    ],
    [
      -1.1371924713933534,
      -0.19218923275098557,
      -15.688551725176612,
      0.03917041427621786,
      0.0022413540487950163,
      0.0036467622794343815,
      0.00584907583848583,
      0.012397290150109807,
      0.6555562570379676,
      -0.006304900780942425,
      -0.002958183065837103
    ],
    [
      2.312669554762515,
      0.532158184743179,
      40.174690136317444,
      0.008243335564617382,
      -0.007617198482044031,
      0.016017184077773243,
      0.004156638395542993,
      0.0005369200976903327,
      -0.006304900780942425,
      0.10375228488917443,
      0.029160177272762884
    ],
    [
      1.6057160079327708,
      1.1890926618051563,
      62.10604053129891,
      0.005220004791132972,
      -0.0010079767048845473,
      0.014489573022971772,
      0.001240113856150484,
      0.009363852442989994,
      -0.002958183065837103,
      0.029160177272762884,
      0.1045489622213914
    ]
  ],
  "correlation": [
    [
      1.0,
      0.5295365992518438,
      0.5440408103431381,
      -0.01178285275960241,
      -0.008321917894485855,
      -0.009284277121671555,
      -0.032259947828230204,
      0.028426563569594006,
      -0.05229526481659773,
      0.26733026101642776,
      0.18490227218746846
    ],
    [
      0.5295365992518439,
      1.0,
      0.6905120899237475,
      -0.021629100675911575,
      0.01965681136426963,
      -0.08496016812022553,
      -0.034425395517904384,
      0.011741241522245023,
      -0.0189169502146571,
      0.13166458134859843,
      0.2930777759371501
    ],
    [
      0.5440408103431381,
      0.6905120899237475,
      0.9999999999999999,
      -0.009323879841734696,
      -0.0026455998437901573,
      -0.09288688513565013,
      -0.05855699215056146,
      0.006670013224187854,
      -0.038041203554242516,
      0.24486689778478896,
      0.37709463839760154
    ],
    [
      -0.011782852759602409,
      -0.02162910067591157,
      -0.009323879841734698,
      1.0,
      -0.07549778466934391,
      0.07179505592400537,
      0.02342360773074517,
      0.011446893498458675,
      0.02254283524666208,
      0.011925030542139852,
      0.007522572710855529
    ],
    [
      -0.008321917894485855,
      0.01965681136426963,
      -0.0026455998437901573,
      -0.07549778466934393,
      0.9999999999999998,
      -0.02550615331460192,
      -0.03971271247258215,
      0.02863796644121215,
      0.0048150076441520724,
      -0.04113276816068376,
      -0.00542228240165866
    ],
    [
      -0.009284277121671555,
      -0.08496016812022553,
      -0.09288688513565013,
      0.07179505592400537,
      -0.02550615331460192,
      1.0,
      0.008068955795468902,
      -0.006635729957997317,
      0.005862473455956154,
      0.06472405982958652,
      0.058327604924606674
    ],
    [
      -0.032259947828230204,
      -0.034425395517904384,
      -0.05855699215056146,
      0.02342360773074517,
      -0.03971271247258215,
      0.008068955795468902,
      1.0,
      0.022162558198128197,
      0.007641131466880408,
      0.013649565061571467,
      0.004056739304164517
    ],
    [
      0.028426563569594006,
      0.011741241522245023,
      0.006670013224187853,
      0.011446893498458675,
      0.028637966441212147,
      -0.006635729957997316,
      0.022162558198128197,
      1.0,
      0.008202193601295874,
      0.0008929333824071342,
      0.015513255026321525
    ],
    [
      -0.05229526481659773,
      -0.0189169502146571,
      -0.038041203554242516,
      0.02254283524666208,
      0.0048150076441520724,
      0.005862473455956153,
      0.007641131466880408,
      0.008202193601295874,
      1.0,
      -0.024175442844430753,
      -0.011299525329441097
    ],
    [
      0.26733026101642776,
      0.13166458134859846,
      0.24486689778478896,
      0.011925030542139852,
      -0.04113276816068375,
      0.06472405982958652,
      0.013649565061571469,
      0.0008929333824071341,
      -0.024175442844430753,
      1.0,
      0.279982870532783
    ],
    [
      0.18490227218746846,
      0.2930777759371502,
      0.37709463839760154,
      0.007522572710855529,
      -0.00542228240165866,
      0.058327604924606674,
      0.004056739304164517,
      0.015513255026321527,
      -0.011299525329441097,
      0.279982870532783,
      1.0
    ]
  ],
  "diagnostics": {
    "runtime": {
      "preprocess_s": 0.041,
      "gwosc_fetch_s": 6.3,
      "encode_s": 0.007,
      "sampling_s": 1.586,
      "total_s": 7.937
    },
    "memory": {
      "rss_mb": 3953.5,
      "mps_allocated_mb": 139.2
    },
    "n_effective": 3000,
    "boundary_railing_frac": 0.0667,
    "log_prob": {
      "median": -21.010865211486816,
      "max": 30.568801879882812
    },
    "ood_flags": [
      "6.7% of samples rail at the parameter bounds \u2014 the event may lie outside the training prior (out-of-distribution)"
    ],
    "context_ood": {
      "mahalanobis": 8.24,
      "percentile_vs_validation": 96.1
    },
    "verdict": {
      "confidence": "MEDIUM",
      "reasons": [
        "7% boundary railing"
      ]
    },
    "refinement": {
      "refine": true,
      "refine_global": true,
      "untrusted_params": [
        "mass_1",
        "mass_2"
      ],
      "strong_indicators": [
        "chirp-mass posterior uninformative (90% width 404% of median)"
      ],
      "moderate_indicators": [
        "confidence MEDIUM",
        "7% boundary railing"
      ],
      "indicators": {
        "confidence": "MEDIUM",
        "ood_percentile": 96.1,
        "bias_region": {
          "q_in_attractor": true,
          "cell": {
            "mc": 10,
            "q": 0.4,
            "theta_jn": 1.57
          },
          "m1_bias": 1.22,
          "dl_bias": 1.64,
          "severe_mass_bias": false
        },
        "mc_width_frac": 4.045,
        "railing_frac": 0.0667
      },
      "recommendation": "run sampler refinement (compare_to_dynesty) before quoting these posteriors"
    }
  },
  "config": {
    "model_path": "model/lean_coherentC/best_model.pth",
    "model_epoch": 40,
    "model_val_nll": 1.3679874420166016,
    "premerger": false,
    "psd_cond": true,
    "device": "mps",
    "num_samples": 3000,
    "rank": 0,
    "seed": 0,
    "event": "GW170814",
    "event_type": "BBH",
    "source": "real",
    "detectors_present": [
      "H1",
      "L1",
      "V1"
    ]
  },
  "reproducibility": {
    "git_commit": "995121aff136ae38385b8720269d5a16cb7438f5",
    "model_path": "model/lean_coherentC/best_model.pth",
    "model_epoch": 40,
    "model_val_nll": 1.3679874420166016,
    "premerger": false
  },
  "preprocessing": {
    "source": "real",
    "detectors_present": [
      "H1",
      "L1",
      "V1"
    ],
    "warnings": [],
    "quality": {
      "H1": {
        "finite": true,
        "std": 0.9792155623435974,
        "max_abs": 4.176636695861816,
        "excess_kurtosis": -0.002106904983520508,
        "repeated_frac": 0.0,
        "whitening_norm": 47.013954239306116
      },
      "L1": {
        "finite": true,
        "std": 0.9994204640388489,
        "max_abs": 3.956414222717285,
        "excess_kurtosis": -0.017106056213378906,
        "repeated_frac": 0.0,
        "whitening_norm": 45.957458531048935
      },
      "V1": {
        "finite": true,
        "std": 0.9578981399536133,
        "max_abs": 3.727754592895508,
        "excess_kurtosis": 0.03925657272338867,
        "repeated_frac": 0.0,
        "whitening_norm": 46.6550071260846
      }
    },
    "timings": {
      "preprocess_s": 0.041,
      "gwosc_fetch_s": 6.3
    }
  }
}