{
  "param_names": [
    "mass_1",
    "mass_2",
    "luminosity_distance",
    "ra",
    "dec",
    "theta_jn",
    "psi",
    "phase",
    "geocent_time",
    "a1",
    "a2"
  ],
  "trigger_gps": 1167559936.6,
  "truth": null,
  "summary": {
    "n_samples": 3000,
    "trigger_gps": 1167559936.6,
    "parameters": [
      {
        "param": "mass_1",
        "median": 64.60669708251953,
        "mean": 64.51111143803597,
        "map": 34.881290435791016,
        "std": 20.523404255597914,
        "ci50%": [
          51.19455528259277,
          80.53678131103516
        ],
        "ci68%": [
          45.15358734130859,
          85.96133575439454
        ],
        "ci90%": [
          30.110030937194825,
          94.98847122192382
        ],
        "ci95%": [
          20.325551033020055,
          98.64740180969238
        ]
      },
      {
        "param": "mass_2",
        "median": 28.474027633666992,
        "mean": 29.188412135561308,
        "map": 27.202938079833984,
        "std": 14.440973920275015,
        "ci50%": [
          19.654892444610596,
          37.092949867248535
        ],
        "ci68%": [
          15.362128829956054,
          42.37095535278321
        ],
        "ci90%": [
          7.432067084312439,
          53.54470024108886
        ],
        "ci95%": [
          2.0078812479972843,
          62.00759077072144
        ]
      },
      {
        "param": "luminosity_distance",
        "median": 1145.3252563476562,
        "mean": 1160.4508304227193,
        "map": 1341.9071044921875,
        "std": 466.7936749073291,
        "ci50%": [
          827.4678649902344,
          1513.0276184082031
        ],
        "ci68%": [
          692.3645361328124,
          1679.2966015625002
        ],
        "ci90%": [
          376.3388763427734,
          1914.8538635253904
        ],
        "ci95%": [
          235.13967323303223,
          1991.1267486572265
        ]
      },
      {
        "param": "ra",
        "median": 3.7280384302139282,
        "mean": 3.4957042982034134,
        "map": 0.008520222268998623,
        "std": 1.5859135246027978,
        "ci50%": [
          2.4893325567245483,
          4.672922372817993
        ],
        "ci68%": [
          1.7400261211395263,
          5.078915176391602
        ],
        "ci90%": [
          0.4216530084609984,
          5.844557428359985
        ],
        "ci95%": [
          0.18945253938436535,
          6.071753954887391
        ]
      },
      {
        "param": "dec",
        "median": 0.054964423179626465,
        "mean": 0.08135250453154245,
        "map": 0.02242434024810791,
        "std": 0.6380279941478288,
        "ci50%": [
          -0.3970116674900055,
          0.598014235496521
        ],
        "ci68%": [
          -0.5828566598892212,
          0.8009788751602176
        ],
        "ci90%": [
          -0.9548441588878632,
          1.1092099666595447
        ],
        "ci95%": [
          -1.0954010784626005,
          1.2280274808406832
        ]
      },
      {
        "param": "theta_jn",
        "median": 1.318532645702362,
        "mean": 1.3467037188319955,
        "map": 0.01246350072324276,
        "std": 0.6118647344460705,
        "ci50%": [
          0.9308393001556396,
          1.7528720796108246
        ],
        "ci68%": [
          0.7361205625534056,
          1.9671704769134524
        ],
        "ci90%": [
          0.3335002452135086,
          2.4001683592796303
        ],
        "ci95%": [
          0.15964459441602236,
          2.6379783272743227
        ]
      },
      {
        "param": "psi",
        "median": 1.5678567290306091,
        "mean": 1.5634974637844716,
        "map": 0.1536681056022644,
        "std": 0.9679274273558219,
        "ci50%": [
          0.6937669515609741,
          2.4518454670906067
        ],
        "ci68%": [
          0.42542204141616813,
          2.7000741481781008
        ],
        "ci90%": [
          0.07607970461249351,
          3.046222674846649
        ],
        "ci95%": [
          0.034862176142632983,
          3.1081188023090363
        ]
      },
      {
        "param": "phase",
        "median": 2.9151638746261597,
        "mean": 2.99698200665977,
        "map": 0.033183757215738297,
        "std": 1.8088607838613813,
        "ci50%": [
          1.403287410736084,
          4.551607251167297
        ],
        "ci68%": [
          0.9239061260223387,
          5.14702657699585
        ],
        "ci90%": [
          0.2788499370217323,
          5.904806566238403
        ],
        "ci95%": [
          0.12028359957039382,
          6.132392394542694
        ]
      },
      {
        "param": "geocent_time",
        "median": 0.0042389631271362305,
        "mean": -0.014029715538024902,
        "map": 0.020517349243164062,
        "std": 0.19516042946104642,
        "ci50%": [
          -0.021943360567092896,
          0.02803647518157959
        ],
        "ci68%": [
          -0.03780492305755616,
          0.040032377243042025
        ],
        "ci90%": [
          -0.11807433962821962,
          0.07973832488059998
        ],
        "ci95%": [
          -0.31608064770698385,
          0.11890644133090982
        ]
      },
      {
        "param": "a1",
        "median": 0.2332456409931183,
        "mean": 0.2910022010107835,
        "map": 0.0018828511238098145,
        "std": 0.24906913961282057,
        "ci50%": [
          0.06811366230249405,
          0.46205367147922516
        ],
        "ci68%": [
          0.040525345802307114,
          0.5617672014236452
        ],
        "ci90%": [
          0.013834224641323086,
          0.7911230355501172
        ],
        "ci95%": [
          0.006661070883274082,
          0.8727318480610848
        ]
      },
      {
        "param": "a2",
        "median": 0.40514758229255676,
        "mean": 0.4345730363925298,
        "map": 0.01805025339126587,
        "std": 0.30174897198310374,
        "ci50%": [
          0.1674206405878067,
          0.6916304230690002
        ],
        "ci68%": [
          0.07704159021377562,
          0.8071448636054993
        ],
        "ci90%": [
          0.010190208256244658,
          0.9346875399351119
        ],
        "ci95%": [
          0.003681380301713946,
          0.9603273198008538
        ]
      }
    ],
    "diagnostics": {
      "runtime": {
        "preprocess_s": 0.079,
        "gwosc_fetch_s": 6.15,
        "encode_s": 0.048,
        "sampling_s": 4.433,
        "total_s": 10.713
      },
      "memory": {
        "rss_mb": 1725.1,
        "mps_allocated_mb": 138.1
      },
      "n_effective": 3000,
      "boundary_railing_frac": 0.0443,
      "log_prob": {
        "median": -19.122570991516113,
        "max": 6.0231781005859375
      },
      "ood_flags": [
        "V1: no data \u2014 filled with unit white noise (posterior uses remaining detectors only)"
      ],
      "context_ood": {
        "mahalanobis": 18.45,
        "percentile_vs_validation": 99.8
      },
      "verdict": {
        "confidence": "MEDIUM",
        "reasons": [
          "context in the top 0.2% distance tail"
        ]
      },
      "refinement": {
        "refine": true,
        "refine_global": true,
        "untrusted_params": [
          "mass_1",
          "mass_2"
        ],
        "strong_indicators": [
          "chirp-mass posterior uninformative (90% width 114% of median)"
        ],
        "moderate_indicators": [
          "confidence MEDIUM",
          "context in top 0.2% OOD tail",
          "V1: no data \u2014 filled with unit white noise (posterior uses remaining detectors only)"
        ],
        "indicators": {
          "confidence": "MEDIUM",
          "ood_percentile": 99.8,
          "bias_region": {
            "q_in_attractor": true,
            "cell": {
              "mc": 30,
              "q": 0.4,
              "theta_jn": 1.57
            },
            "m1_bias": 1.02,
            "dl_bias": 2.47,
            "severe_mass_bias": false
          },
          "mc_width_frac": 1.139,
          "railing_frac": 0.0443
        },
        "recommendation": "run sampler refinement (compare_to_dynesty) before quoting these posteriors"
      }
    }
  },
  "covariance": [
    [
      421.35057242950444,
      21.436319656702572,
      1710.4336155452388,
      -2.086914839743948,
      -0.3949121832828241,
      0.8265431157990375,
      0.37494261115555244,
      3.881018649526526,
      -0.27876468357327083,
      1.2108256747029083,
      0.9705206624772618
    ],
    [
      21.436319656702572,
      208.61126485434883,
      3135.997696786926,
      -0.9261970562790379,
      0.17134182470168144,
      -0.33913611779236386,
      -0.5729182699467648,
      -0.46158223023704753,
      0.12825442677448506,
      0.8468011667775031,
      1.1497543459660904
    ],
    [
      1710.4336155452388,
      3135.997696786926,
      217968.99126391122,
      2.201621555641392,
      -5.856789294124528,
      -24.967355380094304,
      6.127463857806794,
      42.97557991927311,
      4.68174243550718,
      23.86166470197579,
      32.54482343965012
    ],
    [
      -2.086914839743948,
      -0.9261970562790379,
      2.201621555641392,
      2.515960360971723,
      -0.07071877175121645,
      0.007601417908327949,
      0.1574508618922348,
      0.12783853188447594,
      0.011192152100713235,
      0.002772416279784529,
      -0.027199796577731923
    ],
    [
      -0.3949121832828241,
      0.17134182470168144,
      -5.856789294124528,
      -0.07071877175121645,
      0.4072154598029039,
      -0.007074750064689882,
      -0.03603078834848231,
      0.05783071542772825,
      0.004878110578251043,
      -0.0036016363290048868,
      0.017213389035925952
    ],
    [
      0.8265431157990375,
      -0.33913611779236386,
      -24.967355380094304,
      0.007601417908327949,
      -0.007074750064689882,
      0.3745032876879895,
      -0.018624083942394544,
      0.022142859576982973,
      0.0012537124586416626,
      -0.0001340491956214127,
      -0.0033553645859320824
    ],
    [
      0.37494261115555244,
      -0.5729182699467648,
      6.127463857806794,
      0.1574508618922348,
      -0.03603078834848231,
      -0.018624083942394544,
      0.9371959032620798,
      0.056296666675614844,
      -0.002561505385500776,
      -0.0023151817878333835,
      -0.008319235048126457
    ],
    [
      3.881018649526526,
      -0.46158223023704753,
      42.97557991927311,
      0.12783853188447594,
      0.05783071542772825,
      0.022142859576982973,
      0.056296666675614844,
      3.2730683581776745,
      -0.015815598228912254,
      -0.004606723703786941,
      -0.018223673003953843
    ],
    [
      -0.27876468357327083,
      0.12825442677448506,
      4.68174243550718,
      0.011192152100713235,
      0.004878110578251043,
      0.0012537124586416626,
      -0.002561505385500776,
      -0.015815598228912254,
      0.038100293325195114,
      -0.0008564625064216222,
      0.0015780812929934412
    ],
    [
      1.2108256747029083,
      0.8468011667775031,
      23.86166470197579,
      0.002772416279784529,
      -0.0036016363290048868,
      -0.0001340491956214127,
      -0.0023151817878333835,
      -0.004606723703786941,
      -0.0008564625064216222,
      0.06205612168136472,
      0.007177017560329482
    ],
    [
      0.9705206624772618,
      1.1497543459660904,
      32.54482343965012,
      -0.027199796577731923,
      0.017213389035925952,
      -0.0033553645859320824,
      -0.008319235048126457,
      -0.018223673003953843,
      0.0015780812929934412,
      0.007177017560329482,
      0.0910828030272025
    ]
  ],
  "correlation": [
    [
      1.0,
      0.07230353855340498,
      0.17847897861366638,
      -0.06409601597911062,
      -0.03014856248208035,
      0.06579848612399987,
      0.01886808459175113,
      0.10450724466275017,
      -0.06957477312391962,
      0.2367922652316662,
      0.15666240819793054
    ],
    [
      0.07230353855340496,
      0.9999999999999999,
      0.4650605487580037,
      -0.04042803387630439,
      0.018590128027402644,
      -0.038368723332159065,
      -0.040974022623814825,
      -0.017664553533144608,
      0.045492449976212865,
      0.23535327965284747,
      0.2637654987512182
    ],
    [
      0.1784789786136664,
      0.4650605487580037,
      1.0,
      0.0029729897661607886,
      -0.019658488105333903,
      -0.08738710830027557,
      0.013557144042013664,
      0.050879970500042636,
      0.05137430984508258,
      0.20516868109368755,
      0.23097574093602274
    ],
    [
      -0.06409601597911062,
      -0.04042803387630439,
      0.0029729897661607886,
      1.0,
      -0.06986677278279256,
      0.007830958007438138,
      0.10253637374569392,
      0.044548423477805285,
      0.036149104787242294,
      0.00701639819442111,
      -0.056819258931731585
    ],
    [
      -0.030148562482080355,
      0.018590128027402647,
      -0.019658488105333903,
      -0.06986677278279256,
      1.0,
      -0.01811636890775455,
      -0.05832388500746119,
      0.05009206073143174,
      0.03916294587656384,
      -0.022656635332355984,
      0.0893791174124434
    ],
    [
      0.06579848612399987,
      -0.038368723332159065,
      -0.08738710830027557,
      0.007830958007438138,
      -0.01811636890775455,
      1.0,
      -0.03143633530292958,
      0.01999992424899561,
      0.010495568434446923,
      -0.0008793141865382593,
      -0.01816743878368987
    ],
    [
      0.01886808459175113,
      -0.040974022623814825,
      0.013557144042013664,
      0.10253637374569392,
      -0.05832388500746118,
      -0.03143633530292958,
      1.0,
      0.03214326231210858,
      -0.01355551191093993,
      -0.009600140557802764,
      -0.028474100294102387
    ],
    [
      0.10450724466275017,
      -0.01766455353314461,
      0.05087997050004264,
      0.044548423477805285,
      0.05009206073143175,
      0.01999992424899561,
      0.032143262312108574,
      1.0,
      -0.04478617022180439,
      -0.01022168074912817,
      -0.03337645310195802
    ],
    [
      -0.06957477312391962,
      0.045492449976212865,
      0.05137430984508259,
      0.0361491047872423,
      0.03916294587656384,
      0.010495568434446921,
      -0.01355551191093993,
      -0.04478617022180439,
      1.0,
      -0.017613752148289016,
      0.02678841500179283
    ],
    [
      0.2367922652316662,
      0.23535327965284744,
      0.20516868109368755,
      0.0070163981944211095,
      -0.022656635332355988,
      -0.0008793141865382593,
      -0.009600140557802762,
      -0.01022168074912817,
      -0.017613752148289016,
      1.0,
      0.09546265310979452
    ],
    [
      0.15666240819793054,
      0.26376549875121813,
      0.23097574093602274,
      -0.05681925893173158,
      0.0893791174124434,
      -0.01816743878368987,
      -0.028474100294102387,
      -0.03337645310195802,
      0.026788415001792826,
      0.09546265310979453,
      1.0
    ]
  ],
  "diagnostics": {
    "runtime": {
      "preprocess_s": 0.079,
      "gwosc_fetch_s": 6.15,
      "encode_s": 0.048,
      "sampling_s": 4.433,
      "total_s": 10.713
    },
    "memory": {
      "rss_mb": 1725.1,
      "mps_allocated_mb": 138.1
    },
    "n_effective": 3000,
    "boundary_railing_frac": 0.0443,
    "log_prob": {
      "median": -19.122570991516113,
      "max": 6.0231781005859375
    },
    "ood_flags": [
      "V1: no data \u2014 filled with unit white noise (posterior uses remaining detectors only)"
    ],
    "context_ood": {
      "mahalanobis": 18.45,
      "percentile_vs_validation": 99.8
    },
    "verdict": {
      "confidence": "MEDIUM",
      "reasons": [
        "context in the top 0.2% distance tail"
      ]
    },
    "refinement": {
      "refine": true,
      "refine_global": true,
      "untrusted_params": [
        "mass_1",
        "mass_2"
      ],
      "strong_indicators": [
        "chirp-mass posterior uninformative (90% width 114% of median)"
      ],
      "moderate_indicators": [
        "confidence MEDIUM",
        "context in top 0.2% OOD tail",
        "V1: no data \u2014 filled with unit white noise (posterior uses remaining detectors only)"
      ],
      "indicators": {
        "confidence": "MEDIUM",
        "ood_percentile": 99.8,
        "bias_region": {
          "q_in_attractor": true,
          "cell": {
            "mc": 30,
            "q": 0.4,
            "theta_jn": 1.57
          },
          "m1_bias": 1.02,
          "dl_bias": 2.47,
          "severe_mass_bias": false
        },
        "mc_width_frac": 1.139,
        "railing_frac": 0.0443
      },
      "recommendation": "run sampler refinement (compare_to_dynesty) before quoting these posteriors"
    }
  },
  "config": {
    "model_path": "model/long_run/best_model.pth",
    "model_epoch": 18,
    "model_val_nll": 0.941044722834753,
    "premerger": false,
    "psd_cond": true,
    "device": "mps",
    "num_samples": 3000,
    "rank": 0,
    "seed": 0,
    "event": "GW170104",
    "event_type": "BBH",
    "source": "real",
    "detectors_present": [
      "H1",
      "L1"
    ]
  },
  "reproducibility": {
    "git_commit": "995121aff136ae38385b8720269d5a16cb7438f5",
    "model_path": "model/long_run/best_model.pth",
    "model_epoch": 18,
    "model_val_nll": 0.941044722834753,
    "premerger": false
  },
  "preprocessing": {
    "source": "real",
    "detectors_present": [
      "H1",
      "L1"
    ],
    "warnings": [
      "V1: no data \u2014 filled with unit white noise (posterior uses remaining detectors only)"
    ],
    "quality": {
      "H1": {
        "finite": true,
        "std": 0.977746307849884,
        "max_abs": 4.0638837814331055,
        "excess_kurtosis": -0.06703996658325195,
        "repeated_frac": 0.0,
        "whitening_norm": 46.741788915438214
      },
      "L1": {
        "finite": true,
        "std": 0.9818301796913147,
        "max_abs": 3.961163282394409,
        "excess_kurtosis": 0.0051500797271728516,
        "repeated_frac": 0.0,
        "whitening_norm": 46.30542302813522
      }
    },
    "timings": {
      "preprocess_s": 0.079,
      "gwosc_fetch_s": 6.15
    }
  }
}