{
  "param_names": [
    "mass_1",
    "mass_2",
    "luminosity_distance",
    "ra",
    "dec",
    "theta_jn",
    "psi",
    "phase",
    "geocent_time",
    "a1",
    "a2"
  ],
  "trigger_gps": 1186741861.5,
  "truth": null,
  "summary": {
    "n_samples": 3000,
    "trigger_gps": 1186741861.5,
    "parameters": [
      {
        "param": "mass_1",
        "median": 30.852173805236816,
        "mean": 40.44318606758117,
        "map": 29.968124389648438,
        "std": 17.08210767565629,
        "ci50%": [
          30.34497308731079,
          47.652812004089355
        ],
        "ci68%": [
          30.192418060302735,
          57.49445266723633
        ],
        "ci90%": [
          29.88330945968628,
          79.79196586608886
        ],
        "ci95%": [
          28.659465789794933,
          87.35251007080079
        ]
      },
      {
        "param": "mass_2",
        "median": 29.86491298675537,
        "mean": 28.86862883845965,
        "map": 29.769824981689453,
        "std": 8.514997033789017,
        "ci50%": [
          28.386903762817383,
          30.223097801208496
        ],
        "ci68%": [
          23.73490768432617,
          30.733686752319336
        ],
        "ci90%": [
          13.995970106124874,
          42.82557563781738
        ],
        "ci95%": [
          6.651155447959901,
          47.55133237838746
        ]
      },
      {
        "param": "luminosity_distance",
        "median": 1228.5230102539062,
        "mean": 1247.3957369130453,
        "map": 825.8152465820312,
        "std": 319.50644157234706,
        "ci50%": [
          1076.7835083007812,
          1394.1011962890625
        ],
        "ci68%": [
          986.43212890625,
          1527.348857421875
        ],
        "ci90%": [
          791.3195556640624,
          1842.8230834960934
        ],
        "ci95%": [
          581.9004409790039,
          1966.9260467529298
        ]
      },
      {
        "param": "ra",
        "median": 1.861000418663025,
        "mean": 2.626925460863116,
        "map": 0.014470390044152737,
        "std": 2.6584384040933493,
        "ci50%": [
          0.008863926166668534,
          5.767223954200745
        ],
        "ci68%": [
          0.005193581264466046,
          6.271353721618652
        ],
        "ci90%": [
          0.0015384561498649413,
          6.281290602684021
        ],
        "ci95%": [
          0.0007385699922451754,
          6.282269990444183
        ]
      },
      {
        "param": "dec",
        "median": 0.0019992589950561523,
        "mean": 0.00917337719599406,
        "map": 0.01597297191619873,
        "std": 0.42775493577338364,
        "ci50%": [
          -0.015521615743637085,
          0.023700237274169922
        ],
        "ci68%": [
          -0.21446713924407967,
          0.2824725770950324
        ],
        "ci90%": [
          -0.8045407950878144,
          0.8287192106246948
        ],
        "ci95%": [
          -1.0634556710720053,
          1.0134521007537844
        ]
      },
      {
        "param": "theta_jn",
        "median": 0.00776811852119863,
        "mean": 0.62693097578181,
        "map": 0.040059614926576614,
        "std": 0.8528876523184429,
        "ci50%": [
          0.0014953597856219858,
          1.194339632987976
        ],
        "ci68%": [
          0.0,
          1.7135815620422372
        ],
        "ci90%": [
          0.0,
          2.3879575490951535
        ],
        "ci95%": [
          0.0,
          2.6152049839496616
        ]
      },
      {
        "param": "psi",
        "median": 3.132455348968506,
        "mean": 2.357730513232615,
        "map": 0.006228988524526358,
        "std": 1.0822034025639498,
        "ci50%": [
          1.5569216012954712,
          3.1366726756095886
        ],
        "ci68%": [
          0.8541658663749692,
          3.1377355575561525
        ],
        "ci90%": [
          0.12462154030799866,
          3.1393508195877073
        ],
        "ci95%": [
          0.028561938181519583,
          3.1399889171123503
        ]
      },
      {
        "param": "phase",
        "median": 0.26356588304042816,
        "mean": 1.8816051976838546,
        "map": 0.06850557774305344,
        "std": 2.331669590845051,
        "ci50%": [
          0.016818455886095762,
          3.8133766651153564
        ],
        "ci68%": [
          0.011831666007637976,
          5.240427227020265
        ],
        "ci90%": [
          0.0037996922037564214,
          6.278464293479919
        ],
        "ci95%": [
          0.0018402854446321732,
          6.280612468719482
        ]
      },
      {
        "param": "geocent_time",
        "median": 0.037013351917266846,
        "mean": 0.02763863354921341,
        "map": 0.07536196708679199,
        "std": 0.201857658323857,
        "ci50%": [
          0.006384849548339844,
          0.05800461769104004
        ],
        "ci68%": [
          -0.01167742729187012,
          0.06910059452056885
        ],
        "ci90%": [
          -0.06749776601791384,
          0.13320753574371333
        ],
        "ci95%": [
          -0.19644133150577436,
          0.2801220148801809
        ]
      },
      {
        "param": "a1",
        "median": 0.0,
        "mean": 0.1862451208134492,
        "map": 0.0010698437690734863,
        "std": 0.2958283918636295,
        "ci50%": [
          0.0,
          0.3172418475151062
        ],
        "ci68%": [
          0.0,
          0.5713728952407838
        ],
        "ci90%": [
          0.0,
          0.8516884207725525
        ],
        "ci95%": [
          0.0,
          0.9366866171360017
        ]
      },
      {
        "param": "a2",
        "median": 0.0009573549032211304,
        "mean": 0.22926921718319257,
        "map": 0.010266005992889404,
        "std": 0.3291832099150229,
        "ci50%": [
          0.0,
          0.46916989982128143
        ],
        "ci68%": [
          0.0,
          0.68669988155365
        ],
        "ci90%": [
          0.0,
          0.9102756917476649
        ],
        "ci95%": [
          0.0,
          0.9614539399743081
        ]
      }
    ],
    "diagnostics": {
      "runtime": {
        "preprocess_s": 0.054,
        "gwosc_fetch_s": 6.42,
        "encode_s": 0.015,
        "sampling_s": 1.618,
        "total_s": 8.112
      },
      "memory": {
        "rss_mb": 2291.9,
        "mps_allocated_mb": 125.4
      },
      "n_effective": 3000,
      "boundary_railing_frac": 0.5957,
      "log_prob": {
        "median": -36.106943130493164,
        "max": 22.758071899414062
      },
      "ood_flags": [
        "59.6% of samples rail at the parameter bounds \u2014 the event may lie outside the training prior (out-of-distribution)"
      ],
      "context_ood": {
        "mahalanobis": 8.2,
        "percentile_vs_validation": 95.1
      },
      "verdict": {
        "confidence": "LOW",
        "reasons": [
          "60% of posterior samples rail at prior bounds"
        ]
      },
      "refinement": {
        "refine": true,
        "refine_global": true,
        "untrusted_params": [],
        "strong_indicators": [
          "confidence LOW: 60% of posterior samples rail at prior bounds",
          "posterior median in severe mass-bias cell {'mc': 30, 'q': 0.9, 'theta_jn': 0.5} (m1 x1.46)",
          "60% of samples rail at prior bounds"
        ],
        "moderate_indicators": [
          "chirp-mass posterior wide (83% of median)"
        ],
        "indicators": {
          "confidence": "LOW",
          "ood_percentile": 95.1,
          "bias_region": {
            "q_in_attractor": false,
            "cell": {
              "mc": 30,
              "q": 0.9,
              "theta_jn": 0.5
            },
            "m1_bias": 1.46,
            "dl_bias": 1.42,
            "severe_mass_bias": true
          },
          "mc_width_frac": 0.833,
          "railing_frac": 0.5957
        },
        "recommendation": "run sampler refinement (compare_to_dynesty) before quoting these posteriors"
      }
    }
  },
  "covariance": [
    [
      291.8957012097848,
      -2.435835006445477,
      1605.2980686146202,
      9.14491873660183,
      0.8558525230080821,
      8.945244135177576,
      -9.582087722487547,
      11.595457435213394,
      -0.29082823420670517,
      3.1332132550580134,
      2.8839089630734063
    ],
    [
      -2.435835006445477,
      72.52935093574763,
      1270.4298845134244,
      -0.7781061462987435,
      -0.010874561542511959,
      -0.3136606320374247,
      0.7949767339190096,
      -0.7230662882310752,
      0.07428024776775295,
      0.4086153104615401,
      -0.19101929627653558
    ],
    [
      1605.2980686146202,
      1270.4298845134244,
      102118.40567478201,
      117.29108053144463,
      0.610595207240229,
      57.53213958547663,
      -62.43525099452512,
      105.57521484874493,
      2.3567133768967663,
      32.298966937803854,
      24.853030222833038
    ],
    [
      9.14491873660183,
      -0.7781061462987435,
      117.29108053144463,
      7.069651298791315,
      0.024585544351622596,
      0.6343562228845917,
      -0.6506697582710407,
      0.38505120771990464,
      6.723073994334832e-05,
      0.1751799757782733,
      0.24471682980890613
    ],
    [
      0.8558525230080821,
      -0.010874561542511959,
      0.610595207240229,
      0.024585544351622596,
      0.1830352968441061,
      0.012549362414417425,
      -0.021224105884256824,
      0.014021387879847644,
      0.006906820989065135,
      0.0018995853584402895,
      0.003527595035888255
    ],
    [
      8.945244135177576,
      -0.3136606320374247,
      57.53213958547663,
      0.6343562228845917,
      0.012549362414417425,
      0.7276599007775152,
      -0.5650949946507781,
      0.7204727907226769,
      -0.006392582153746582,
      0.1662340024449001,
      0.18259068679150345
    ],
    [
      -9.582087722487547,
      0.7949767339190096,
      -62.43525099452512,
      -0.6506697582710407,
      -0.021224105884256824,
      -0.5650949946507781,
      1.1715547227619107,
      -0.8625081628886034,
      0.012024557791688983,
      -0.16973415937046182,
      -0.21344557350619944
    ],
    [
      11.595457435213394,
      -0.7230662882310752,
      105.57521484874493,
      0.38505120771990464,
      0.014021387879847644,
      0.7204727907226769,
      -0.8625081628886034,
      5.438495912842458,
      -0.025762929916407887,
      0.22153985991757358,
      0.260857366417773
    ],
    [
      -0.29082823420670517,
      0.07428024776775295,
      2.3567133768967663,
      6.723073994334832e-05,
      0.006906820989065135,
      -0.006392582153746582,
      0.012024557791688983,
      -0.025762929916407887,
      0.040760100924299346,
      -0.0034720867119999834,
      -0.004288967319706298
    ],
    [
      3.1332132550580134,
      0.4086153104615401,
      32.298966937803854,
      0.1751799757782733,
      0.0018995853584402895,
      0.1662340024449001,
      -0.16973415937046182,
      0.22153985991757358,
      -0.0034720867119999834,
      0.08754361863883428,
      0.05432653391331706
    ],
    [
      2.8839089630734063,
      -0.19101929627653558,
      24.853030222833038,
      0.24471682980890613,
      0.003527595035888255,
      0.18259068679150345,
      -0.21344557350619944,
      0.260857366417773,
      -0.004288967319706298,
      0.05432653391331706,
      0.10839771826271428
    ]
  ],
  "correlation": [
    [
      1.0,
      -0.016740835254842257,
      0.29402876566300257,
      0.20131076740287487,
      0.11708942189597421,
      0.613781970194288,
      -0.5181613354293255,
      0.2910279051499827,
      -0.08431504799137483,
      0.6198175348768071,
      0.512693282248994
    ],
    [
      -0.016740835254842257,
      1.0,
      0.4668117648130077,
      -0.03436235764590263,
      -0.0029846089430921358,
      -0.04317565117457025,
      0.08624148649297844,
      -0.036406741906172414,
      0.043201499666113655,
      0.16216065600505267,
      -0.06812558976678917
    ],
    [
      0.29402876566300257,
      0.4668117648130077,
      0.9999999999999998,
      0.1380428692625284,
      0.004466156674554674,
      0.21105434194194428,
      -0.18050804372691603,
      0.14166760692321442,
      0.036528944937062394,
      0.34160512045276725,
      0.23622032614926514
    ],
    [
      0.20131076740287487,
      -0.03436235764590263,
      0.1380428692625284,
      1.0,
      0.021612918106651842,
      0.2796855225627716,
      -0.22608947007590868,
      0.062098354175015066,
      0.00012524236764344113,
      0.22267590093938666,
      0.2795469582106478
    ],
    [
      0.1170894218959742,
      -0.0029846089430921353,
      0.004466156674554674,
      0.021612918106651842,
      1.0,
      0.034386661708708924,
      -0.04583325383055337,
      0.014053489591657352,
      0.07996374965276437,
      0.015006490663509476,
      0.025043857764249014
    ],
    [
      0.613781970194288,
      -0.04317565117457025,
      0.21105434194194422,
      0.2796855225627716,
      0.03438666170870893,
      1.0,
      -0.6120345645569636,
      0.36217123935700785,
      -0.03711884646390465,
      0.6586328578597862,
      0.6501361729845798
    ],
    [
      -0.5181613354293255,
      0.08624148649297843,
      -0.18050804372691603,
      -0.22608947007590868,
      -0.04583325383055336,
      -0.6120345645569636,
      1.0,
      -0.3416980663778675,
      0.055026285746654156,
      -0.5299998139130705,
      -0.598957204148517
    ],
    [
      0.2910279051499827,
      -0.036406741906172414,
      0.14166760692321442,
      0.06209835417501507,
      0.01405348959165735,
      0.36217123935700785,
      -0.3416980663778675,
      1.0,
      -0.05471900901417715,
      0.32107036840202,
      0.3397454364388233
    ],
    [
      -0.08431504799137485,
      0.04320149966611365,
      0.036528944937062394,
      0.00012524236764344113,
      0.07996374965276437,
      -0.03711884646390465,
      0.055026285746654156,
      -0.05471900901417715,
      0.9999999999999999,
      -0.058124695429657945,
      -0.06452455847903969
    ],
    [
      0.6198175348768071,
      0.16216065600505264,
      0.3416051204527673,
      0.22267590093938666,
      0.015006490663509477,
      0.6586328578597862,
      -0.5299998139130705,
      0.32107036840202,
      -0.05812469542965795,
      1.0,
      0.5576859201930408
    ],
    [
      0.5126932822489939,
      -0.06812558976678917,
      0.2362203261492651,
      0.2795469582106478,
      0.025043857764249014,
      0.6501361729845798,
      -0.598957204148517,
      0.33974543643882327,
      -0.06452455847903968,
      0.5576859201930408,
      0.9999999999999998
    ]
  ],
  "diagnostics": {
    "runtime": {
      "preprocess_s": 0.054,
      "gwosc_fetch_s": 6.42,
      "encode_s": 0.015,
      "sampling_s": 1.618,
      "total_s": 8.112
    },
    "memory": {
      "rss_mb": 2291.9,
      "mps_allocated_mb": 125.4
    },
    "n_effective": 3000,
    "boundary_railing_frac": 0.5957,
    "log_prob": {
      "median": -36.106943130493164,
      "max": 22.758071899414062
    },
    "ood_flags": [
      "59.6% of samples rail at the parameter bounds \u2014 the event may lie outside the training prior (out-of-distribution)"
    ],
    "context_ood": {
      "mahalanobis": 8.2,
      "percentile_vs_validation": 95.1
    },
    "verdict": {
      "confidence": "LOW",
      "reasons": [
        "60% of posterior samples rail at prior bounds"
      ]
    },
    "refinement": {
      "refine": true,
      "refine_global": true,
      "untrusted_params": [],
      "strong_indicators": [
        "confidence LOW: 60% of posterior samples rail at prior bounds",
        "posterior median in severe mass-bias cell {'mc': 30, 'q': 0.9, 'theta_jn': 0.5} (m1 x1.46)",
        "60% of samples rail at prior bounds"
      ],
      "moderate_indicators": [
        "chirp-mass posterior wide (83% of median)"
      ],
      "indicators": {
        "confidence": "LOW",
        "ood_percentile": 95.1,
        "bias_region": {
          "q_in_attractor": false,
          "cell": {
            "mc": 30,
            "q": 0.9,
            "theta_jn": 0.5
          },
          "m1_bias": 1.46,
          "dl_bias": 1.42,
          "severe_mass_bias": true
        },
        "mc_width_frac": 0.833,
        "railing_frac": 0.5957
      },
      "recommendation": "run sampler refinement (compare_to_dynesty) before quoting these posteriors"
    }
  },
  "config": {
    "model_path": "model/lean_v8_psdcond/best_model.pth",
    "model_epoch": 17,
    "model_val_nll": 1.005021550040692,
    "premerger": false,
    "psd_cond": true,
    "device": "mps",
    "num_samples": 3000,
    "rank": 0,
    "seed": 0,
    "event": "GW170814",
    "event_type": "BBH",
    "source": "real",
    "detectors_present": [
      "H1",
      "L1",
      "V1"
    ]
  },
  "reproducibility": {
    "git_commit": "995121aff136ae38385b8720269d5a16cb7438f5",
    "model_path": "model/lean_v8_psdcond/best_model.pth",
    "model_epoch": 17,
    "model_val_nll": 1.005021550040692,
    "premerger": false
  },
  "preprocessing": {
    "source": "real",
    "detectors_present": [
      "H1",
      "L1",
      "V1"
    ],
    "warnings": [],
    "quality": {
      "H1": {
        "finite": true,
        "std": 0.9792155623435974,
        "max_abs": 4.176636695861816,
        "excess_kurtosis": -0.002106904983520508,
        "repeated_frac": 0.0,
        "whitening_norm": 47.013954239306116
      },
      "L1": {
        "finite": true,
        "std": 0.9994204640388489,
        "max_abs": 3.956414222717285,
        "excess_kurtosis": -0.017106056213378906,
        "repeated_frac": 0.0,
        "whitening_norm": 45.957458531048935
      },
      "V1": {
        "finite": true,
        "std": 0.9578981399536133,
        "max_abs": 3.727754592895508,
        "excess_kurtosis": 0.03925657272338867,
        "repeated_frac": 0.0,
        "whitening_norm": 46.6550071260846
      }
    },
    "timings": {
      "preprocess_s": 0.054,
      "gwosc_fetch_s": 6.42
    }
  }
}