{
  "param_names": [
    "mass_1",
    "mass_2",
    "luminosity_distance",
    "ra",
    "dec",
    "theta_jn",
    "psi",
    "phase",
    "geocent_time",
    "a1",
    "a2"
  ],
  "trigger_gps": 1126259462.4,
  "truth": null,
  "summary": {
    "n_samples": 5000,
    "trigger_gps": 1126259462.4,
    "parameters": [
      {
        "param": "mass_1",
        "median": 76.65087890625,
        "mean": 75.8501051845789,
        "map": 90.21466827392578,
        "std": 13.495421953048313,
        "ci50%": [
          66.31402969360352,
          85.90848350524902
        ],
        "ci68%": [
          62.16864898681641,
          90.05303100585938
        ],
        "ci90%": [
          54.48122215270996,
          95.73192138671875
        ],
        "ci95%": [
          51.76103534698487,
          97.8604076385498
        ]
      },
      {
        "param": "mass_2",
        "median": 40.36224365234375,
        "mean": 40.25101889190674,
        "map": 42.055694580078125,
        "std": 9.09255650903061,
        "ci50%": [
          34.918046951293945,
          46.20729637145996
        ],
        "ci68%": [
          32.26736282348633,
          48.60472640991211
        ],
        "ci90%": [
          26.437390518188476,
          53.45193214416504
        ],
        "ci95%": [
          23.22706418037415,
          55.54906501770019
        ]
      },
      {
        "param": "luminosity_distance",
        "median": 1591.0128784179688,
        "mean": 1559.206283203125,
        "map": 1869.646240234375,
        "std": 306.8281119816696,
        "ci50%": [
          1364.921142578125,
          1785.6080322265625
        ],
        "ci68%": [
          1259.9042529296876,
          1872.4689648437502
        ],
        "ci90%": [
          1042.2586791992187,
          1981.2331176757812
        ],
        "ci95%": [
          955.581007385254,
          2025.1169311523436
        ]
      },
      {
        "param": "ra",
        "median": 2.904182195663452,
        "mean": 2.766673362480849,
        "map": 4.1285881996154785,
        "std": 1.6315700999540066,
        "ci50%": [
          1.222691833972931,
          4.335911989212036
        ],
        "ci68%": [
          1.0999998760223388,
          4.528951740264893
        ],
        "ci90%": [
          0.7045042037963867,
          4.8305689096450815
        ],
        "ci95%": [
          0.34756625071168096,
          5.075789999961852
        ]
      },
      {
        "param": "dec",
        "median": 0.021712958812713623,
        "mean": 0.034056651878356936,
        "map": 0.9099048376083374,
        "std": 0.7587500095794512,
        "ci50%": [
          -0.6747951656579971,
          0.716856837272644
        ],
        "ci68%": [
          -0.7824733519554139,
          0.8733108186721804
        ],
        "ci90%": [
          -1.0228193402290344,
          1.1619306087493897
        ],
        "ci95%": [
          -1.155197513103485,
          1.2677913963794707
        ]
      },
      {
        "param": "theta_jn",
        "median": 1.5642983317375183,
        "mean": 1.626230141285062,
        "map": 1.0751712322235107,
        "std": 0.5036623129464832,
        "ci50%": [
          1.1956863403320312,
          2.058062791824341
        ],
        "ci68%": [
          1.113009171485901,
          2.188512363433838
        ],
        "ci90%": [
          0.955002024769783,
          2.4432663321495056
        ],
        "ci95%": [
          0.8344681456685067,
          2.5450065255165093
        ]
      },
      {
        "param": "psi",
        "median": 1.863481044769287,
        "mean": 1.814163616152294,
        "map": 2.6254665851593018,
        "std": 0.8157262275078956,
        "ci50%": [
          1.1707627177238464,
          2.49760639667511
        ],
        "ci68%": [
          0.9331625771522521,
          2.7385004425048827
        ],
        "ci90%": [
          0.4114376738667488,
          3.0305940747261046
        ],
        "ci95%": [
          0.28694269210100204,
          3.0933197915554045
        ]
      },
      {
        "param": "phase",
        "median": 4.2068705558776855,
        "mean": 3.881758800741192,
        "map": 3.9920644760131836,
        "std": 1.7131105020686017,
        "ci50%": [
          2.6977033615112305,
          5.346090197563171
        ],
        "ci68%": [
          1.7067952156066892,
          5.548702564239502
        ],
        "ci90%": [
          0.5584615141153335,
          6.007208895683289
        ],
        "ci95%": [
          0.22304006218910236,
          6.103961372375488
        ]
      },
      {
        "param": "geocent_time",
        "median": 0.007148563861846924,
        "mean": 0.0044139038681983945,
        "map": 0.02475130558013916,
        "std": 0.11933757624679289,
        "ci50%": [
          -0.006450057029724121,
          0.02069377899169922
        ],
        "ci68%": [
          -0.012043371200561523,
          0.026335668563842778
        ],
        "ci90%": [
          -0.025262153148651125,
          0.03873363733291626
        ],
        "ci95%": [
          -0.03309129476547237,
          0.04563253521919249
        ]
      },
      {
        "param": "a1",
        "median": 0.6599209308624268,
        "mean": 0.6471564529418945,
        "map": 0.7404041290283203,
        "std": 0.19035053114476835,
        "ci50%": [
          0.5071952193975449,
          0.7899080514907837
        ],
        "ci68%": [
          0.4519763684272766,
          0.8475350856781007
        ],
        "ci90%": [
          0.3494873166084289,
          0.9395854890346528
        ],
        "ci95%": [
          0.26142648756504067,
          0.9580517917871475
        ]
      },
      {
        "param": "a2",
        "median": 0.5582358539104462,
        "mean": 0.5533537399113179,
        "map": 0.8106707334518433,
        "std": 0.22924117453059578,
        "ci50%": [
          0.40910568088293076,
          0.7322496175765991
        ],
        "ci68%": [
          0.29515637397766115,
          0.782120771408081
        ],
        "ci90%": [
          0.14497041702270508,
          0.9255734443664552
        ],
        "ci95%": [
          0.08434079512953761,
          0.9689704060554504
        ]
      }
    ],
    "diagnostics": {
      "runtime": {
        "preprocess_s": 0.054,
        "gwosc_fetch_s": 5.23,
        "encode_s": 0.026,
        "sampling_s": 4.465,
        "total_s": 9.852
      },
      "memory": {
        "rss_mb": 772.3,
        "mps_allocated_mb": 0.0
      },
      "n_effective": 5000,
      "boundary_railing_frac": 0.0416,
      "log_prob": {
        "median": -13.42113733291626,
        "max": -6.537250518798828
      },
      "ood_flags": [
        "V1: no data \u2014 filled with unit white noise (posterior uses remaining detectors only)"
      ]
    }
  },
  "covariance": [
    [
      182.16284626007038,
      -26.143104804113857,
      832.9839672137693,
      -1.313384806588398,
      -0.168300188964768,
      -0.32763452530946224,
      -0.7020059874039578,
      -3.262645687365542,
      0.14741197310583443,
      0.48632725685439604,
      -0.022405977426282798
    ],
    [
      -26.143104804113857,
      82.69112209433376,
      846.8078035232096,
      0.6788581251582269,
      0.007743763859816317,
      0.10168147512452647,
      1.3685218727455484,
      1.276070426503397,
      0.10889283742429676,
      0.8567641732845658,
      0.31942458269969426
    ],
    [
      832.9839672137693,
      846.8078035232096,
      94162.32276678938,
      33.40411115650199,
      7.768664066213948,
      18.4432511299555,
      2.8746787147699955,
      0.963643275951289,
      2.5170637246122185,
      16.141990426543998,
      1.7490995318943503
    ],
    [
      -1.313384806588398,
      0.6788581251582269,
      33.40411115650199,
      2.6625535017642794,
      0.9506861515183604,
      -0.03053873606953193,
      -0.11337362615254755,
      -0.15902937128309672,
      0.012771367017199142,
      0.032207432357020914,
      0.07042570556195699
    ],
    [
      -0.168300188964768,
      0.007743763859816317,
      7.768664066213948,
      0.9506861515183604,
      0.5758167403848943,
      -0.018940270411463313,
      -0.031100942299591875,
      -0.06428520222804082,
      0.006281170808092993,
      0.02388299516803807,
      0.024315722260704324
    ],
    [
      -0.32763452530946224,
      0.10168147512452647,
      18.4432511299555,
      -0.03053873606953193,
      -0.018940270411463313,
      0.2537264707767566,
      0.07073633248975203,
      -0.09203180644706782,
      0.0012723209463865372,
      0.00011860638123841399,
      -0.0018433237994152892
    ],
    [
      -0.7020059874039578,
      1.3685218727455484,
      2.8746787147699955,
      -0.11337362615254755,
      -0.031100942299591875,
      0.07073633248975203,
      0.6655423867216071,
      -0.13253989973412647,
      -0.0014638548496166061,
      0.012510376097443153,
      0.022066244669098088
    ],
    [
      -3.262645687365542,
      1.276070426503397,
      0.963643275951289,
      -0.15902937128309672,
      -0.06428520222804082,
      -0.09203180644706782,
      -0.13253989973412647,
      2.9353346592295813,
      0.00281416725396271,
      -0.029076606615700298,
      -0.013276803489667815
    ],
    [
      0.14741197310583443,
      0.10889283742429676,
      2.5170637246122185,
      0.012771367017199142,
      0.006281170808092993,
      0.0012723209463865372,
      -0.0014638548496166061,
      0.00281416725396271,
      0.014244305965652238,
      -0.0004346124883710792,
      0.0001867361375550502
    ],
    [
      0.48632725685439604,
      0.8567641732845658,
      16.141990426543998,
      0.032207432357020914,
      0.02388299516803807,
      0.00011860638123841399,
      0.012510376097443153,
      -0.029076606615700298,
      -0.0004346124883710792,
      0.03624057282165976,
      -0.003694709070659296
    ],
    [
      -0.022405977426282798,
      0.31942458269969426,
      1.7490995318943503,
      0.07042570556195699,
      0.024315722260704324,
      -0.0018433237994152892,
      0.022066244669098088,
      -0.013276803489667815,
      0.0001867361375550502,
      -0.003694709070659296,
      0.05256202850586824
    ]
  ],
  "correlation": [
    [
      0.9999999999999999,
      -0.21300893431990864,
      0.2011259735079773,
      -0.05963660537303767,
      -0.016432837419599666,
      -0.04819221295999639,
      -0.06375629253041583,
      -0.14109486241371172,
      0.09151287735696233,
      0.18927845501327492,
      -0.007240989765759894
    ],
    [
      -0.2130089343199086,
      1.0,
      0.3034707425775856,
      0.045750980515066056,
      0.0011222264876898345,
      0.02219880039134519,
      0.18447369234721858,
      0.08190612690252867,
      0.10033425375771148,
      0.4949192296000954,
      0.15321554656234734
    ],
    [
      0.2011259735079773,
      0.3034707425775856,
      1.0,
      0.06671326056608425,
      0.033363040077088436,
      0.11932075947307967,
      0.011483198492966952,
      0.0018329427589224264,
      0.06872820198777285,
      0.2763255080085263,
      0.024862218753725834
    ],
    [
      -0.059636605373037666,
      0.045750980515066056,
      0.06671326056608426,
      1.0,
      0.7677960131026506,
      -0.03715514817539828,
      -0.08516771701470775,
      -0.0568852091289667,
      0.06557941936096898,
      0.10368344170995003,
      0.1882547644212589
    ],
    [
      -0.016432837419599666,
      0.0011222264876898345,
      0.033363040077088436,
      0.7677960131026507,
      0.9999999999999999,
      -0.049551994803954814,
      -0.05023929591075482,
      -0.04944701276949987,
      0.06935500596586047,
      0.16532903111490369,
      0.13976839306681135
    ],
    [
      -0.04819221295999639,
      0.02219880039134519,
      0.11932075947307968,
      -0.03715514817539828,
      -0.049551994803954814,
      1.0,
      0.1721360328322069,
      -0.10664150021798016,
      0.021163775252105988,
      0.0012368802056832474,
      -0.01596183004521004
    ],
    [
      -0.06375629253041583,
      0.18447369234721855,
      0.011483198492966954,
      -0.08516771701470775,
      -0.05023929591075482,
      0.1721360328322069,
      1.0,
      -0.09482655355177083,
      -0.015034517990173166,
      0.08055360467400051,
      0.11797894565307997
    ],
    [
      -0.14109486241371172,
      0.08190612690252867,
      0.0018329427589224264,
      -0.056885209128966704,
      -0.04944701276949987,
      -0.10664150021798016,
      -0.09482655355177082,
      1.0,
      0.013762598716140492,
      -0.08914918613700269,
      -0.0338009305960574
    ],
    [
      0.09151287735696233,
      0.10033425375771148,
      0.06872820198777285,
      0.06557941936096896,
      0.06935500596586047,
      0.021163775252105988,
      -0.015034517990173168,
      0.01376259871614049,
      1.0,
      -0.019128637090278202,
      0.006824513010696493
    ],
    [
      0.18927845501327492,
      0.4949192296000954,
      0.27632550800852634,
      0.10368344170995003,
      0.16532903111490366,
      0.0012368802056832474,
      0.08055360467400051,
      -0.08914918613700269,
      -0.0191286370902782,
      1.0,
      -0.08465383966656288
    ],
    [
      -0.0072409897657598945,
      0.15321554656234734,
      0.024862218753725834,
      0.1882547644212589,
      0.13976839306681135,
      -0.015961830045210044,
      0.11797894565307997,
      -0.0338009305960574,
      0.006824513010696493,
      -0.08465383966656288,
      1.0
    ]
  ],
  "diagnostics": {
    "runtime": {
      "preprocess_s": 0.054,
      "gwosc_fetch_s": 5.23,
      "encode_s": 0.026,
      "sampling_s": 4.465,
      "total_s": 9.852
    },
    "memory": {
      "rss_mb": 772.3,
      "mps_allocated_mb": 0.0
    },
    "n_effective": 5000,
    "boundary_railing_frac": 0.0416,
    "log_prob": {
      "median": -13.42113733291626,
      "max": -6.537250518798828
    },
    "ood_flags": [
      "V1: no data \u2014 filled with unit white noise (posterior uses remaining detectors only)"
    ]
  },
  "config": {
    "model_path": "model/lean_npe/best_model.pth",
    "model_epoch": 20,
    "model_val_nll": -0.8829858714714647,
    "premerger": false,
    "device": "cpu",
    "num_samples": 5000,
    "rank": 0,
    "seed": 0,
    "event": "GW150914",
    "event_type": "BBH",
    "source": "real",
    "detectors_present": [
      "H1",
      "L1"
    ]
  },
  "reproducibility": {
    "git_commit": "ece3a0f52ab84627ddf97e05fe430a015d6b5523",
    "model_path": "model/lean_npe/best_model.pth",
    "model_epoch": 20,
    "model_val_nll": -0.8829858714714647,
    "premerger": false
  },
  "preprocessing": {
    "source": "real",
    "detectors_present": [
      "H1",
      "L1"
    ],
    "warnings": [
      "V1: no data \u2014 filled with unit white noise (posterior uses remaining detectors only)"
    ],
    "quality": {
      "H1": {
        "finite": true,
        "std": 1.0123380422592163,
        "max_abs": 4.5542802810668945,
        "excess_kurtosis": -0.046918630599975586,
        "repeated_frac": 0.0,
        "whitening_norm": 45.72268702782404
      },
      "L1": {
        "finite": true,
        "std": 0.9647899866104126,
        "max_abs": 3.8245933055877686,
        "excess_kurtosis": 0.05527663230895996,
        "repeated_frac": 0.0,
        "whitening_norm": 47.181583593158145
      }
    },
    "timings": {
      "preprocess_s": 0.054,
      "gwosc_fetch_s": 5.23
    }
  }
}