{
  "param_names": [
    "mass_1",
    "mass_2",
    "luminosity_distance",
    "ra",
    "dec",
    "theta_jn",
    "psi",
    "phase",
    "geocent_time",
    "a1",
    "a2"
  ],
  "trigger_gps": 1186741861.5,
  "truth": null,
  "summary": {
    "n_samples": 3000,
    "trigger_gps": 1186741861.5,
    "parameters": [
      {
        "param": "mass_1",
        "median": 30.198596000671387,
        "mean": 41.325264060378075,
        "map": 29.922090530395508,
        "std": 17.59470984643528,
        "ci50%": [
          30.096598148345947,
          49.72265338897705
        ],
        "ci68%": [
          30.063646697998045,
          57.739403381347664
        ],
        "ci90%": [
          30.004207706451417,
          81.84308624267572
        ],
        "ci95%": [
          29.9550639629364,
          90.92778053283693
        ]
      },
      {
        "param": "mass_2",
        "median": 29.989213943481445,
        "mean": 27.62185781288147,
        "map": 29.88949966430664,
        "std": 7.477296869138503,
        "ci50%": [
          24.86762046813965,
          30.073265075683594
        ],
        "ci68%": [
          20.937006530761717,
          30.13137016296387
        ],
        "ci90%": [
          13.932004642486572,
          37.09227085113523
        ],
        "ci95%": [
          7.738063728809377,
          40.401596260070804
        ]
      },
      {
        "param": "luminosity_distance",
        "median": 1277.883056640625,
        "mean": 1301.877903588613,
        "map": 1040.311767578125,
        "std": 310.02261450201746,
        "ci50%": [
          1167.8520812988281,
          1432.3671264648438
        ],
        "ci68%": [
          1079.576875,
          1588.878774414063
        ],
        "ci90%": [
          836.6921142578125,
          1876.9387451171874
        ],
        "ci95%": [
          612.0002502441408,
          1957.448013305664
        ]
      },
      {
        "param": "ra",
        "median": 2.901338577270508,
        "mean": 2.939150879167155,
        "map": 0.00936211459338665,
        "std": 2.674451534768739,
        "ci50%": [
          0.002440334646962583,
          6.007797002792358
        ],
        "ci68%": [
          0.0014024988794699308,
          6.280154457092285
        ],
        "ci90%": [
          0.00044847218814538745,
          6.28268415927887
        ],
        "ci95%": [
          0.00020149882948317145,
          6.282903802394867
        ]
      },
      {
        "param": "dec",
        "median": -0.00041806697845458984,
        "mean": -0.029465195437272388,
        "map": -0.004709005355834961,
        "std": 0.40491284337729005,
        "ci50%": [
          -0.03866133093833923,
          0.0016607940196990967
        ],
        "ci68%": [
          -0.309156837463379,
          0.1591517400741585
        ],
        "ci90%": [
          -0.7833047479391101,
          0.6774827718734737
        ],
        "ci95%": [
          -1.0619369089603423,
          0.9534577548503881
        ]
      },
      {
        "param": "theta_jn",
        "median": 0.000563399022212252,
        "mean": 0.7020777735086979,
        "map": 0.004784514661878347,
        "std": 0.9082722229726684,
        "ci50%": [
          0.0,
          1.3477734327316284
        ],
        "ci68%": [
          0.0,
          1.9138054227828982
        ],
        "ci90%": [
          0.0,
          2.5022540688514705
        ],
        "ci95%": [
          0.0,
          2.6661862194538117
        ]
      },
      {
        "param": "psi",
        "median": 2.8434109687805176,
        "mean": 2.188632418929838,
        "map": 0.0027109629008919,
        "std": 1.1490943323881009,
        "ci50%": [
          1.3056337535381317,
          3.141182243824005
        ],
        "ci68%": [
          0.610104911327362,
          3.141309299468994
        ],
        "ci90%": [
          0.00015164726646617053,
          3.1414883613586424
        ],
        "ci95%": [
          6.895142450957805e-05,
          3.1415329337120057
        ]
      },
      {
        "param": "phase",
        "median": 0.1236405000090599,
        "mean": 1.7885163653836662,
        "map": 0.0045118737034499645,
        "std": 2.267890515117376,
        "ci50%": [
          0.0021639015758410096,
          3.668383240699768
        ],
        "ci68%": [
          0.0016538230702280998,
          5.084093856811523
        ],
        "ci90%": [
          0.0008234098873799662,
          6.279381632804871
        ],
        "ci95%": [
          0.00048592756211292097,
          6.282581484317779
        ]
      },
      {
        "param": "geocent_time",
        "median": 0.03941023349761963,
        "mean": 0.030884656687577564,
        "map": 0.038110971450805664,
        "std": 0.14855864782482536,
        "ci50%": [
          0.03221675753593445,
          0.04433545470237732
        ],
        "ci68%": [
          0.02329510688781738,
          0.04842072486877442
        ],
        "ci90%": [
          0.002783334255218503,
          0.0723933935165405
        ],
        "ci95%": [
          -0.01666340231895446,
          0.10197917222976687
        ]
      },
      {
        "param": "a1",
        "median": 0.0002178400754928589,
        "mean": 0.19774087248245875,
        "map": 0.0006926357746124268,
        "std": 0.2840472102671687,
        "ci50%": [
          0.0,
          0.37018541246652603
        ],
        "ci68%": [
          0.0,
          0.5426465344429017
        ],
        "ci90%": [
          0.0,
          0.8090842843055724
        ],
        "ci95%": [
          0.0,
          0.8971801653504373
        ]
      },
      {
        "param": "a2",
        "median": 0.0002762824296951294,
        "mean": 0.20335079477230708,
        "map": 0.0014595091342926025,
        "std": 0.2927445710805101,
        "ci50%": [
          0.0,
          0.39099741727113724
        ],
        "ci68%": [
          0.0,
          0.5682460284233094
        ],
        "ci90%": [
          0.0,
          0.8380753189325331
        ],
        "ci95%": [
          0.0,
          0.9382513865828515
        ]
      }
    ],
    "diagnostics": {
      "runtime": {
        "preprocess_s": 0.043,
        "gwosc_fetch_s": 6.47,
        "encode_s": 0.004,
        "sampling_s": 1.256,
        "total_s": 7.777
      },
      "memory": {
        "rss_mb": 4813.5,
        "mps_allocated_mb": 85.7
      },
      "n_effective": 3000,
      "boundary_railing_frac": 0.5633,
      "log_prob": {
        "median": -36.746700286865234,
        "max": 45.65327453613281
      },
      "ood_flags": [
        "56.3% of samples rail at the parameter bounds \u2014 the event may lie outside the training prior (out-of-distribution)"
      ],
      "context_ood": {
        "mahalanobis": 9.11,
        "percentile_vs_validation": 64.1
      },
      "verdict": {
        "confidence": "LOW",
        "reasons": [
          "56% of posterior samples rail at prior bounds"
        ]
      },
      "refinement": {
        "refine": true,
        "refine_global": true,
        "untrusted_params": [],
        "strong_indicators": [
          "confidence LOW: 56% of posterior samples rail at prior bounds",
          "posterior median in severe mass-bias cell {'mc': 30, 'q': 0.9, 'theta_jn': 0.5} (m1 x1.46)",
          "56% of samples rail at prior bounds"
        ],
        "moderate_indicators": [],
        "indicators": {
          "confidence": "LOW",
          "ood_percentile": 64.1,
          "bias_region": {
            "q_in_attractor": false,
            "cell": {
              "mc": 30,
              "q": 0.9,
              "theta_jn": 0.5
            },
            "m1_bias": 1.46,
            "dl_bias": 1.42,
            "severe_mass_bias": true
          },
          "mc_width_frac": 0.499,
          "railing_frac": 0.5633
        },
        "recommendation": "run sampler refinement (compare_to_dynesty) before quoting these posteriors"
      }
    }
  },
  "covariance": [
    [
      309.67704026033334,
      -43.55803373747658,
      1647.6875796985598,
      10.792768496127962,
      -0.4106365566444075,
      9.30141842445523,
      -5.841245297871688,
      15.039598120355354,
      0.13117956594204633,
      3.021177749917376,
      2.818170807765129
    ],
    [
      -43.55803373747658,
      55.928611339675115,
      773.2982026394272,
      -1.8492671126248128,
      -0.005206050908899763,
      -2.008766167471411,
      1.0034941303533247,
      -2.604165080637021,
      0.14777127859115588,
      -0.13255361674997257,
      -0.26765212387272075
    ],
    [
      1647.6875796985598,
      773.2982026394272,
      96146.07019273088,
      105.99421090765215,
      -10.917030609192377,
      59.470689983929425,
      -33.44829919238483,
      111.08668430639182,
      6.4404034316346905,
      26.345020647069752,
      22.819489940759663
    ],
    [
      10.792768496127962,
      -1.8492671126248128,
      105.99421090765215,
      7.155076037172597,
      0.025112426234066267,
      0.6708993298763722,
      -0.3978912584953376,
      1.1344206909399848,
      0.011835029733444774,
      0.1993022807936618,
      0.22635406062608476
    ],
    [
      -0.4106365566444075,
      -0.005206050908899763,
      -10.917030609192377,
      0.025112426234066267,
      0.16400908042535714,
      -0.019202435579932266,
      -0.0060769692247127005,
      -0.05405589627026673,
      -0.00026175355617301377,
      -0.010223013535890974,
      -0.002794144509560874
    ],
    [
      9.30141842445523,
      -2.008766167471411,
      59.470689983929425,
      0.6708993298763722,
      -0.019202435579932266,
      0.825233508859997,
      -0.32627456630924884,
      0.9490485581476653,
      -0.004552254871375464,
      0.1728182242913906,
      0.17299435573323327
    ],
    [
      -5.841245297871688,
      1.0034941303533247,
      -33.44829919238483,
      -0.3978912584953376,
      -0.0060769692247127005,
      -0.32627456630924884,
      1.3208580707500428,
      -0.7534327610345076,
      0.004309953023575642,
      -0.10576558910544366,
      -0.10351758000778497
    ],
    [
      15.039598120355354,
      -2.604165080637021,
      111.08668430639182,
      1.1344206909399848,
      -0.05405589627026673,
      0.9490485581476653,
      -0.7534327610345076,
      5.145042402693585,
      -0.007317097042800565,
      0.26101758817278703,
      0.28548412618693586
    ],
    [
      0.13117956594204633,
      0.14777127859115588,
      6.4404034316346905,
      0.011835029733444774,
      -0.00026175355617301377,
      -0.004552254871375464,
      0.004309953023575642,
      -0.007317097042800565,
      0.022077030853825126,
      -0.0005238350847081747,
      -0.0008237218052248945
    ],
    [
      3.021177749917376,
      -0.13255361674997257,
      26.345020647069752,
      0.1993022807936618,
      -0.010223013535890974,
      0.1728182242913906,
      -0.10576558910544366,
      0.26101758817278703,
      -0.0005238350847081747,
      0.08070972090086236,
      0.050253797040492924
    ],
    [
      2.818170807765129,
      -0.26765212387272075,
      22.819489940759663,
      0.22635406062608476,
      -0.002794144509560874,
      0.17299435573323327,
      -0.10351758000778497,
      0.28548412618693586,
      -0.0008237218052248945,
      0.050253797040492924,
      0.08572795988373969
    ]
  ],
  "correlation": [
    [
      1.0,
      -0.330976184439431,
      0.30196360062326577,
      0.22928267035235053,
      -0.05761945670000349,
      0.5818435852191366,
      -0.2888170738125093,
      0.3767794852774485,
      0.050169682600165445,
      0.604308706115566,
      0.5469549584262461
    ],
    [
      -0.330976184439431,
      1.0,
      0.33347571598042736,
      -0.09244331299814167,
      -0.001718927049153423,
      -0.29568135508217225,
      0.11675345503411558,
      -0.15351719049556642,
      0.1329850070433392,
      -0.0623895195382231,
      -0.1222341147065929
    ],
    [
      0.30196360062326577,
      0.33347571598042736,
      1.0,
      0.12779364290814574,
      -0.08693703255993704,
      0.21112943288509414,
      -0.09385992292722402,
      0.15794349943302638,
      0.13979027894411306,
      0.29906793469966914,
      0.2513500173741634
    ],
    [
      0.22928267035235056,
      -0.09244331299814167,
      0.12779364290814574,
      1.0,
      0.023181823801889944,
      0.27609707406542705,
      -0.12942828429907727,
      0.18697026055060523,
      0.029777751021934903,
      0.2622661369237594,
      0.28901469080324255
    ],
    [
      -0.05761945670000349,
      -0.0017189270491534227,
      -0.08693703255993704,
      0.02318182380188994,
      1.0,
      -0.052195605841229974,
      -0.013056447088374626,
      -0.058845688238432274,
      -0.004349990531140612,
      -0.0888550399111157,
      -0.023564252751945083
    ],
    [
      0.5818435852191366,
      -0.29568135508217225,
      0.21112943288509414,
      0.27609707406542705,
      -0.052195605841229974,
      1.0,
      -0.31251201335054973,
      0.46058047928674284,
      -0.03372623096718195,
      0.6696350671739364,
      0.6504025902383691
    ],
    [
      -0.2888170738125093,
      0.11675345503411558,
      -0.093859922927224,
      -0.12942828429907727,
      -0.013056447088374628,
      -0.31251201335054973,
      1.0,
      -0.2890160386607055,
      0.025239115274929058,
      -0.323931657246869,
      -0.30762724013356046
    ],
    [
      0.3767794852774484,
      -0.15351719049556642,
      0.15794349943302638,
      0.18697026055060526,
      -0.058845688238432274,
      0.4605804792867428,
      -0.2890160386607055,
      1.0,
      -0.021710708855816076,
      0.40505348258150403,
      0.42985921534132404
    ],
    [
      0.050169682600165445,
      0.13298500704333924,
      0.13979027894411306,
      0.0297777510219349,
      -0.004349990531140612,
      -0.03372623096718195,
      0.025239115274929058,
      -0.021710708855816076,
      1.0,
      -0.012409701282549961,
      -0.0189342883175846
    ],
    [
      0.604308706115566,
      -0.062389519538223095,
      0.2990679346996691,
      0.26226613692375933,
      -0.0888550399111157,
      0.6696350671739364,
      -0.32393165724686906,
      0.40505348258150403,
      -0.012409701282549961,
      1.0,
      0.604149908918688
    ],
    [
      0.5469549584262461,
      -0.1222341147065929,
      0.2513500173741634,
      0.28901469080324255,
      -0.023564252751945083,
      0.6504025902383691,
      -0.3076272401335604,
      0.4298592153413241,
      -0.018934288317584598,
      0.604149908918688,
      0.9999999999999998
    ]
  ],
  "diagnostics": {
    "runtime": {
      "preprocess_s": 0.043,
      "gwosc_fetch_s": 6.47,
      "encode_s": 0.004,
      "sampling_s": 1.256,
      "total_s": 7.777
    },
    "memory": {
      "rss_mb": 4813.5,
      "mps_allocated_mb": 85.7
    },
    "n_effective": 3000,
    "boundary_railing_frac": 0.5633,
    "log_prob": {
      "median": -36.746700286865234,
      "max": 45.65327453613281
    },
    "ood_flags": [
      "56.3% of samples rail at the parameter bounds \u2014 the event may lie outside the training prior (out-of-distribution)"
    ],
    "context_ood": {
      "mahalanobis": 9.11,
      "percentile_vs_validation": 64.1
    },
    "verdict": {
      "confidence": "LOW",
      "reasons": [
        "56% of posterior samples rail at prior bounds"
      ]
    },
    "refinement": {
      "refine": true,
      "refine_global": true,
      "untrusted_params": [],
      "strong_indicators": [
        "confidence LOW: 56% of posterior samples rail at prior bounds",
        "posterior median in severe mass-bias cell {'mc': 30, 'q': 0.9, 'theta_jn': 0.5} (m1 x1.46)",
        "56% of samples rail at prior bounds"
      ],
      "moderate_indicators": [],
      "indicators": {
        "confidence": "LOW",
        "ood_percentile": 64.1,
        "bias_region": {
          "q_in_attractor": false,
          "cell": {
            "mc": 30,
            "q": 0.9,
            "theta_jn": 0.5
          },
          "m1_bias": 1.46,
          "dl_bias": 1.42,
          "severe_mass_bias": true
        },
        "mc_width_frac": 0.499,
        "railing_frac": 0.5633
      },
      "recommendation": "run sampler refinement (compare_to_dynesty) before quoting these posteriors"
    }
  },
  "config": {
    "model_path": "model/lean_npe_v5/best_model.pth",
    "model_epoch": 1,
    "model_val_nll": -0.5088662856258452,
    "premerger": false,
    "device": "mps",
    "num_samples": 3000,
    "rank": 0,
    "seed": 0,
    "event": "GW170814",
    "event_type": "BBH",
    "source": "real",
    "detectors_present": [
      "H1",
      "L1",
      "V1"
    ]
  },
  "reproducibility": {
    "git_commit": "d6c307609f9e58de343f817c5bb3044b3fcc8171",
    "model_path": "model/lean_npe_v5/best_model.pth",
    "model_epoch": 1,
    "model_val_nll": -0.5088662856258452,
    "premerger": false
  },
  "preprocessing": {
    "source": "real",
    "detectors_present": [
      "H1",
      "L1",
      "V1"
    ],
    "warnings": [],
    "quality": {
      "H1": {
        "finite": true,
        "std": 0.9792155623435974,
        "max_abs": 4.176636695861816,
        "excess_kurtosis": -0.002106904983520508,
        "repeated_frac": 0.0,
        "whitening_norm": 47.013954239306116
      },
      "L1": {
        "finite": true,
        "std": 0.9994204640388489,
        "max_abs": 3.956414222717285,
        "excess_kurtosis": -0.017106056213378906,
        "repeated_frac": 0.0,
        "whitening_norm": 45.957458531048935
      },
      "V1": {
        "finite": true,
        "std": 0.9578981399536133,
        "max_abs": 3.727754592895508,
        "excess_kurtosis": 0.03925657272338867,
        "repeated_frac": 0.0,
        "whitening_norm": 46.6550071260846
      }
    },
    "timings": {
      "preprocess_s": 0.043,
      "gwosc_fetch_s": 6.47
    }
  }
}