{
  "param_names": [
    "mass_1",
    "mass_2",
    "luminosity_distance",
    "ra",
    "dec",
    "theta_jn",
    "psi",
    "phase",
    "geocent_time",
    "a1",
    "a2"
  ],
  "trigger_gps": 1185389807.3,
  "truth": null,
  "summary": {
    "n_samples": 3000,
    "trigger_gps": 1185389807.3,
    "parameters": [
      {
        "param": "mass_1",
        "median": 80.81536483764648,
        "mean": 78.28007630944252,
        "map": 2.374183416366577,
        "std": 16.217309502307277,
        "ci50%": [
          70.03293037414551,
          90.03759956359863
        ],
        "ci68%": [
          64.01072540283204,
          92.95784332275392
        ],
        "ci90%": [
          52.76989116668701,
          97.5071590423584
        ],
        "ci95%": [
          39.50665779113772,
          99.44384651184082
        ]
      },
      {
        "param": "mass_2",
        "median": 46.56413459777832,
        "mean": 45.96079515930017,
        "map": 1.7230987548828125,
        "std": 19.547654846655494,
        "ci50%": [
          31.563281536102295,
          60.474623680114746
        ],
        "ci68%": [
          25.180277633666982,
          66.5606610107422
        ],
        "ci90%": [
          13.995276403427122,
          76.40393066406249
        ],
        "ci95%": [
          8.444468760490421,
          80.17840824127198
        ]
      },
      {
        "param": "luminosity_distance",
        "median": 1590.83544921875,
        "mean": 1533.9844944381714,
        "map": 185.13540649414062,
        "std": 387.75366434428463,
        "ci50%": [
          1310.0385131835938,
          1837.2878112792969
        ],
        "ci68%": [
          1151.0701904296875,
          1922.7528857421876
        ],
        "ci90%": [
          876.2767578124998,
          2039.6332092285156
        ],
        "ci95%": [
          660.8936416625979,
          2081.0731201171875
        ]
      },
      {
        "param": "ra",
        "median": 3.5995309352874756,
        "mean": 3.413782471860536,
        "map": 3.6258182525634766,
        "std": 1.8145486179279902,
        "ci50%": [
          1.8965442478656769,
          5.037948250770569
        ],
        "ci68%": [
          1.1492847919464102,
          5.4761039161682135
        ],
        "ci90%": [
          0.4197479903697967,
          6.0532605171203615
        ],
        "ci95%": [
          0.19576587267220022,
          6.15055251121521
        ]
      },
      {
        "param": "dec",
        "median": -0.09522730112075806,
        "mean": -0.04662808746099472,
        "map": -0.7032444477081299,
        "std": 0.6831487147641849,
        "ci50%": [
          -0.5390673875808716,
          0.4446793794631958
        ],
        "ci68%": [
          -0.7254619646072388,
          0.6929351949691773
        ],
        "ci90%": [
          -1.1665875732898712,
          1.1672452211379973
        ],
        "ci95%": [
          -1.2624125748872757,
          1.3243700504302978
        ]
      },
      {
        "param": "theta_jn",
        "median": 1.5277372002601624,
        "mean": 1.5413230460498575,
        "map": 1.8221172094345093,
        "std": 0.4226189925794762,
        "ci50%": [
          1.2577931880950928,
          1.8118819892406464
        ],
        "ci68%": [
          1.1562326622009278,
          1.9561656665802003
        ],
        "ci90%": [
          0.9259715348482132,
          2.2380521178245543
        ],
        "ci95%": [
          0.7216350346803673,
          2.4041508674621586
        ]
      },
      {
        "param": "psi",
        "median": 1.7685905694961548,
        "mean": 1.7213430729021009,
        "map": 3.000805139541626,
        "std": 0.8149554380375621,
        "ci50%": [
          1.0894860327243805,
          2.424602210521698
        ],
        "ci68%": [
          0.754318344593048,
          2.608353929519654
        ],
        "ci90%": [
          0.28771841228008266,
          2.9444283843040466
        ],
        "ci95%": [
          0.163567448407412,
          3.0162561357021334
        ]
      },
      {
        "param": "phase",
        "median": 3.522918224334717,
        "mean": 3.3067482909290895,
        "map": 4.002181053161621,
        "std": 1.797881429032908,
        "ci50%": [
          1.8698294758796692,
          4.827004671096802
        ],
        "ci68%": [
          1.157312808036804,
          5.3871002197265625
        ],
        "ci90%": [
          0.20318277999758722,
          5.885599279403686
        ],
        "ci95%": [
          0.09385061021894235,
          6.139640808105469
        ]
      },
      {
        "param": "geocent_time",
        "median": 0.010362803936004639,
        "mean": 0.005049594620863597,
        "map": -0.023572206497192383,
        "std": 0.16752545995777263,
        "ci50%": [
          -0.0009233951568603516,
          0.02176898717880249
        ],
        "ci68%": [
          -0.005864768028259279,
          0.02839058876037599
        ],
        "ci90%": [
          -0.020596086978912354,
          0.05218720436096189
        ],
        "ci95%": [
          -0.04102581441402435,
          0.07818432748317745
        ]
      },
      {
        "param": "a1",
        "median": 0.2546290010213852,
        "mean": 0.31093455632527667,
        "map": 0.028884172439575195,
        "std": 0.2727297699848786,
        "ci50%": [
          0.06452277302742004,
          0.49686020612716675
        ],
        "ci68%": [
          0.04533779859542846,
          0.6367592287063599
        ],
        "ci90%": [
          0.00889451801776886,
          0.8409989118576049
        ],
        "ci95%": [
          0.004780092090368273,
          0.9071127772331239
        ]
      },
      {
        "param": "a2",
        "median": 0.2704017013311386,
        "mean": 0.3452683045069377,
        "map": 0.0010172128677368164,
        "std": 0.2788561394121596,
        "ci50%": [
          0.08391640335321426,
          0.564452737569809
        ],
        "ci68%": [
          0.04466360688209533,
          0.6882538104057312
        ],
        "ci90%": [
          0.01750975251197815,
          0.8531516432762144
        ],
        "ci95%": [
          0.005861968547105794,
          0.9368049919605256
        ]
      }
    ],
    "diagnostics": {
      "runtime": {
        "preprocess_s": 0.043,
        "gwosc_fetch_s": 5.63,
        "encode_s": 0.004,
        "sampling_s": 1.253,
        "total_s": 6.931
      },
      "memory": {
        "rss_mb": 4813.5,
        "mps_allocated_mb": 85.7
      },
      "n_effective": 3000,
      "boundary_railing_frac": 0.039,
      "log_prob": {
        "median": -16.531134605407715,
        "max": -6.589756488800049
      },
      "ood_flags": [],
      "context_ood": {
        "mahalanobis": 16.43,
        "percentile_vs_validation": 98.0
      },
      "verdict": {
        "confidence": "HIGH",
        "reasons": []
      },
      "refinement": {
        "refine": true,
        "refine_global": false,
        "untrusted_params": [
          "mass_1",
          "mass_2"
        ],
        "strong_indicators": [],
        "moderate_indicators": [
          "chirp-mass posterior wide (90% of median)"
        ],
        "indicators": {
          "confidence": "HIGH",
          "ood_percentile": 98.0,
          "bias_region": {
            "q_in_attractor": true,
            "cell": {
              "mc": 45,
              "q": 0.7,
              "theta_jn": 1.57
            },
            "m1_bias": 1.28,
            "dl_bias": 1.55,
            "severe_mass_bias": false
          },
          "mc_width_frac": 0.895,
          "railing_frac": 0.039
        },
        "recommendation": "posterior usable EXCEPT ['mass_1', 'mass_2']: reported mass ratio sits in the measured prior-reversion attractor band \u2014 refine with the sampler if masses matter"
      }
    }
  },
  "covariance": [
    [
      263.08882376821504,
      76.18708327474457,
      2118.2892909257007,
      0.7785531344067126,
      -0.21957256946980144,
      -0.03741184187873744,
      -0.10160749296733124,
      -2.1251094295426793,
      0.44639353877403337,
      -0.0532818691805231,
      1.2087092066425156
    ],
    [
      76.18708327474457,
      382.23822274488975,
      3120.6859712624896,
      -0.25212710669674104,
      -0.8701376469037554,
      0.17067766891171354,
      -0.16541434621010923,
      1.7157564428431251,
      0.3900497787366917,
      2.2722779153381856,
      0.1563253480087274
    ],
    [
      2118.2892909257007,
      3120.6859712624896,
      150403.0385586066,
      45.696119687105906,
      -11.552363057372084,
      5.258394652442178,
      -6.851424527199744,
      11.166004831479892,
      11.213288611776028,
      15.147197490982396,
      3.9057280202728544
    ],
    [
      0.7785531344067126,
      -0.25212710669674104,
      45.696119687105906,
      3.293684581684938,
      -0.09457242664163713,
      -0.024458492482922284,
      -0.15157736899816424,
      0.06329541341411593,
      0.004820285955170216,
      -0.002430261524456129,
      0.06219121881428249
    ],
    [
      -0.21957256946980144,
      -0.8701376469037554,
      -11.552363057372084,
      -0.09457242664163713,
      0.46684778241142755,
      0.011314086199636504,
      -0.00035147463452262124,
      -0.05545737662796332,
      -0.00026644245142980525,
      -0.00669264192846899,
      0.014976051739647486
    ],
    [
      -0.03741184187873744,
      0.17067766891171354,
      5.258394652442178,
      -0.024458492482922284,
      0.011314086199636504,
      0.17866636834500632,
      0.007227281801929135,
      -0.04374132602665833,
      -0.0011825767158889272,
      0.0013419689856483806,
      -0.0020272075819225835
    ],
    [
      -0.10160749296733124,
      -0.16541434621010923,
      -6.851424527199744,
      -0.15157736899816424,
      -0.00035147463452262124,
      0.007227281801929135,
      0.6643738239283051,
      -0.032748888688870555,
      -0.0003567610264614013,
      0.0054586459469438044,
      -0.026266050583754853
    ],
    [
      -2.1251094295426793,
      1.7157564428431251,
      11.166004831479892,
      0.06329541341411593,
      -0.05545737662796332,
      -0.04374132602665833,
      -0.032748888688870555,
      3.2334554513451863,
      -0.002960506253812295,
      -0.005888112702188747,
      -0.003088258989897325
    ],
    [
      0.44639353877403337,
      0.3900497787366917,
      11.213288611776028,
      0.004820285955170216,
      -0.00026644245142980525,
      -0.0011825767158889272,
      -0.0003567610264614013,
      -0.002960506253812295,
      0.028074137779989936,
      0.0013899952006968044,
      0.000758524350068778
    ],
    [
      -0.0532818691805231,
      2.2722779153381856,
      15.147197490982396,
      -0.002430261524456129,
      -0.00669264192846899,
      0.0013419689856483806,
      0.0054586459469438044,
      -0.005888112702188747,
      0.0013899952006968044,
      0.07440632954585347,
      -0.012776750457636826
    ],
    [
      1.2087092066425156,
      0.1563253480087274,
      3.9057280202728544,
      0.06219121881428249,
      0.014976051739647486,
      -0.0020272075819225835,
      -0.026266050583754853,
      -0.003088258989897325,
      0.000758524350068778,
      -0.012776750457636826,
      0.077786675379647
    ]
  ],
  "correlation": [
    [
      1.0,
      0.2402498312419524,
      0.3367485743948902,
      0.026448195986090006,
      -0.019812497937194615,
      -0.0054567805127474665,
      -0.007685431917544638,
      -0.07286125672605899,
      0.16425306666408515,
      -0.01204268458118332,
      0.2671886621786954
    ],
    [
      0.24024983124195243,
      0.9999999999999998,
      0.41158042086436775,
      -0.007105775464810259,
      -0.06513782489514343,
      0.020653242352390053,
      -0.010380059898942981,
      0.04880396880936471,
      0.1190692905089302,
      0.42607833330742517,
      0.028668815029995697
    ],
    [
      0.33674857439489025,
      0.41158042086436775,
      1.0,
      0.06492470944380982,
      -0.04359682615450122,
      0.032077718179524733,
      -0.021674361690318587,
      0.0160116491553831,
      0.172564509640661,
      0.1431855005280878,
      0.03610946776989756
    ],
    [
      0.026448195986090006,
      -0.007105775464810258,
      0.06492470944380982,
      0.9999999999999999,
      -0.07626686227614131,
      -0.03188359450587889,
      -0.1024677274862486,
      0.019395357832252515,
      0.01585180005937483,
      -0.004909158646460017,
      0.12286705808984152
    ],
    [
      -0.019812497937194615,
      -0.06513782489514341,
      -0.04359682615450123,
      -0.0762668622761413,
      0.9999999999999999,
      0.03917512836607852,
      -0.0006311027627490459,
      -0.04513757579508348,
      -0.002327354594420732,
      -0.03590913957938637,
      0.07858815204192565
    ],
    [
      -0.005456780512747467,
      0.020653242352390053,
      0.03207771817952474,
      -0.03188359450587889,
      0.03917512836607852,
      1.0,
      0.020977190749829008,
      -0.05754890952902114,
      -0.016697625079655175,
      0.011639012465766522,
      -0.017195872324047973
    ],
    [
      -0.007685431917544638,
      -0.010380059898942981,
      -0.021674361690318587,
      -0.10246772748624859,
      -0.000631102762749046,
      0.020977190749829008,
      1.0,
      -0.02234379147438142,
      -0.002612269229274651,
      0.024551256816528293,
      -0.11554094485695687
    ],
    [
      -0.07286125672605899,
      0.04880396880936471,
      0.016011649155383105,
      0.019395357832252515,
      -0.04513757579508348,
      -0.05754890952902114,
      -0.02234379147438142,
      0.9999999999999999,
      -0.009826058115412617,
      -0.012004324658328496,
      -0.006157829620817149
    ],
    [
      0.16425306666408515,
      0.1190692905089302,
      0.172564509640661,
      0.01585180005937483,
      -0.0023273545944207325,
      -0.016697625079655175,
      -0.002612269229274651,
      -0.009826058115412617,
      0.9999999999999999,
      0.030412711807697265,
      0.016231688832327618
    ],
    [
      -0.01204268458118332,
      0.4260783333074252,
      0.1431855005280878,
      -0.004909158646460017,
      -0.035909139579386365,
      0.011639012465766522,
      0.024551256816528297,
      -0.012004324658328496,
      0.030412711807697265,
      0.9999999999999998,
      -0.1679433712986823
    ],
    [
      0.2671886621786954,
      0.028668815029995697,
      0.036109467769897555,
      0.12286705808984152,
      0.07858815204192565,
      -0.017195872324047977,
      -0.11554094485695689,
      -0.006157829620817149,
      0.016231688832327614,
      -0.1679433712986823,
      1.0
    ]
  ],
  "diagnostics": {
    "runtime": {
      "preprocess_s": 0.043,
      "gwosc_fetch_s": 5.63,
      "encode_s": 0.004,
      "sampling_s": 1.253,
      "total_s": 6.931
    },
    "memory": {
      "rss_mb": 4813.5,
      "mps_allocated_mb": 85.7
    },
    "n_effective": 3000,
    "boundary_railing_frac": 0.039,
    "log_prob": {
      "median": -16.531134605407715,
      "max": -6.589756488800049
    },
    "ood_flags": [],
    "context_ood": {
      "mahalanobis": 16.43,
      "percentile_vs_validation": 98.0
    },
    "verdict": {
      "confidence": "HIGH",
      "reasons": []
    },
    "refinement": {
      "refine": true,
      "refine_global": false,
      "untrusted_params": [
        "mass_1",
        "mass_2"
      ],
      "strong_indicators": [],
      "moderate_indicators": [
        "chirp-mass posterior wide (90% of median)"
      ],
      "indicators": {
        "confidence": "HIGH",
        "ood_percentile": 98.0,
        "bias_region": {
          "q_in_attractor": true,
          "cell": {
            "mc": 45,
            "q": 0.7,
            "theta_jn": 1.57
          },
          "m1_bias": 1.28,
          "dl_bias": 1.55,
          "severe_mass_bias": false
        },
        "mc_width_frac": 0.895,
        "railing_frac": 0.039
      },
      "recommendation": "posterior usable EXCEPT ['mass_1', 'mass_2']: reported mass ratio sits in the measured prior-reversion attractor band \u2014 refine with the sampler if masses matter"
    }
  },
  "config": {
    "model_path": "model/lean_npe_v5/best_model.pth",
    "model_epoch": 1,
    "model_val_nll": -0.5088662856258452,
    "premerger": false,
    "device": "mps",
    "num_samples": 3000,
    "rank": 0,
    "seed": 0,
    "event": "GW170729",
    "event_type": "BBH",
    "source": "real",
    "detectors_present": [
      "H1",
      "L1",
      "V1"
    ]
  },
  "reproducibility": {
    "git_commit": "d6c307609f9e58de343f817c5bb3044b3fcc8171",
    "model_path": "model/lean_npe_v5/best_model.pth",
    "model_epoch": 1,
    "model_val_nll": -0.5088662856258452,
    "premerger": false
  },
  "preprocessing": {
    "source": "real",
    "detectors_present": [
      "H1",
      "L1",
      "V1"
    ],
    "warnings": [],
    "quality": {
      "H1": {
        "finite": true,
        "std": 0.8325052261352539,
        "max_abs": 3.5362794399261475,
        "excess_kurtosis": -0.0862574577331543,
        "repeated_frac": 0.0,
        "whitening_norm": 55.20578069909997
      },
      "L1": {
        "finite": true,
        "std": 1.0004900693893433,
        "max_abs": 3.766390800476074,
        "excess_kurtosis": -0.02658224105834961,
        "repeated_frac": 0.0,
        "whitening_norm": 45.82605603526463
      },
      "V1": {
        "finite": true,
        "std": 1.0305571556091309,
        "max_abs": 4.923017501831055,
        "excess_kurtosis": 0.22036957740783691,
        "repeated_frac": 0.0,
        "whitening_norm": 46.84303252466765
      }
    },
    "timings": {
      "preprocess_s": 0.043,
      "gwosc_fetch_s": 5.63
    }
  }
}