{
  "param_names": [
    "mass_1",
    "mass_2",
    "luminosity_distance",
    "ra",
    "dec",
    "theta_jn",
    "psi",
    "phase",
    "geocent_time",
    "a1",
    "a2"
  ],
  "trigger_gps": 1167559936.6,
  "truth": null,
  "summary": {
    "n_samples": 3000,
    "trigger_gps": 1167559936.6,
    "parameters": [
      {
        "param": "mass_1",
        "median": 53.38446617126465,
        "mean": 55.984665943264964,
        "map": 29.322511672973633,
        "std": 19.00520013523191,
        "ci50%": [
          42.78775501251221,
          68.2079849243164
        ],
        "ci68%": [
          38.050526275634766,
          77.30229125976562
        ],
        "ci90%": [
          30.164552402496337,
          91.12954177856444
        ],
        "ci95%": [
          28.794458198547368,
          95.94470195770263
        ]
      },
      {
        "param": "mass_2",
        "median": 24.771692276000977,
        "mean": 25.53433612728119,
        "map": 28.39305877685547,
        "std": 11.187724190447238,
        "ci50%": [
          18.131004810333252,
          32.1722936630249
        ],
        "ci68%": [
          15.024528350830078,
          35.97139358520508
        ],
        "ci90%": [
          9.102470493316646,
          43.624437141418454
        ],
        "ci95%": [
          2.144660520553589,
          48.24414644241333
        ]
      },
      {
        "param": "luminosity_distance",
        "median": 1463.6787719726562,
        "mean": 1420.2741236763,
        "map": 1276.144775390625,
        "std": 397.7882620462408,
        "ci50%": [
          1181.7917175292969,
          1717.4287109375
        ],
        "ci68%": [
          1032.8437939453124,
          1827.225341796875
        ],
        "ci90%": [
          725.8743377685545,
          1978.3852722167967
        ],
        "ci95%": [
          522.4352722167971,
          2024.635794067383
        ]
      },
      {
        "param": "ra",
        "median": 3.533758282661438,
        "mean": 3.3868891547700235,
        "map": 0.01310044340789318,
        "std": 1.933172906498827,
        "ci50%": [
          1.7660750448703766,
          5.1637197732925415
        ],
        "ci68%": [
          1.0659513187408447,
          5.618304138183595
        ],
        "ci90%": [
          0.0958525739610195,
          6.107704496383667
        ],
        "ci95%": [
          0.002861177601153032,
          6.1985597848892215
        ]
      },
      {
        "param": "dec",
        "median": -0.03537696599960327,
        "mean": -0.020987910548845926,
        "map": 0.017436623573303223,
        "std": 0.709812554903991,
        "ci50%": [
          -0.5470058023929596,
          0.5084265470504761
        ],
        "ci68%": [
          -0.7583360934257507,
          0.7754515790939333
        ],
        "ci90%": [
          -1.1831563532352447,
          1.2365945816040038
        ],
        "ci95%": [
          -1.2553707897663116,
          1.3335805892944337
        ]
      },
      {
        "param": "theta_jn",
        "median": 1.4113699793815613,
        "mean": 1.4556991006204,
        "map": 0.013281986117362976,
        "std": 0.7004428437712164,
        "ci50%": [
          0.9905592948198318,
          2.0281282663345337
        ],
        "ci68%": [
          0.800815064907074,
          2.220563230514527
        ],
        "ci90%": [
          0.001970281556714326,
          2.517349958419799
        ],
        "ci95%": [
          0.0,
          2.6646404027938844
        ]
      },
      {
        "param": "psi",
        "median": 1.9611530900001526,
        "mean": 1.8758642616173904,
        "map": 0.008696147240698338,
        "std": 0.8831653280924785,
        "ci50%": [
          1.1816747784614563,
          2.639875888824463
        ],
        "ci68%": [
          0.8938830423355101,
          2.858571691513062
        ],
        "ci90%": [
          0.26070495396852494,
          3.1135368824005125
        ],
        "ci95%": [
          0.06749221440404674,
          3.1409256041049955
        ]
      },
      {
        "param": "phase",
        "median": 3.241806149482727,
        "mean": 3.192024625267963,
        "map": 1.3007947206497192,
        "std": 1.9712215204444066,
        "ci50%": [
          1.5792453289031982,
          5.037991166114807
        ],
        "ci68%": [
          0.8536317253112793,
          5.570069217681885
        ],
        "ci90%": [
          0.007840781938284634,
          6.111217021942139
        ],
        "ci95%": [
          0.0027154147799592476,
          6.223376786708831
        ]
      },
      {
        "param": "geocent_time",
        "median": -0.0022538304328918457,
        "mean": -0.010000677704811096,
        "map": -0.0013391971588134766,
        "std": 0.1697785433287618,
        "ci50%": [
          -0.014437615871429443,
          0.00836038589477539
        ],
        "ci68%": [
          -0.019865102767944343,
          0.013646764755249034
        ],
        "ci90%": [
          -0.03432353734970094,
          0.03182631731033322
        ],
        "ci95%": [
          -0.0578679978847503,
          0.06194177567958836
        ]
      },
      {
        "param": "a1",
        "median": 0.4032573401927948,
        "mean": 0.41472833171486856,
        "map": 0.0009972751140594482,
        "std": 0.2814111065478416,
        "ci50%": [
          0.1646779105067253,
          0.6407065540552139
        ],
        "ci68%": [
          0.06693886995315551,
          0.7400277948379517
        ],
        "ci90%": [
          0.00016526132822036708,
          0.8942452728748321
        ],
        "ci95%": [
          0.0,
          0.9390804633498192
        ]
      },
      {
        "param": "a2",
        "median": 0.34701748192310333,
        "mean": 0.3813789922495683,
        "map": 0.0011968910694122314,
        "std": 0.2825958254764502,
        "ci50%": [
          0.1248566135764122,
          0.5910390317440033
        ],
        "ci68%": [
          0.05531152248382565,
          0.7038263726234437
        ],
        "ci90%": [
          0.00021796822547912563,
          0.9019943535327909
        ],
        "ci95%": [
          0.0,
          0.9561036437749864
        ]
      }
    ],
    "diagnostics": {
      "runtime": {
        "preprocess_s": 0.048,
        "gwosc_fetch_s": 5.39,
        "encode_s": 0.006,
        "sampling_s": 1.569,
        "total_s": 7.01
      },
      "memory": {
        "rss_mb": 4813.5,
        "mps_allocated_mb": 85.7
      },
      "n_effective": 3000,
      "boundary_railing_frac": 0.0803,
      "log_prob": {
        "median": -16.83943748474121,
        "max": 39.33879852294922
      },
      "ood_flags": [
        "V1: no data \u2014 filled with unit white noise (posterior uses remaining detectors only)",
        "8.0% of samples rail at the parameter bounds \u2014 the event may lie outside the training prior (out-of-distribution)"
      ],
      "context_ood": {
        "mahalanobis": 12.38,
        "percentile_vs_validation": 87.5
      },
      "verdict": {
        "confidence": "MEDIUM",
        "reasons": [
          "8% boundary railing"
        ]
      },
      "refinement": {
        "refine": true,
        "refine_global": true,
        "untrusted_params": [
          "mass_1",
          "mass_2"
        ],
        "strong_indicators": [],
        "moderate_indicators": [
          "confidence MEDIUM",
          "V1: no data \u2014 filled with unit white noise (posterior uses remaining detectors only)",
          "chirp-mass posterior wide (79% of median)",
          "8% boundary railing"
        ],
        "indicators": {
          "confidence": "MEDIUM",
          "ood_percentile": 87.5,
          "bias_region": {
            "q_in_attractor": true,
            "cell": {
              "mc": 30,
              "q": 0.4,
              "theta_jn": 1.57
            },
            "m1_bias": 1.02,
            "dl_bias": 2.47,
            "severe_mass_bias": false
          },
          "mc_width_frac": 0.795,
          "railing_frac": 0.0803
        },
        "recommendation": "run sampler refinement (compare_to_dynesty) before quoting these posteriors"
      }
    }
  },
  "covariance": [
    [
      361.31807153739754,
      -42.064699341530755,
      1197.715928755089,
      1.3775851532671797,
      -0.25171729336370174,
      2.0156496104645973,
      -0.8616719277462882,
      1.7986420280574973,
      0.1920167873779856,
      1.2023197700730202,
      0.6650154124305767
    ],
    [
      -42.064699341530755,
      125.20690819758434,
      1794.2228964939843,
      -0.17780374911212501,
      -0.06401577206492015,
      -0.21323425909328583,
      0.19485913075360559,
      -0.1261623612508677,
      0.1761872353547621,
      1.1970293961529073,
      0.4594994853379859
    ],
    [
      1197.715928755089,
      1794.2228964939843,
      158288.26417649433,
      76.03770950828321,
      -5.2195870013691765,
      20.65315217901316,
      -6.558694042423185,
      46.621412898795,
      9.555813512697197,
      31.07273653844407,
      14.583185865699559
    ],
    [
      1.3775851532671797,
      -0.17780374911212501,
      76.03770950828321,
      3.7384036209614298,
      0.1793616024796297,
      0.14398208874798343,
      -0.06542669685913863,
      0.3804052000154251,
      0.005355864098318729,
      0.041127218104120074,
      0.12620896226207212
    ],
    [
      -0.25171729336370174,
      -0.06401577206492015,
      -5.2195870013691765,
      0.1793616024796297,
      0.5040018637205712,
      0.008813134479257636,
      -0.02486489020000878,
      -0.045302125138745944,
      0.0017575908559171573,
      -0.007835811505910818,
      0.016911288166619406
    ],
    [
      2.0156496104645973,
      -0.21323425909328583,
      20.65315217901316,
      0.14398208874798343,
      0.008813134479257636,
      0.49078377198097056,
      -0.01752715164563552,
      0.16684961752196806,
      -0.0008816129114647813,
      0.03996569554336689,
      0.03502272748509119
    ],
    [
      -0.8616719277462882,
      0.19485913075360559,
      -6.558694042423185,
      -0.06542669685913863,
      -0.02486489020000878,
      -0.01752715164563552,
      0.7802410771037278,
      -0.08496356397375307,
      0.001871233272432627,
      -0.01345841303613317,
      -0.011030256426361386
    ],
    [
      1.7986420280574973,
      -0.1261623612508677,
      46.621412898795,
      0.3804052000154251,
      -0.045302125138745944,
      0.16684961752196806,
      -0.08496356397375307,
      3.8870099526473685,
      -0.008924862319358389,
      0.05728243550743288,
      0.06482943046754021
    ],
    [
      0.1920167873779856,
      0.1761872353547621,
      9.555813512697197,
      0.005355864098318729,
      0.0017575908559171573,
      -0.0008816129114647813,
      0.001871233272432627,
      -0.008924862319358389,
      0.028834365229912937,
      0.0016812212972781631,
      2.3022947145778715e-05
    ],
    [
      1.2023197700730202,
      1.1970293961529073,
      31.07273653844407,
      0.041127218104120074,
      -0.007835811505910818,
      0.03996569554336689,
      -0.01345841303613317,
      0.05728243550743288,
      0.0016812212972781631,
      0.07921861709417889,
      0.008770867655507185
    ],
    [
      0.6650154124305767,
      0.4594994853379859,
      14.583185865699559,
      0.12620896226207212,
      0.016911288166619406,
      0.03502272748509119,
      -0.011030256426361386,
      0.06482943046754021,
      2.3022947145778715e-05,
      0.008770867655507185,
      0.07988702958657841
    ]
  ],
  "correlation": [
    [
      1.0,
      -0.19776926596479877,
      0.1583742697186174,
      0.03748266983322624,
      -0.018653148180061974,
      0.15136487273648133,
      -0.05131953317654602,
      0.04799456602192842,
      0.05948934125801559,
      0.22473024135918634,
      0.12377950233122181
    ],
    [
      -0.19776926596479874,
      0.9999999999999999,
      0.40303047883027704,
      -0.008218331856123539,
      -0.008058547511780418,
      -0.027201805986240883,
      0.019714792470784042,
      -0.005718838557563664,
      0.09272676264735492,
      0.3800817715871233,
      0.14528900413915877
    ],
    [
      0.1583742697186174,
      0.40303047883027704,
      1.0,
      0.09884656310267231,
      -0.0184797338213531,
      0.07409977507928928,
      -0.018662877621120358,
      0.059436502593133954,
      0.14144516603692298,
      0.277486280834667,
      0.12968505068659786
    ],
    [
      0.03748266983322624,
      -0.008218331856123539,
      0.09884656310267231,
      1.0,
      0.13066832073785914,
      0.1062968214500664,
      -0.03830870712588198,
      0.09979195349491868,
      0.016312903106732626,
      0.07557403520555057,
      0.23094521310038366
    ],
    [
      -0.018653148180061974,
      -0.008058547511780418,
      -0.0184797338213531,
      0.13066832073785914,
      1.0,
      0.017720224870059104,
      -0.03965117570660165,
      -0.03236642092895517,
      0.014579630437315517,
      -0.03921518613459575,
      0.08427960318033544
    ],
    [
      0.15136487273648136,
      -0.027201805986240887,
      0.07409977507928928,
      0.10629682145006639,
      0.017720224870059108,
      1.0,
      -0.028323821045530138,
      0.12080149028543213,
      -0.007411014232133245,
      0.20268828601585517,
      0.1768751133524015
    ],
    [
      -0.05131953317654602,
      0.01971479247078404,
      -0.018662877621120358,
      -0.03830870712588198,
      -0.03965117570660165,
      -0.028323821045530138,
      0.9999999999999999,
      -0.04878771630914437,
      0.01247551055934587,
      -0.05413346404602532,
      -0.04418074824957045
    ],
    [
      0.04799456602192842,
      -0.005718838557563665,
      0.05943650259313395,
      0.09979195349491866,
      -0.03236642092895517,
      0.12080149028543213,
      -0.04878771630914437,
      0.9999999999999999,
      -0.026658671384778003,
      0.10322859589115373,
      0.1163392456196906
    ],
    [
      0.05948934125801559,
      0.09272676264735491,
      0.14144516603692298,
      0.016312903106732626,
      0.014579630437315517,
      -0.0074110142321332445,
      0.01247551055934587,
      -0.026658671384778006,
      1.0,
      0.03517677792025674,
      0.0004796976405003616
    ],
    [
      0.22473024135918637,
      0.38008177158712336,
      0.277486280834667,
      0.07557403520555059,
      -0.03921518613459575,
      0.20268828601585517,
      -0.05413346404602532,
      0.10322859589115373,
      0.03517677792025674,
      0.9999999999999998,
      0.1102530958221086
    ],
    [
      0.12377950233122179,
      0.1452890041391588,
      0.12968505068659789,
      0.23094521310038363,
      0.08427960318033544,
      0.17687511335240147,
      -0.04418074824957045,
      0.1163392456196906,
      0.00047969764050036153,
      0.11025309582210861,
      1.0
    ]
  ],
  "diagnostics": {
    "runtime": {
      "preprocess_s": 0.048,
      "gwosc_fetch_s": 5.39,
      "encode_s": 0.006,
      "sampling_s": 1.569,
      "total_s": 7.01
    },
    "memory": {
      "rss_mb": 4813.5,
      "mps_allocated_mb": 85.7
    },
    "n_effective": 3000,
    "boundary_railing_frac": 0.0803,
    "log_prob": {
      "median": -16.83943748474121,
      "max": 39.33879852294922
    },
    "ood_flags": [
      "V1: no data \u2014 filled with unit white noise (posterior uses remaining detectors only)",
      "8.0% of samples rail at the parameter bounds \u2014 the event may lie outside the training prior (out-of-distribution)"
    ],
    "context_ood": {
      "mahalanobis": 12.38,
      "percentile_vs_validation": 87.5
    },
    "verdict": {
      "confidence": "MEDIUM",
      "reasons": [
        "8% boundary railing"
      ]
    },
    "refinement": {
      "refine": true,
      "refine_global": true,
      "untrusted_params": [
        "mass_1",
        "mass_2"
      ],
      "strong_indicators": [],
      "moderate_indicators": [
        "confidence MEDIUM",
        "V1: no data \u2014 filled with unit white noise (posterior uses remaining detectors only)",
        "chirp-mass posterior wide (79% of median)",
        "8% boundary railing"
      ],
      "indicators": {
        "confidence": "MEDIUM",
        "ood_percentile": 87.5,
        "bias_region": {
          "q_in_attractor": true,
          "cell": {
            "mc": 30,
            "q": 0.4,
            "theta_jn": 1.57
          },
          "m1_bias": 1.02,
          "dl_bias": 2.47,
          "severe_mass_bias": false
        },
        "mc_width_frac": 0.795,
        "railing_frac": 0.0803
      },
      "recommendation": "run sampler refinement (compare_to_dynesty) before quoting these posteriors"
    }
  },
  "config": {
    "model_path": "model/lean_npe_v5/best_model.pth",
    "model_epoch": 1,
    "model_val_nll": -0.5088662856258452,
    "premerger": false,
    "device": "mps",
    "num_samples": 3000,
    "rank": 0,
    "seed": 0,
    "event": "GW170104",
    "event_type": "BBH",
    "source": "real",
    "detectors_present": [
      "H1",
      "L1"
    ]
  },
  "reproducibility": {
    "git_commit": "d6c307609f9e58de343f817c5bb3044b3fcc8171",
    "model_path": "model/lean_npe_v5/best_model.pth",
    "model_epoch": 1,
    "model_val_nll": -0.5088662856258452,
    "premerger": false
  },
  "preprocessing": {
    "source": "real",
    "detectors_present": [
      "H1",
      "L1"
    ],
    "warnings": [
      "V1: no data \u2014 filled with unit white noise (posterior uses remaining detectors only)"
    ],
    "quality": {
      "H1": {
        "finite": true,
        "std": 0.977746307849884,
        "max_abs": 4.0638837814331055,
        "excess_kurtosis": -0.06703996658325195,
        "repeated_frac": 0.0,
        "whitening_norm": 46.741788915438214
      },
      "L1": {
        "finite": true,
        "std": 0.9818301796913147,
        "max_abs": 3.961163282394409,
        "excess_kurtosis": 0.0051500797271728516,
        "repeated_frac": 0.0,
        "whitening_norm": 46.30542302813522
      }
    },
    "timings": {
      "preprocess_s": 0.048,
      "gwosc_fetch_s": 5.39
    }
  }
}