{
  "param_names": [
    "mass_1",
    "mass_2",
    "luminosity_distance",
    "ra",
    "dec",
    "theta_jn",
    "psi",
    "phase",
    "geocent_time",
    "a1",
    "a2"
  ],
  "trigger_gps": 1126259462.4,
  "truth": null,
  "summary": {
    "n_samples": 3000,
    "trigger_gps": 1126259462.4,
    "parameters": [
      {
        "param": "mass_1",
        "median": 30.437946319580078,
        "mean": 36.68520167378585,
        "map": 2.1540815830230713,
        "std": 27.71586493183404,
        "ci50%": [
          13.146621704101562,
          56.76494026184082
        ],
        "ci68%": [
          6.381151142120361,
          69.62625976562505
        ],
        "ci90%": [
          1.7850448131561276,
          89.45271186828613
        ],
        "ci95%": [
          1.4233270019292836,
          94.13745937347412
        ]
      },
      {
        "param": "mass_2",
        "median": 10.908339977264404,
        "mean": 15.9505500232776,
        "map": 1.2478283643722534,
        "std": 15.646423841119967,
        "ci50%": [
          2.3729652166366577,
          25.406924724578857
        ],
        "ci68%": [
          1.7579018497467038,
          30.173051528930664
        ],
        "ci90%": [
          1.1652095794677735,
          46.921252822875964
        ],
        "ci95%": [
          1.0620364457368852,
          58.795527553558365
        ]
      },
      {
        "param": "luminosity_distance",
        "median": 407.15199279785156,
        "mean": 508.6366504351298,
        "map": 40.59007263183594,
        "std": 403.718574370887,
        "ci50%": [
          180.75539016723633,
          774.0794982910156
        ],
        "ci68%": [
          113.56236083984369,
          915.2980786132813
        ],
        "ci90%": [
          51.648788452148416,
          1278.3729553222654
        ],
        "ci95%": [
          40.61198320388794,
          1475.3461669921876
        ]
      },
      {
        "param": "ra",
        "median": 1.567955732345581,
        "mean": 2.9146921840782,
        "map": 6.170465469360352,
        "std": 2.582061044342452,
        "ci50%": [
          0.38402868062257767,
          5.882775187492371
        ],
        "ci68%": [
          0.14125571370124815,
          6.056237106323242
        ],
        "ci90%": [
          0.0050517069408670045,
          6.2064156293869015
        ],
        "ci95%": [
          0.003135527484118939,
          6.242238914966583
        ]
      },
      {
        "param": "dec",
        "median": -0.336635947227478,
        "mean": -0.36153224076827367,
        "map": -0.3491159677505493,
        "std": 0.5143172869763902,
        "ci50%": [
          -0.7772864997386932,
          0.004551142454147339
        ],
        "ci68%": [
          -0.9438675093650818,
          0.12064850807189952
        ],
        "ci90%": [
          -1.1820583045482635,
          0.430593669414519
        ],
        "ci95%": [
          -1.2906524240970612,
          0.5986737310886387
        ]
      },
      {
        "param": "theta_jn",
        "median": 1.2732508778572083,
        "mean": 1.32441723212791,
        "map": 1.2530714273452759,
        "std": 0.8382294562679179,
        "ci50%": [
          0.646408349275589,
          2.0367449522018433
        ],
        "ci68%": [
          0.3900007927417755,
          2.282867403030396
        ],
        "ci90%": [
          0.0,
          2.675630795955658
        ],
        "ci95%": [
          0.0,
          2.783758854866028
        ]
      },
      {
        "param": "psi",
        "median": 1.6219485402107239,
        "mean": 1.605204535996188,
        "map": 3.072817087173462,
        "std": 0.9952096218038884,
        "ci50%": [
          0.7247903496026993,
          2.499609053134918
        ],
        "ci68%": [
          0.39963625192642205,
          2.7840068244934084
        ],
        "ci90%": [
          0.017386667151004054,
          3.119525969028472
        ],
        "ci95%": [
          0.0011496266524773095,
          3.14052477478981
        ]
      },
      {
        "param": "phase",
        "median": 3.1025410890579224,
        "mean": 3.106132351236811,
        "map": 1.701145052909851,
        "std": 1.9620527819002775,
        "ci50%": [
          1.3848769962787628,
          4.794875860214233
        ],
        "ci68%": [
          0.7752435731887816,
          5.468562965393066
        ],
        "ci90%": [
          0.08811244890093796,
          6.276508522033692
        ],
        "ci95%": [
          0.0029784497281070835,
          6.281275081634521
        ]
      },
      {
        "param": "geocent_time",
        "median": 0.050642967224121094,
        "mean": 0.05921824032068253,
        "map": 0.45779645442962646,
        "std": 0.6033502785422379,
        "ci50%": [
          -0.294353723526001,
          0.4559357762336731
        ],
        "ci68%": [
          -0.5143853425979615,
          0.6573393297195438
        ],
        "ci90%": [
          -1.0382492959499359,
          1.071385729312896
        ],
        "ci95%": [
          -1.2505424976348876,
          1.2495343863964086
        ]
      },
      {
        "param": "a1",
        "median": 0.4140181392431259,
        "mean": 0.41811419974764186,
        "map": 0.02372106909751892,
        "std": 0.32594046680778366,
        "ci50%": [
          0.05419202148914337,
          0.714289203286171
        ],
        "ci68%": [
          0.02433793783187865,
          0.8098514080047611
        ],
        "ci90%": [
          3.519356250762925e-05,
          0.9310604393482207
        ],
        "ci95%": [
          0.0,
          0.9630901277065277
        ]
      },
      {
        "param": "a2",
        "median": 0.2122698724269867,
        "mean": 0.3218222379287084,
        "map": 0.019928336143493652,
        "std": 0.32348906035207414,
        "ci50%": [
          0.028163693845272064,
          0.6095171123743057
        ],
        "ci68%": [
          0.011246379613876341,
          0.7481936097145081
        ],
        "ci90%": [
          0.0,
          0.9119251042604443
        ],
        "ci95%": [
          0.0,
          0.9493126556277276
        ]
      }
    ],
    "diagnostics": {
      "runtime": {
        "preprocess_s": 0.067,
        "gwosc_fetch_s": 5.24,
        "encode_s": 0.069,
        "sampling_s": 1.619,
        "total_s": 7.125
      },
      "memory": {
        "rss_mb": 3729.8,
        "mps_allocated_mb": 164.9
      },
      "n_effective": 3000,
      "boundary_railing_frac": 0.137,
      "log_prob": {
        "median": -20.515121459960938,
        "max": 34.22637939453125
      },
      "ood_flags": [
        "V1: no data \u2014 filled with unit white noise (posterior uses remaining detectors only)",
        "13.7% of samples rail at the parameter bounds \u2014 the event may lie outside the training prior (out-of-distribution)"
      ],
      "context_ood": {
        "mahalanobis": 11.35,
        "percentile_vs_validation": 99.4
      },
      "verdict": {
        "confidence": "MEDIUM",
        "reasons": [
          "context in the top 0.6% distance tail"
        ]
      },
      "refinement": {
        "refine": true,
        "refine_global": true,
        "untrusted_params": [
          "mass_1",
          "mass_2"
        ],
        "strong_indicators": [
          "chirp-mass posterior uninformative (90% width 313% of median)"
        ],
        "moderate_indicators": [
          "confidence MEDIUM",
          "context in top 0.6% OOD tail",
          "V1: no data \u2014 filled with unit white noise (posterior uses remaining detectors only)",
          "14% boundary railing"
        ],
        "indicators": {
          "confidence": "MEDIUM",
          "ood_percentile": 99.4,
          "bias_region": {
            "q_in_attractor": true,
            "cell": {
              "mc": 20,
              "q": 0.4,
              "theta_jn": 1.57
            },
            "m1_bias": 1.1,
            "dl_bias": 4.79,
            "severe_mass_bias": false
          },
          "mc_width_frac": 3.128,
          "railing_frac": 0.137
        },
        "recommendation": "run sampler refinement (compare_to_dynesty) before quoting these posteriors"
      }
    }
  },
  "covariance": [
    [
      768.4253106898988,
      227.1559982823518,
      6036.692777202647,
      1.270686279449423,
      -0.4295209192790734,
      0.5904091145456647,
      -0.9789036878329781,
      0.9912159094981943,
      -1.6672470588151338,
      2.495980510500938,
      1.7583420151301186
    ],
    [
      227.1559982823518,
      244.89220975255125,
      4849.583457840175,
      -3.3463382401511867,
      0.5387406526635675,
      -1.9175662774703504,
      -0.08478248377464181,
      1.1106065795405147,
      -0.9082594652050429,
      0.2423331334705608,
      1.0830008652980079
    ],
    [
      6036.692777202647,
      4849.583457840175,
      163043.0349703843,
      -86.27559284319734,
      12.982620009812987,
      -67.548235451154,
      -13.520262279052503,
      20.569062050452498,
      -25.64181596291607,
      10.859474367063026,
      28.39195129577803
    ],
    [
      1.270686279449423,
      -3.3463382401511867,
      -86.27559284319734,
      6.669262324152229,
      -0.22966477880129213,
      0.39615835133825844,
      0.007485844727368196,
      -0.0697069143534421,
      0.03284311728000651,
      0.09536732287030651,
      0.037553257588591134
    ],
    [
      -0.4295209192790734,
      0.5387406526635675,
      12.982620009812987,
      -0.22966477880129213,
      0.26461047517447933,
      -0.04936362658415107,
      -0.015859343936582962,
      0.04489034007515569,
      0.003891749113218449,
      -0.01873023848553613,
      -0.008979663377570026
    ],
    [
      0.5904091145456647,
      -1.9175662774703504,
      -67.548235451154,
      0.39615835133825844,
      -0.04936362658415107,
      0.7028629089915396,
      -0.023466347126850272,
      -0.06470311355156713,
      0.008571726350921445,
      0.05529920590160564,
      0.03844528738662803
    ],
    [
      -0.9789036878329781,
      -0.08478248377464181,
      -13.520262279052503,
      0.007485844727368196,
      -0.015859343936582962,
      -0.023466347126850272,
      0.9907724488139802,
      0.08009278269352678,
      0.003910125656933944,
      0.0005156344475672901,
      -0.002260492508339544
    ],
    [
      0.9912159094981943,
      1.1106065795405147,
      20.569062050452498,
      -0.0697069143534421,
      0.04489034007515569,
      -0.06470311355156713,
      0.08009278269352678,
      3.850934763883907,
      0.002224885873622452,
      -0.020595961796813757,
      -0.010555299842914692
    ],
    [
      -1.6672470588151338,
      -0.9082594652050429,
      -25.64181596291607,
      0.03284311728000651,
      0.003891749113218449,
      0.008571726350921445,
      0.003910125656933944,
      0.002224885873622452,
      0.3641529429313056,
      -0.003810055702604125,
      -0.006429057844239675
    ],
    [
      2.495980510500938,
      0.2423331334705608,
      10.859474367063026,
      0.09536732287030651,
      -0.01873023848553613,
      0.05529920590160564,
      0.0005156344475672901,
      -0.020595961796813757,
      -0.003810055702604125,
      0.10627261210691129,
      0.0360883997673412
    ],
    [
      1.7583420151301186,
      1.0830008652980079,
      28.39195129577803,
      0.037553257588591134,
      -0.008979663377570026,
      0.03844528738662803,
      -0.002260492508339544,
      -0.010555299842914692,
      -0.006429057844239675,
      0.0360883997673412,
      0.10468006552264172
    ]
  ],
  "correlation": [
    [
      1.0,
      0.5236437129072863,
      0.5393207352259567,
      0.017750010318455724,
      -0.030121734305314774,
      0.025404866077725217,
      -0.035477431752976976,
      0.018221509532419886,
      -0.09966833820386929,
      0.27620382050062264,
      0.19605166275072128
    ],
    [
      0.5236437129072864,
      0.9999999999999999,
      0.7674778091556607,
      -0.08280250037598202,
      0.06692505653361512,
      -0.14615968074209978,
      -0.005442916724697285,
      0.03616510049213223,
      -0.09617906159028967,
      0.04750229968772903,
      0.21389928147228368
    ],
    [
      0.5393207352259567,
      0.7674778091556606,
      1.0,
      -0.0827366489334642,
      0.06250398456466949,
      -0.199538898388975,
      -0.03363930623064819,
      0.025958541165075153,
      -0.10523391830468086,
      0.08249868030472393,
      0.21732621833827812
    ],
    [
      0.01775001031845572,
      -0.08280250037598202,
      -0.08273664893346419,
      0.9999999999999998,
      -0.17288287690405132,
      0.18297619948846586,
      0.00291215813379416,
      -0.013754787265569932,
      0.021074804718739504,
      0.11327915837772495,
      0.04494451759026693
    ],
    [
      -0.030121734305314774,
      0.06692505653361512,
      0.06250398456466949,
      -0.17288287690405135,
      1.0,
      -0.11446381834570023,
      -0.03097381789224315,
      0.04446991490001913,
      0.012537166880798974,
      -0.11169381196789245,
      -0.053954111766630376
    ],
    [
      0.025404866077725217,
      -0.14615968074209978,
      -0.199538898388975,
      0.18297619948846586,
      -0.11446381834570023,
      0.9999999999999999,
      -0.02812051157653604,
      -0.039328445978513364,
      0.016943029735808607,
      0.20233588084144585,
      0.1417345750623127
    ],
    [
      -0.03547743175297697,
      -0.005442916724697285,
      -0.03363930623064818,
      0.00291215813379416,
      -0.030973817892243148,
      -0.02812051157653604,
      0.9999999999999999,
      0.04100372775289986,
      0.006509712995518537,
      0.0015890745962699132,
      -0.0070191434551829775
    ],
    [
      0.01822150953241989,
      0.03616510049213223,
      0.025958541165075153,
      -0.013754787265569932,
      0.04446991490001913,
      -0.03932844597851337,
      0.04100372775289986,
      1.0,
      0.001878809492489632,
      -0.032194991821887155,
      -0.01662476446520067
    ],
    [
      -0.09966833820386929,
      -0.09617906159028967,
      -0.10523391830468086,
      0.021074804718739508,
      0.012537166880798974,
      0.016943029735808607,
      0.006509712995518538,
      0.001878809492489632,
      0.9999999999999998,
      -0.01936773059008844,
      -0.032928612265855625
    ],
    [
      0.2762038205006226,
      0.04750229968772903,
      0.08249868030472393,
      0.11327915837772495,
      -0.11169381196789246,
      0.20233588084144585,
      0.0015890745962699134,
      -0.032194991821887155,
      -0.01936773059008844,
      1.0,
      0.3421566257665016
    ],
    [
      0.1960516627507213,
      0.21389928147228368,
      0.21732621833827814,
      0.04494451759026693,
      -0.053954111766630376,
      0.1417345750623127,
      -0.0070191434551829775,
      -0.016624764465200673,
      -0.032928612265855625,
      0.3421566257665016,
      1.0
    ]
  ],
  "diagnostics": {
    "runtime": {
      "preprocess_s": 0.067,
      "gwosc_fetch_s": 5.24,
      "encode_s": 0.069,
      "sampling_s": 1.619,
      "total_s": 7.125
    },
    "memory": {
      "rss_mb": 3729.8,
      "mps_allocated_mb": 164.9
    },
    "n_effective": 3000,
    "boundary_railing_frac": 0.137,
    "log_prob": {
      "median": -20.515121459960938,
      "max": 34.22637939453125
    },
    "ood_flags": [
      "V1: no data \u2014 filled with unit white noise (posterior uses remaining detectors only)",
      "13.7% of samples rail at the parameter bounds \u2014 the event may lie outside the training prior (out-of-distribution)"
    ],
    "context_ood": {
      "mahalanobis": 11.35,
      "percentile_vs_validation": 99.4
    },
    "verdict": {
      "confidence": "MEDIUM",
      "reasons": [
        "context in the top 0.6% distance tail"
      ]
    },
    "refinement": {
      "refine": true,
      "refine_global": true,
      "untrusted_params": [
        "mass_1",
        "mass_2"
      ],
      "strong_indicators": [
        "chirp-mass posterior uninformative (90% width 313% of median)"
      ],
      "moderate_indicators": [
        "confidence MEDIUM",
        "context in top 0.6% OOD tail",
        "V1: no data \u2014 filled with unit white noise (posterior uses remaining detectors only)",
        "14% boundary railing"
      ],
      "indicators": {
        "confidence": "MEDIUM",
        "ood_percentile": 99.4,
        "bias_region": {
          "q_in_attractor": true,
          "cell": {
            "mc": 20,
            "q": 0.4,
            "theta_jn": 1.57
          },
          "m1_bias": 1.1,
          "dl_bias": 4.79,
          "severe_mass_bias": false
        },
        "mc_width_frac": 3.128,
        "railing_frac": 0.137
      },
      "recommendation": "run sampler refinement (compare_to_dynesty) before quoting these posteriors"
    }
  },
  "config": {
    "model_path": "model/lean_coherentC/best_model.pth",
    "model_epoch": 40,
    "model_val_nll": 1.3679874420166016,
    "premerger": false,
    "psd_cond": true,
    "device": "mps",
    "num_samples": 3000,
    "rank": 0,
    "seed": 0,
    "event": "GW150914",
    "event_type": "BBH",
    "source": "real",
    "detectors_present": [
      "H1",
      "L1"
    ]
  },
  "reproducibility": {
    "git_commit": "995121aff136ae38385b8720269d5a16cb7438f5",
    "model_path": "model/lean_coherentC/best_model.pth",
    "model_epoch": 40,
    "model_val_nll": 1.3679874420166016,
    "premerger": false
  },
  "preprocessing": {
    "source": "real",
    "detectors_present": [
      "H1",
      "L1"
    ],
    "warnings": [
      "V1: no data \u2014 filled with unit white noise (posterior uses remaining detectors only)"
    ],
    "quality": {
      "H1": {
        "finite": true,
        "std": 1.0123380422592163,
        "max_abs": 4.5542802810668945,
        "excess_kurtosis": -0.046918630599975586,
        "repeated_frac": 0.0,
        "whitening_norm": 45.72268702782366
      },
      "L1": {
        "finite": true,
        "std": 0.9647899866104126,
        "max_abs": 3.8245933055877686,
        "excess_kurtosis": 0.05527663230895996,
        "repeated_frac": 0.0,
        "whitening_norm": 47.181583593158
      }
    },
    "timings": {
      "preprocess_s": 0.067,
      "gwosc_fetch_s": 5.24
    }
  }
}