{
  "param_names": [
    "mass_1",
    "mass_2",
    "luminosity_distance",
    "ra",
    "dec",
    "theta_jn",
    "psi",
    "phase",
    "geocent_time",
    "a1",
    "a2"
  ],
  "trigger_gps": 1126259462.4,
  "truth": null,
  "summary": {
    "n_samples": 3000,
    "trigger_gps": 1126259462.4,
    "parameters": [
      {
        "param": "mass_1",
        "median": 60.465227127075195,
        "mean": 59.069448512037596,
        "map": 29.92814064025879,
        "std": 19.07820783733524,
        "ci50%": [
          49.26194477081299,
          72.53433418273926
        ],
        "ci68%": [
          30.10216377258301,
          78.81469696044923
        ],
        "ci90%": [
          29.888322257995604,
          88.9768154144287
        ],
        "ci95%": [
          29.819536876678466,
          92.34878120422366
        ]
      },
      {
        "param": "mass_2",
        "median": 36.25980567932129,
        "mean": 37.491747009038924,
        "map": 29.855134963989258,
        "std": 10.882050924460035,
        "ci50%": [
          29.832738876342773,
          44.72740840911865
        ],
        "ci68%": [
          29.681976470947266,
          48.34959716796876
        ],
        "ci90%": [
          23.97924337387085,
          55.29711303710936
        ],
        "ci95%": [
          20.005749130249033,
          59.0182900428772
        ]
      },
      {
        "param": "luminosity_distance",
        "median": 1361.5613403320312,
        "mean": 1329.063544045766,
        "map": 805.6339111328125,
        "std": 410.70921668832057,
        "ci50%": [
          942.8908081054688,
          1644.3267517089844
        ],
        "ci68%": [
          856.5209912109375,
          1766.2072607421876
        ],
        "ci90%": [
          749.5905212402344,
          1969.1226867675778
        ],
        "ci95%": [
          665.7280792236331,
          2027.8229553222657
        ]
      },
      {
        "param": "ra",
        "median": 4.848682165145874,
        "mean": 4.076156620665583,
        "map": 0.001395225990563631,
        "std": 1.9850801475854334,
        "ci50%": [
          2.071336328983307,
          5.8020817041397095
        ],
        "ci68%": [
          1.5970030021667478,
          6.275484294891357
        ],
        "ci90%": [
          0.5404900372028351,
          6.280410861968994
        ],
        "ci95%": [
          0.09494799040257934,
          6.281404578685761
        ]
      },
      {
        "param": "dec",
        "median": 0.0010788440704345703,
        "mean": 0.027524463216463724,
        "map": -0.0016378164291381836,
        "std": 0.689048972306581,
        "ci50%": [
          -0.48520010709762573,
          0.5939339995384216
        ],
        "ci68%": [
          -0.6893501448631286,
          0.8110581636428839
        ],
        "ci90%": [
          -1.1169230341911316,
          1.2429340958595274
        ],
        "ci95%": [
          -1.2132713645696638,
          1.3593039989471436
        ]
      },
      {
        "param": "theta_jn",
        "median": 1.10617995262146,
        "mean": 1.2594638672984233,
        "map": 0.0017935142386704683,
        "std": 0.9144355169143964,
        "ci50%": [
          0.5559073835611343,
          2.1365712881088257
        ],
        "ci68%": [
          0.0014728088583797214,
          2.3930693244934087
        ],
        "ci90%": [
          0.0,
          2.6955508708953855
        ],
        "ci95%": [
          0.0,
          2.7957060515880587
        ]
      },
      {
        "param": "psi",
        "median": 1.441068708896637,
        "mean": 1.4321259538307416,
        "map": 0.0008100587292574346,
        "std": 1.031881010485637,
        "ci50%": [
          0.5027114972472191,
          2.2752164602279663
        ],
        "ci68%": [
          0.06080834031105035,
          2.685983581542969
        ],
        "ci90%": [
          0.00031676740472903455,
          3.1384089589118958
        ],
        "ci95%": [
          0.000143382355963695,
          3.1413650631904604
        ]
      },
      {
        "param": "phase",
        "median": 3.447826623916626,
        "mean": 3.274902763555673,
        "map": 0.0005890995962545276,
        "std": 2.2153762289102574,
        "ci50%": [
          1.0987757444381714,
          5.445995211601257
        ],
        "ci68%": [
          0.1664007282257078,
          5.8440155410766605
        ],
        "ci90%": [
          0.001158125564688816,
          6.280760717391968
        ],
        "ci95%": [
          0.000590012459724676,
          6.282411122322083
        ]
      },
      {
        "param": "geocent_time",
        "median": 0.03870469331741333,
        "mean": 0.029528082529703775,
        "map": 0.04978585243225098,
        "std": 0.12788556512934834,
        "ci50%": [
          0.02009063959121704,
          0.050512462854385376
        ],
        "ci68%": [
          0.013126101493835446,
          0.05479624271392823
        ],
        "ci90%": [
          0.0007329165935516346,
          0.06580061316490167
        ],
        "ci95%": [
          -0.008960562944412227,
          0.07941299378871922
        ]
      },
      {
        "param": "a1",
        "median": 0.5053047239780426,
        "mean": 0.4592866937816143,
        "map": 0.0005564093589782715,
        "std": 0.3018937846709673,
        "ci50%": [
          0.2103370800614357,
          0.6913816034793854
        ],
        "ci68%": [
          0.000845053195953369,
          0.773914475440979
        ],
        "ci90%": [
          0.0005355283617973327,
          0.9225575178861617
        ],
        "ci95%": [
          0.0003853537142276767,
          0.9512576401233673
        ]
      },
      {
        "param": "a2",
        "median": 0.47334660589694977,
        "mean": 0.4464021200736364,
        "map": 0.0005410313606262207,
        "std": 0.3207276638524704,
        "ci50%": [
          0.12557891756296158,
          0.7265119552612305
        ],
        "ci68%": [
          0.0006307411193847655,
          0.7948826932907107
        ],
        "ci90%": [
          0.00012523382902145382,
          0.9489279866218566
        ],
        "ci95%": [
          0.0,
          0.9670865654945374
        ]
      }
    ],
    "diagnostics": {
      "runtime": {
        "preprocess_s": 0.07,
        "gwosc_fetch_s": 5.24,
        "encode_s": 0.047,
        "sampling_s": 1.32,
        "total_s": 6.807
      },
      "memory": {
        "rss_mb": 4347.3,
        "mps_allocated_mb": 116.0
      },
      "n_effective": 3000,
      "boundary_railing_frac": 0.2043,
      "log_prob": {
        "median": -16.85992431640625,
        "max": 39.595359802246094
      },
      "ood_flags": [
        "V1: no data \u2014 filled with unit white noise (posterior uses remaining detectors only)",
        "20.4% of samples rail at the parameter bounds \u2014 the event may lie outside the training prior (out-of-distribution)"
      ],
      "context_ood": {
        "mahalanobis": 14.12,
        "percentile_vs_validation": 94.5
      },
      "verdict": {
        "confidence": "LOW",
        "reasons": [
          "20% of posterior samples rail at prior bounds"
        ]
      },
      "refinement": {
        "refine": true,
        "refine_global": true,
        "untrusted_params": [
          "mass_1",
          "mass_2"
        ],
        "strong_indicators": [
          "confidence LOW: 20% of posterior samples rail at prior bounds",
          "20% of samples rail at prior bounds"
        ],
        "moderate_indicators": [
          "V1: no data \u2014 filled with unit white noise (posterior uses remaining detectors only)",
          "chirp-mass posterior wide (67% of median)"
        ],
        "indicators": {
          "confidence": "LOW",
          "ood_percentile": 94.5,
          "bias_region": {
            "q_in_attractor": true,
            "cell": {
              "mc": 45,
              "q": 0.7,
              "theta_jn": 1.57
            },
            "m1_bias": 1.28,
            "dl_bias": 1.55,
            "severe_mass_bias": false
          },
          "mc_width_frac": 0.673,
          "railing_frac": 0.2043
        },
        "recommendation": "run sampler refinement (compare_to_dynesty) before quoting these posteriors"
      }
    }
  },
  "covariance": [
    [
      364.09938074480857,
      54.87641211502983,
      4405.687577456446,
      -11.719132414620903,
      0.38265967827833164,
      8.41655660614033,
      3.8126355244953647,
      9.48245542873971,
      0.07651528741885825,
      3.819785678920864,
      3.492716648619772
    ],
    [
      54.87641211502983,
      118.45851849537323,
      2352.8218735507508,
      -2.2847350153042516,
      -0.3385392396779531,
      2.6375484851946647,
      1.2275007906509392,
      3.3969131186434525,
      0.11889546663370905,
      1.906809504933523,
      1.4882941983957463
    ],
    [
      4405.687577456446,
      2352.8218735507508,
      168738.30677499162,
      -142.7688877066144,
      4.002480268704323,
      136.39871850313244,
      70.72489570272955,
      207.01570361982712,
      2.951656424351318,
      71.67168644525573,
      65.14937154158997
    ],
    [
      -11.719132414620903,
      -2.2847350153042516,
      -142.7688877066144,
      3.941857144719378,
      0.5013919422203227,
      -0.5762958946793595,
      -0.2677749026689928,
      -0.4832926352501519,
      0.021259314587748955,
      -0.15647084467302774,
      -0.09896552048280852
    ],
    [
      0.38265967827833164,
      -0.3385392396779531,
      4.002480268704323,
      0.5013919422203227,
      0.4749468018373688,
      0.004203952449161766,
      -0.041444773747344295,
      0.00869923750650282,
      0.005251386855901554,
      0.00845437561819163,
      0.017411548760928788
    ],
    [
      8.41655660614033,
      2.6375484851946647,
      136.39871850313244,
      -0.5762958946793595,
      0.004203952449161766,
      0.8364711383072674,
      0.21902637127645155,
      0.38444006219784216,
      -0.005001180613284504,
      0.14027727975017726,
      0.13516330208252975
    ],
    [
      3.8126355244953647,
      1.2275007906509392,
      70.72489570272955,
      -0.2677749026689928,
      -0.041444773747344295,
      0.21902637127645155,
      1.0651334642889545,
      0.14563912280916727,
      -0.0023862812062628454,
      0.06036323797546629,
      0.06997980366164738
    ],
    [
      9.48245542873971,
      3.3969131186434525,
      207.01570361982712,
      -0.4832926352501519,
      0.00869923750650282,
      0.38444006219784216,
      0.14563912280916727,
      4.90952834506898,
      -0.011603970587511855,
      0.15380118131291268,
      0.17152772265860436
    ],
    [
      0.07651528741885825,
      0.11889546663370905,
      2.951656424351318,
      0.021259314587748955,
      0.005251386855901554,
      -0.005001180613284504,
      -0.0023862812062628454,
      -0.011603970587511855,
      0.01636017115883907,
      -0.0010993740569844384,
      -0.0017581093753422344
    ],
    [
      3.819785678920864,
      1.906809504933523,
      71.67168644525573,
      -0.15647084467302774,
      0.00845437561819163,
      0.14027727975017726,
      0.06036323797546629,
      0.15380118131291268,
      -0.0010993740569844384,
      0.09117024730539554,
      0.049377407370614794
    ],
    [
      3.492716648619772,
      1.4882941983957463,
      65.14937154158997,
      -0.09896552048280852,
      0.017411548760928788,
      0.13516330208252975,
      0.06997980366164738,
      0.17152772265860436,
      -0.0017581093753422344,
      0.049377407370614794,
      0.10290053453844303
    ]
  ],
  "correlation": [
    [
      1.0,
      0.2642363674830368,
      0.5620783829599416,
      -0.30933926597861744,
      0.029099146305988435,
      0.4822797178853894,
      0.19360354498518748,
      0.22428020996330642,
      0.0313504892220301,
      0.6629831023710094,
      0.5706168195223766
    ],
    [
      0.26423636748303675,
      1.0,
      0.5262584196592537,
      -0.1057309778191312,
      -0.04513395403550547,
      0.2649670210735408,
      0.10927897614028463,
      0.1408579634392185,
      0.08540596927025629,
      0.5802265445219664,
      0.42628183342664266
    ],
    [
      0.5620783829599416,
      0.5262584196592537,
      1.0,
      -0.175055714351915,
      0.014138387237608609,
      0.36305963469203095,
      0.16682589271162396,
      0.22744508784154185,
      0.05617784026865052,
      0.5778487973928499,
      0.4944183396966956
    ],
    [
      -0.30933926597861744,
      -0.10573097781913121,
      -0.17505571435191497,
      1.0,
      0.36644130898829747,
      -0.3173727280643287,
      -0.1306824941953197,
      -0.10986006475167563,
      0.08371531129365316,
      -0.2610095632931421,
      -0.15539056904527385
    ],
    [
      0.029099146305988435,
      -0.04513395403550547,
      0.01413838723760861,
      0.3664413089882974,
      1.0,
      0.006669754227556616,
      -0.0582700344083107,
      0.00569690291542408,
      0.05957411611335036,
      0.0406286590722759,
      0.07876007195209993
    ],
    [
      0.48227971788538937,
      0.2649670210735408,
      0.363059634692031,
      -0.3173727280643287,
      0.006669754227556617,
      0.9999999999999999,
      0.23204323578473923,
      0.18970696349789748,
      -0.04275167522518543,
      0.5079667536946896,
      0.46070666742112093
    ],
    [
      0.19360354498518748,
      0.10927897614028464,
      0.16682589271162393,
      -0.1306824941953197,
      -0.058270034408310696,
      0.23204323578473926,
      1.0,
      0.06368778632630823,
      -0.018076971971313627,
      0.1937063896681609,
      0.2113790245856569
    ],
    [
      0.2242802099633064,
      0.14085796343921853,
      0.22744508784154185,
      -0.10986006475167563,
      0.00569690291542408,
      0.18970696349789748,
      0.06368778632630823,
      1.0,
      -0.04094423978948432,
      0.2298863680137546,
      0.2413268367580139
    ],
    [
      0.0313504892220301,
      0.08540596927025629,
      0.05617784026865052,
      0.08371531129365316,
      0.05957411611335036,
      -0.04275167522518543,
      -0.018076971971313627,
      -0.040944239789484325,
      0.9999999999999998,
      -0.02846590504923282,
      -0.042849242919561534
    ],
    [
      0.6629831023710094,
      0.5802265445219665,
      0.5778487973928498,
      -0.2610095632931421,
      0.0406286590722759,
      0.5079667536946895,
      0.1937063896681609,
      0.2298863680137546,
      -0.028465905049232822,
      1.0,
      0.5097918652273727
    ],
    [
      0.5706168195223768,
      0.42628183342664266,
      0.4944183396966956,
      -0.15539056904527382,
      0.07876007195209993,
      0.46070666742112093,
      0.21137902458565694,
      0.24132683675801386,
      -0.04284924291956154,
      0.5097918652273729,
      1.0
    ]
  ],
  "diagnostics": {
    "runtime": {
      "preprocess_s": 0.07,
      "gwosc_fetch_s": 5.24,
      "encode_s": 0.047,
      "sampling_s": 1.32,
      "total_s": 6.807
    },
    "memory": {
      "rss_mb": 4347.3,
      "mps_allocated_mb": 116.0
    },
    "n_effective": 3000,
    "boundary_railing_frac": 0.2043,
    "log_prob": {
      "median": -16.85992431640625,
      "max": 39.595359802246094
    },
    "ood_flags": [
      "V1: no data \u2014 filled with unit white noise (posterior uses remaining detectors only)",
      "20.4% of samples rail at the parameter bounds \u2014 the event may lie outside the training prior (out-of-distribution)"
    ],
    "context_ood": {
      "mahalanobis": 14.12,
      "percentile_vs_validation": 94.5
    },
    "verdict": {
      "confidence": "LOW",
      "reasons": [
        "20% of posterior samples rail at prior bounds"
      ]
    },
    "refinement": {
      "refine": true,
      "refine_global": true,
      "untrusted_params": [
        "mass_1",
        "mass_2"
      ],
      "strong_indicators": [
        "confidence LOW: 20% of posterior samples rail at prior bounds",
        "20% of samples rail at prior bounds"
      ],
      "moderate_indicators": [
        "V1: no data \u2014 filled with unit white noise (posterior uses remaining detectors only)",
        "chirp-mass posterior wide (67% of median)"
      ],
      "indicators": {
        "confidence": "LOW",
        "ood_percentile": 94.5,
        "bias_region": {
          "q_in_attractor": true,
          "cell": {
            "mc": 45,
            "q": 0.7,
            "theta_jn": 1.57
          },
          "m1_bias": 1.28,
          "dl_bias": 1.55,
          "severe_mass_bias": false
        },
        "mc_width_frac": 0.673,
        "railing_frac": 0.2043
      },
      "recommendation": "run sampler refinement (compare_to_dynesty) before quoting these posteriors"
    }
  },
  "config": {
    "model_path": "model/lean_npe_v4/best_model.pth",
    "model_epoch": 2,
    "model_val_nll": -0.5246524548158049,
    "premerger": false,
    "device": "mps",
    "num_samples": 3000,
    "rank": 0,
    "seed": 0,
    "event": "GW150914",
    "event_type": "BBH",
    "source": "real",
    "detectors_present": [
      "H1",
      "L1"
    ]
  },
  "reproducibility": {
    "git_commit": "ece3a0f52ab84627ddf97e05fe430a015d6b5523",
    "model_path": "model/lean_npe_v4/best_model.pth",
    "model_epoch": 2,
    "model_val_nll": -0.5246524548158049,
    "premerger": false
  },
  "preprocessing": {
    "source": "real",
    "detectors_present": [
      "H1",
      "L1"
    ],
    "warnings": [
      "V1: no data \u2014 filled with unit white noise (posterior uses remaining detectors only)"
    ],
    "quality": {
      "H1": {
        "finite": true,
        "std": 1.0123380422592163,
        "max_abs": 4.5542802810668945,
        "excess_kurtosis": -0.046918630599975586,
        "repeated_frac": 0.0,
        "whitening_norm": 45.72268702782366
      },
      "L1": {
        "finite": true,
        "std": 0.9647899866104126,
        "max_abs": 3.8245933055877686,
        "excess_kurtosis": 0.05527663230895996,
        "repeated_frac": 0.0,
        "whitening_norm": 47.181583593158
      }
    },
    "timings": {
      "preprocess_s": 0.07,
      "gwosc_fetch_s": 5.24
    }
  }
}