{
  "param_names": [
    "mass_1",
    "mass_2",
    "luminosity_distance",
    "ra",
    "dec",
    "theta_jn",
    "psi",
    "phase",
    "geocent_time",
    "a1",
    "a2"
  ],
  "trigger_gps": 1186741861.5,
  "truth": null,
  "summary": {
    "n_samples": 3000,
    "trigger_gps": 1186741861.5,
    "parameters": [
      {
        "param": "mass_1",
        "median": 30.643614768981934,
        "mean": 44.12747251351674,
        "map": 29.865741729736328,
        "std": 22.2909729732668,
        "ci50%": [
          29.556399822235107,
          57.4543981552124
        ],
        "ci68%": [
          29.23772216796875,
          72.03415771484376
        ],
        "ci90%": [
          28.250811386108396,
          90.91503028869629
        ],
        "ci95%": [
          18.06891202926638,
          95.70682392120362
        ]
      },
      {
        "param": "mass_2",
        "median": 28.166181564331055,
        "mean": 25.932804332494737,
        "map": 29.283687591552734,
        "std": 9.803860983027263,
        "ci50%": [
          23.722564697265625,
          29.445708751678467
        ],
        "ci68%": [
          17.181946563720704,
          29.978669815063476
        ],
        "ci90%": [
          6.926285457611083,
          38.23265495300292
        ],
        "ci95%": [
          1.9196570932865147,
          45.22763805389405
        ]
      },
      {
        "param": "luminosity_distance",
        "median": 790.0496826171875,
        "mean": 822.1646461181641,
        "map": 745.4285888671875,
        "std": 323.9683685610173,
        "ci50%": [
          677.8560791015625,
          927.531494140625
        ],
        "ci68%": [
          600.4786694335937,
          1056.4164257812502
        ],
        "ci90%": [
          291.3161651611328,
          1467.0676635742186
        ],
        "ci95%": [
          155.0648815155032,
          1665.8201080322274
        ]
      },
      {
        "param": "ra",
        "median": 6.210644006729126,
        "mean": 4.670714649557092,
        "map": 0.03587721288204193,
        "std": 2.2340532179804367,
        "ci50%": [
          3.1054382920265198,
          6.245848655700684
        ],
        "ci68%": [
          1.4699209260940542,
          6.252978439331055
        ],
        "ci90%": [
          0.06576391458511346,
          6.266667890548706
        ],
        "ci95%": [
          0.016906282212585222,
          6.272324132919311
        ]
      },
      {
        "param": "dec",
        "median": -0.004397749900817871,
        "mean": -0.048186534961064655,
        "map": -0.007276177406311035,
        "std": 0.3597141202271261,
        "ci50%": [
          -0.03383556008338928,
          0.010161340236663818
        ],
        "ci68%": [
          -0.2924211072921754,
          0.1051418685913086
        ],
        "ci90%": [
          -0.7494976371526719,
          0.5088572740554805
        ],
        "ci95%": [
          -0.9882511153817176,
          0.7212156414985659
        ]
      },
      {
        "param": "theta_jn",
        "median": 0.011658404488116503,
        "mean": 0.5625867519907712,
        "map": 0.008409274742007256,
        "std": 0.7684795965600434,
        "ci50%": [
          0.0034683331032283604,
          1.097609668970108
        ],
        "ci68%": [
          0.0004082950507290655,
          1.4917633056640631
        ],
        "ci90%": [
          0.0,
          2.1577671647071828
        ],
        "ci95%": [
          0.0,
          2.348913305997849
        ]
      },
      {
        "param": "psi",
        "median": 2.415713906288147,
        "mean": 1.9063562620871326,
        "map": 0.003931762184947729,
        "std": 1.2875846151565213,
        "ci50%": [
          0.4704362824559212,
          3.1346124410629272
        ],
        "ci68%": [
          0.03289760828018181,
          3.1369559478759768
        ],
        "ci90%": [
          0.0017905696469824742,
          3.140086019039154
        ],
        "ci95%": [
          0.000791410625970457,
          3.1407462656497955
        ]
      },
      {
        "param": "phase",
        "median": 3.399259567260742,
        "mean": 3.260772696981584,
        "map": 0.002864604350179434,
        "std": 2.616152347314081,
        "ci50%": [
          0.08155251108109951,
          6.271868467330933
        ],
        "ci68%": [
          0.00842825062572956,
          6.277565708160401
        ],
        "ci90%": [
          0.001973783131688833,
          6.281223177909851
        ],
        "ci95%": [
          0.0009042846751981428,
          6.282263088226318
        ]
      },
      {
        "param": "geocent_time",
        "median": 0.029099643230438232,
        "mean": 0.009131982425848643,
        "map": 0.023884177207946777,
        "std": 0.21928925463399293,
        "ci50%": [
          0.0008480846881866455,
          0.05768141150474548
        ],
        "ci68%": [
          -0.02131492614746094,
          0.06792393684387209
        ],
        "ci90%": [
          -0.14472600817680364,
          0.11384526491165127
        ],
        "ci95%": [
          -0.48732379376888224,
          0.24140802025794986
        ]
      },
      {
        "param": "a1",
        "median": 0.0006605237722396851,
        "mean": 0.1509553034901619,
        "map": 0.0005341172218322754,
        "std": 0.24647257901156966,
        "ci50%": [
          0.0,
          0.23269346356391907
        ],
        "ci68%": [
          0.0,
          0.41781199455261236
        ],
        "ci90%": [
          0.0,
          0.7387308806180952
        ],
        "ci95%": [
          0.0,
          0.8483407378196717
        ]
      },
      {
        "param": "a2",
        "median": 0.004309132695198059,
        "mean": 0.18478333460291227,
        "map": 0.000749051570892334,
        "std": 0.2878557823490349,
        "ci50%": [
          0.0004508867859840393,
          0.31815873086452484
        ],
        "ci68%": [
          0.0,
          0.5250991940498355
        ],
        "ci90%": [
          0.0,
          0.8537807434797283
        ],
        "ci95%": [
          0.0,
          0.9251650556921961
        ]
      }
    ],
    "diagnostics": {
      "runtime": {
        "preprocess_s": 0.158,
        "gwosc_fetch_s": 7.9,
        "encode_s": 0.057,
        "sampling_s": 4.633,
        "total_s": 12.75
      },
      "memory": {
        "rss_mb": 1725.1,
        "mps_allocated_mb": 138.1
      },
      "n_effective": 3000,
      "boundary_railing_frac": 0.552,
      "log_prob": {
        "median": -20.410086631774902,
        "max": 20.175182342529297
      },
      "ood_flags": [
        "55.2% of samples rail at the parameter bounds \u2014 the event may lie outside the training prior (out-of-distribution)"
      ],
      "context_ood": {
        "mahalanobis": 15.39,
        "percentile_vs_validation": 99.4
      },
      "verdict": {
        "confidence": "LOW",
        "reasons": [
          "context in the top 0.6% distance tail",
          "55% of posterior samples rail at prior bounds"
        ]
      },
      "refinement": {
        "refine": true,
        "refine_global": true,
        "untrusted_params": [],
        "strong_indicators": [
          "confidence LOW: context in the top 0.6% distance tail; 55% of posterior samples rail at prior bounds",
          "posterior median in severe mass-bias cell {'mc': 30, 'q': 0.9, 'theta_jn': 0.5} (m1 x1.46)",
          "chirp-mass posterior uninformative (90% width 120% of median)",
          "55% of samples rail at prior bounds"
        ],
        "moderate_indicators": [
          "context in top 0.6% OOD tail"
        ],
        "indicators": {
          "confidence": "LOW",
          "ood_percentile": 99.4,
          "bias_region": {
            "q_in_attractor": false,
            "cell": {
              "mc": 30,
              "q": 0.9,
              "theta_jn": 0.5
            },
            "m1_bias": 1.46,
            "dl_bias": 1.42,
            "severe_mass_bias": true
          },
          "mc_width_frac": 1.201,
          "railing_frac": 0.552
        },
        "recommendation": "run sampler refinement (compare_to_dynesty) before quoting these posteriors"
      }
    }
  },
  "covariance": [
    [
      497.0531604817393,
      -16.567543400486965,
      1706.5941093383424,
      -21.23309078124913,
      -0.8888718866110024,
      9.952520174464,
      -5.971146774533328,
      -0.9413230247923506,
      -0.5097340934751989,
      3.3225973079443514,
      3.701077451581756
    ],
    [
      -16.567543400486965,
      96.14773942099804,
      1515.8694899518862,
      3.9655171052366693,
      0.26843686010755996,
      -1.9538413660365102,
      1.0266490197119278,
      0.7310468125027632,
      0.2111133465263644,
      -0.09050876258917914,
      0.024495906206446007
    ],
    [
      1706.5941093383424,
      1515.8694899518862,
      104990.50066164114,
      -26.11359275255304,
      -2.3219518701432142,
      -14.276315759381715,
      1.39302102319793,
      24.67353419878266,
      4.7133990048634535,
      15.365552815138802,
      20.279084311062334
    ],
    [
      -21.23309078124913,
      3.9655171052366693,
      -26.11359275255304,
      4.992658000102111,
      0.0778564080467176,
      -0.7145723714251657,
      0.6223757749115068,
      0.7145398475969541,
      0.05055755054106187,
      -0.23146363179536172,
      -0.25064254425413973
    ],
    [
      -0.8888718866110024,
      0.26843686010755996,
      -2.3219518701432142,
      0.0778564080467176,
      0.12943739408880478,
      -0.03586586358131103,
      0.012073708759724674,
      0.07412226531824266,
      0.001727688148920664,
      -0.010969663601829648,
      -0.00828259281755045
    ],
    [
      9.952520174464,
      -1.9538413660365102,
      -14.276315759381715,
      -0.7145723714251657,
      -0.03586586358131103,
      0.5907578095989557,
      -0.24261280086120152,
      -0.12074199474710005,
      -0.013711348822920626,
      0.10491298391273207,
      0.12751712946273205
    ],
    [
      -5.971146774533328,
      1.0266490197119278,
      1.39302102319793,
      0.6223757749115068,
      0.012073708759724674,
      -0.24261280086120152,
      1.6584269501711608,
      0.44003650084696094,
      0.0121579838607598,
      -0.06406428161748112,
      -0.08466585596329256
    ],
    [
      -0.9413230247923506,
      0.7310468125027632,
      24.67353419878266,
      0.7145398475969541,
      0.07412226531824266,
      -0.12074199474710005,
      0.44003650084696094,
      6.846535282784569,
      -0.002395405729294572,
      -0.046915700864915144,
      -0.04913766925743201
    ],
    [
      -0.5097340934751989,
      0.2111133465263644,
      4.7133990048634535,
      0.05055755054106187,
      0.001727688148920664,
      -0.013711348822920626,
      0.0121579838607598,
      -0.002395405729294572,
      0.04810381180186622,
      -0.0035259011827934346,
      -0.001457965683186283
    ],
    [
      3.3225973079443514,
      -0.09050876258917914,
      15.365552815138802,
      -0.23146363179536172,
      -0.010969663601829648,
      0.10491298391273207,
      -0.06406428161748112,
      -0.046915700864915144,
      -0.0035259011827934346,
      0.06076898853412696,
      0.03853540067071542
    ],
    [
      3.701077451581756,
      0.024495906206446007,
      20.279084311062334,
      -0.25064254425413973,
      -0.00828259281755045,
      0.12751712946273205,
      -0.08466585596329256,
      -0.04913766925743201,
      -0.001457965683186283,
      0.03853540067071542,
      0.08288858095876075
    ]
  ],
  "correlation": [
    [
      0.9999999999999999,
      -0.07578568113854817,
      0.2362402095004273,
      -0.4262318390877208,
      -0.11081737798738532,
      0.5808004056762136,
      -0.20797357316982473,
      -0.01613622112255566,
      -0.10424434781779181,
      0.6045542591404053,
      0.5766063242738428
    ],
    [
      -0.07578568113854817,
      1.0,
      0.47710862726605147,
      0.1809940840599043,
      0.07609265382628962,
      -0.2592477676545247,
      0.08130257198657052,
      0.028493134206063888,
      0.098164939982684,
      -0.037443814460564134,
      0.008677140293587194
    ],
    [
      0.2362402095004273,
      0.4771086272660514,
      0.9999999999999998,
      -0.03606830344118322,
      -0.01991811931375409,
      -0.057323989245287366,
      0.003338370193112092,
      0.02910187245275449,
      0.06632380848255108,
      0.192367713281836,
      0.21738320381469403
    ],
    [
      -0.42623183908772083,
      0.18099408405990433,
      -0.03606830344118322,
      0.9999999999999998,
      0.09684976563909727,
      -0.41607878809974386,
      0.21629107436657202,
      0.12221517075699762,
      0.10316452193310696,
      -0.42021916013551236,
      -0.38962025768229885
    ],
    [
      -0.11081737798738531,
      0.07609265382628962,
      -0.01991811931375409,
      0.09684976563909727,
      1.0,
      -0.1297020009316589,
      0.026059293778072246,
      0.07873781847753086,
      0.021895039242154513,
      -0.12368653558423984,
      -0.07996299987919861
    ],
    [
      0.5808004056762137,
      -0.2592477676545247,
      -0.057323989245287366,
      -0.4160787880997438,
      -0.1297020009316589,
      1.0,
      -0.24510987163171394,
      -0.06003688976769365,
      -0.08133654076928068,
      0.5537114441417095,
      0.5762572994848125
    ],
    [
      -0.20797357316982473,
      0.08130257198657052,
      0.003338370193112092,
      0.21629107436657202,
      0.02605929377807225,
      -0.24510987163171397,
      1.0,
      0.13058855127680735,
      0.04304509229656811,
      -0.20180261208643444,
      -0.22835618440189281
    ],
    [
      -0.01613622112255566,
      0.028493134206063888,
      0.029101872452754488,
      0.12221517075699762,
      0.07873781847753086,
      -0.060036889767693655,
      0.13058855127680735,
      1.0,
      -0.00417401410963875,
      -0.07273472134693432,
      -0.06522765645597561
    ],
    [
      -0.10424434781779182,
      0.09816493998268401,
      0.06632380848255108,
      0.10316452193310695,
      0.021895039242154517,
      -0.0813365407692807,
      0.04304509229656811,
      -0.004174014109638749,
      1.0,
      -0.06521378191354921,
      -0.023089270075842754
    ],
    [
      0.6045542591404052,
      -0.037443814460564134,
      0.192367713281836,
      -0.4202191601355123,
      -0.12368653558423985,
      0.5537114441417095,
      -0.20180261208643444,
      -0.07273472134693432,
      -0.06521378191354921,
      0.9999999999999999,
      0.5429646089228457
    ],
    [
      0.5766063242738428,
      0.008677140293587194,
      0.21738320381469403,
      -0.3896202576822988,
      -0.07996299987919861,
      0.5762572994848125,
      -0.2283561844018928,
      -0.06522765645597561,
      -0.023089270075842754,
      0.5429646089228457,
      1.0
    ]
  ],
  "diagnostics": {
    "runtime": {
      "preprocess_s": 0.158,
      "gwosc_fetch_s": 7.9,
      "encode_s": 0.057,
      "sampling_s": 4.633,
      "total_s": 12.75
    },
    "memory": {
      "rss_mb": 1725.1,
      "mps_allocated_mb": 138.1
    },
    "n_effective": 3000,
    "boundary_railing_frac": 0.552,
    "log_prob": {
      "median": -20.410086631774902,
      "max": 20.175182342529297
    },
    "ood_flags": [
      "55.2% of samples rail at the parameter bounds \u2014 the event may lie outside the training prior (out-of-distribution)"
    ],
    "context_ood": {
      "mahalanobis": 15.39,
      "percentile_vs_validation": 99.4
    },
    "verdict": {
      "confidence": "LOW",
      "reasons": [
        "context in the top 0.6% distance tail",
        "55% of posterior samples rail at prior bounds"
      ]
    },
    "refinement": {
      "refine": true,
      "refine_global": true,
      "untrusted_params": [],
      "strong_indicators": [
        "confidence LOW: context in the top 0.6% distance tail; 55% of posterior samples rail at prior bounds",
        "posterior median in severe mass-bias cell {'mc': 30, 'q': 0.9, 'theta_jn': 0.5} (m1 x1.46)",
        "chirp-mass posterior uninformative (90% width 120% of median)",
        "55% of samples rail at prior bounds"
      ],
      "moderate_indicators": [
        "context in top 0.6% OOD tail"
      ],
      "indicators": {
        "confidence": "LOW",
        "ood_percentile": 99.4,
        "bias_region": {
          "q_in_attractor": false,
          "cell": {
            "mc": 30,
            "q": 0.9,
            "theta_jn": 0.5
          },
          "m1_bias": 1.46,
          "dl_bias": 1.42,
          "severe_mass_bias": true
        },
        "mc_width_frac": 1.201,
        "railing_frac": 0.552
      },
      "recommendation": "run sampler refinement (compare_to_dynesty) before quoting these posteriors"
    }
  },
  "config": {
    "model_path": "model/long_run/best_model.pth",
    "model_epoch": 18,
    "model_val_nll": 0.941044722834753,
    "premerger": false,
    "psd_cond": true,
    "device": "mps",
    "num_samples": 3000,
    "rank": 0,
    "seed": 0,
    "event": "GW170814",
    "event_type": "BBH",
    "source": "real",
    "detectors_present": [
      "H1",
      "L1",
      "V1"
    ]
  },
  "reproducibility": {
    "git_commit": "995121aff136ae38385b8720269d5a16cb7438f5",
    "model_path": "model/long_run/best_model.pth",
    "model_epoch": 18,
    "model_val_nll": 0.941044722834753,
    "premerger": false
  },
  "preprocessing": {
    "source": "real",
    "detectors_present": [
      "H1",
      "L1",
      "V1"
    ],
    "warnings": [],
    "quality": {
      "H1": {
        "finite": true,
        "std": 0.9792155623435974,
        "max_abs": 4.176636695861816,
        "excess_kurtosis": -0.002106904983520508,
        "repeated_frac": 0.0,
        "whitening_norm": 47.013954239306116
      },
      "L1": {
        "finite": true,
        "std": 0.9994204640388489,
        "max_abs": 3.956414222717285,
        "excess_kurtosis": -0.017106056213378906,
        "repeated_frac": 0.0,
        "whitening_norm": 45.957458531048935
      },
      "V1": {
        "finite": true,
        "std": 0.9578981399536133,
        "max_abs": 3.727754592895508,
        "excess_kurtosis": 0.03925657272338867,
        "repeated_frac": 0.0,
        "whitening_norm": 46.6550071260846
      }
    },
    "timings": {
      "preprocess_s": 0.158,
      "gwosc_fetch_s": 7.9
    }
  }
}