{
  "param_names": [
    "mass_1",
    "mass_2",
    "luminosity_distance",
    "ra",
    "dec",
    "theta_jn",
    "psi",
    "phase",
    "geocent_time",
    "a1",
    "a2"
  ],
  "trigger_gps": 1126259462.4,
  "truth": {
    "mass_1": 38.8,
    "mass_2": 33.4,
    "luminosity_distance": 440.0
  },
  "summary": {
    "n_samples": 10000,
    "trigger_gps": 1126259462.4,
    "parameters": [
      {
        "param": "mass_1",
        "median": 30.49295711517334,
        "mean": 37.30344557133913,
        "map": 31.77804946899414,
        "std": 27.946543029805124,
        "ci50%": [
          13.54093623161316,
          57.63397407531738
        ],
        "ci68%": [
          6.9139621353149385,
          71.1173324584961
        ],
        "ci90%": [
          1.786921316385269,
          90.25973854064941
        ],
        "ci95%": [
          1.4112658947706225,
          94.60925636291503
        ],
        "truth": 38.8,
        "truth_in_90": true
      },
      {
        "param": "mass_2",
        "median": 10.866604804992676,
        "mean": 15.897053294086456,
        "map": 30.002391815185547,
        "std": 15.600996357558785,
        "ci50%": [
          2.3472989201545715,
          25.450745582580566
        ],
        "ci68%": [
          1.7587059545516968,
          30.199837951660157
        ],
        "ci90%": [
          1.174548077583313,
          45.90823688507079
        ],
        "ci95%": [
          1.0704607486724853,
          58.47953777313231
        ],
        "truth": 33.4,
        "truth_in_90": true
      },
      {
        "param": "luminosity_distance",
        "median": 399.644287109375,
        "mean": 502.2604209526062,
        "map": 725.5557861328125,
        "std": 396.4858886343224,
        "ci50%": [
          181.61129760742188,
          769.3287200927734
        ],
        "ci68%": [
          117.54820373535156,
          905.9899975585939
        ],
        "ci90%": [
          49.26363506317138,
          1230.2890747070312
        ],
        "ci95%": [
          40.47455530166626,
          1458.9491271972654
        ],
        "truth": 440.0,
        "truth_in_90": true
      },
      {
        "param": "ra",
        "median": 1.4452853798866272,
        "mean": 2.84217385336356,
        "map": 0.023328417912125587,
        "std": 2.591799105828293,
        "ci50%": [
          0.33486419916152954,
          5.882775187492371
        ],
        "ci68%": [
          0.13337937355041501,
          6.063649959564209
        ],
        "ci90%": [
          0.005591839365661143,
          6.210554933547973
        ],
        "ci95%": [
          0.0032298283302225213,
          6.24536247253418
        ]
      },
      {
        "param": "dec",
        "median": -0.3184903860092163,
        "mean": -0.3423874121308327,
        "map": -0.00718998908996582,
        "std": 0.5201691386712668,
        "ci50%": [
          -0.7577791064977646,
          0.008633404970169067
        ],
        "ci68%": [
          -0.9273408031463624,
          0.14967362403869633
        ],
        "ci90%": [
          -1.183566790819168,
          0.4490509986877433
        ],
        "ci95%": [
          -1.2848780781030653,
          0.6244760155677788
        ]
      },
      {
        "param": "theta_jn",
        "median": 1.3151916861534119,
        "mean": 1.3502810275462613,
        "map": 0.003912568558007479,
        "std": 0.8390330512899373,
        "ci50%": [
          0.6781436651945114,
          2.063931465148926
        ],
        "ci68%": [
          0.406307771205902,
          2.306404962539674
        ],
        "ci90%": [
          0.0,
          2.687206959724426
        ],
        "ci95%": [
          0.0,
          2.814070916175842
        ]
      },
      {
        "param": "psi",
        "median": 1.60429048538208,
        "mean": 1.5923805628211973,
        "map": 0.0011419656220823526,
        "std": 0.9952220713205908,
        "ci50%": [
          0.7166101634502411,
          2.490325689315796
        ],
        "ci68%": [
          0.3639231967926025,
          2.7649866485595704
        ],
        "ci90%": [
          0.016840223595499953,
          3.120943236351013
        ],
        "ci95%": [
          0.001052013691514731,
          3.1403363406658173
        ]
      },
      {
        "param": "phase",
        "median": 3.080603241920471,
        "mean": 3.1122066722239747,
        "map": 0.006574283819645643,
        "std": 1.9860814148114618,
        "ci50%": [
          1.3549692928791046,
          4.8821961879730225
        ],
        "ci68%": [
          0.7592222452163696,
          5.512102451324464
        ],
        "ci90%": [
          0.0899112358689308,
          6.277585029602051
        ],
        "ci95%": [
          0.0038301536405924833,
          6.2812748670578005
        ]
      },
      {
        "param": "geocent_time",
        "median": 0.06559771299362183,
        "mean": 0.07200267854332924,
        "map": 0.32172513008117676,
        "std": 0.5922330786928502,
        "ci50%": [
          -0.26819106936454773,
          0.4556208848953247
        ],
        "ci68%": [
          -0.493720932006836,
          0.659133706092835
        ],
        "ci90%": [
          -1.0179917812347414,
          1.0597063183784483
        ],
        "ci95%": [
          -1.2368789881467819,
          1.2172002792358398
        ]
      },
      {
        "param": "a1",
        "median": 0.41447913646698,
        "mean": 0.4238060188382864,
        "map": 0.005345672369003296,
        "std": 0.32791926284624573,
        "ci50%": [
          0.06123360991477966,
          0.7228925675153732
        ],
        "ci68%": [
          0.025113251209259023,
          0.8187613153457644
        ],
        "ci90%": [
          7.922500371932964e-05,
          0.9398760378360749
        ],
        "ci95%": [
          0.0,
          0.9655529737472535
        ]
      },
      {
        "param": "a2",
        "median": 0.20440523326396942,
        "mean": 0.32111860057115554,
        "map": 0.0013099908828735352,
        "std": 0.3220164510078847,
        "ci50%": [
          0.029468752443790436,
          0.597936138510704
        ],
        "ci68%": [
          0.012868828773498531,
          0.7434553360939028
        ],
        "ci90%": [
          0.0,
          0.91029334962368
        ],
        "ci95%": [
          0.0,
          0.9457572534680366
        ]
      }
    ],
    "diagnostics": {
      "runtime": {
        "preprocess_s": 0.055,
        "gwosc_fetch_s": null,
        "encode_s": 2.363,
        "sampling_s": 9.345,
        "total_s": 12.116
      },
      "memory": {
        "rss_mb": 534.3,
        "mps_allocated_mb": 53.4
      },
      "n_effective": 10000,
      "boundary_railing_frac": 0.1369,
      "log_prob": {
        "median": -20.500887870788574,
        "max": 34.22637939453125
      },
      "ood_flags": [
        "V1: no data \u2014 filled with unit white noise (posterior uses remaining detectors only)",
        "13.7% of samples rail at the parameter bounds \u2014 the event may lie outside the training prior (out-of-distribution)"
      ],
      "context_ood": {
        "mahalanobis": 11.35,
        "percentile_vs_validation": 99.4
      },
      "verdict": {
        "confidence": "MEDIUM",
        "reasons": [
          "context in the top 0.6% distance tail"
        ]
      },
      "refinement": {
        "refine": true,
        "refine_global": true,
        "untrusted_params": [
          "mass_1",
          "mass_2"
        ],
        "strong_indicators": [
          "chirp-mass posterior uninformative (90% width 311% of median)"
        ],
        "moderate_indicators": [
          "confidence MEDIUM",
          "context in top 0.6% OOD tail",
          "V1: no data \u2014 filled with unit white noise (posterior uses remaining detectors only)",
          "14% boundary railing"
        ],
        "indicators": {
          "confidence": "MEDIUM",
          "ood_percentile": 99.4,
          "bias_region": {
            "q_in_attractor": true,
            "cell": {
              "mc": 20,
              "q": 0.4,
              "theta_jn": 1.57
            },
            "m1_bias": 1.1,
            "dl_bias": 4.79,
            "severe_mass_bias": false
          },
          "mc_width_frac": 3.107,
          "railing_frac": 0.1369
        },
        "recommendation": "run sampler refinement (compare_to_dynesty) before quoting these posteriors"
      }
    }
  },
  "covariance": [
    [
      781.0873760543541,
      224.70980787377425,
      5833.073552492244,
      2.254945404074654,
      -0.5474045362073993,
      0.6344639291621103,
      -0.33055598342305686,
      0.2806870425785236,
      -1.6618669182508723,
      2.5061472848733928,
      1.9738079290578823
    ],
    [
      224.70980787377425,
      243.4154288914513,
      4685.372805515709,
      -3.741348245169147,
      0.29938167424035306,
      -1.9073356208737355,
      -0.2292977960873633,
      1.4321942069217535,
      -0.8115959939007067,
      0.1921678485614905,
      1.0604553458042465
    ],
    [
      5833.073552492244,
      4685.372805515709,
      157216.78156430527,
      -78.01127766378114,
      12.38734663918878,
      -62.24738977257136,
      -11.514460258058234,
      31.014898222244934,
      -23.049154487001328,
      8.284809480448104,
      28.234669307319923
    ],
    [
      2.254945404074654,
      -3.741348245169147,
      -78.01127766378114,
      6.718094414413788,
      -0.22632259131057436,
      0.3648355809338629,
      0.010729690787888203,
      0.007837272235076864,
      0.03913169050857534,
      0.10998050888275275,
      0.03776472689187948
    ],
    [
      -0.5474045362073993,
      0.29938167424035306,
      12.38734663918878,
      -0.22632259131057436,
      0.2706029931253201,
      -0.04366086734295656,
      -0.010162040852992297,
      0.050492422019982094,
      0.003977999055669077,
      -0.01647681947555588,
      -0.011237958814303964
    ],
    [
      0.6344639291621103,
      -1.9073356208737355,
      -62.24738977257136,
      0.3648355809338629,
      -0.04366086734295656,
      0.704046865843484,
      -0.02289645463246792,
      -0.086136541327278,
      0.00836380382108908,
      0.05419553469522872,
      0.03957161730284449
    ],
    [
      -0.33055598342305686,
      -0.2292977960873633,
      -11.514460258058234,
      0.010729690787888203,
      -0.010162040852992297,
      -0.02289645463246792,
      0.990566027846433,
      0.05314786816805348,
      0.008405063490860816,
      0.005688041828517123,
      -0.0030087543116924594
    ],
    [
      0.2806870425785236,
      1.4321942069217535,
      31.014898222244934,
      0.007837272235076864,
      0.050492422019982094,
      -0.086136541327278,
      0.05314786816805348,
      3.944913877647269,
      0.017896287356136735,
      -0.02705182842091766,
      -0.017721373471605406
    ],
    [
      -1.6618669182508723,
      -0.8115959939007067,
      -23.049154487001328,
      0.03913169050857534,
      0.003977999055669077,
      0.00836380382108908,
      0.008405063490860816,
      0.017896287356136735,
      0.35077509700771015,
      -0.0024410496967533003,
      -0.00805092481482715
    ],
    [
      2.5061472848733928,
      0.1921678485614905,
      8.284809480448104,
      0.10998050888275275,
      -0.01647681947555588,
      0.05419553469522872,
      0.005688041828517123,
      -0.02705182842091766,
      -0.0024410496967533003,
      0.10754179712533767,
      0.034372178427517636
    ],
    [
      1.9738079290578823,
      1.0604553458042465,
      28.234669307319923,
      0.03776472689187948,
      -0.011237958814303964,
      0.03957161730284449,
      -0.0030087543116924594,
      -0.017721373471605406,
      -0.00805092481482715,
      0.034372178427517636,
      0.1037049652162338
    ]
  ],
  "correlation": [
    [
      1.0,
      0.5153451198286724,
      0.5263785611551298,
      0.031128856717320276,
      -0.03765236712625287,
      0.027055548463575076,
      -0.011883749773538973,
      0.005056544016136638,
      -0.10039961711587804,
      0.27344383506300296,
      0.21930841936264905
    ],
    [
      0.5153451198286724,
      0.9999999999999999,
      0.7573918901049813,
      -0.09251902161862133,
      0.03688797913077083,
      -0.14569756164479333,
      -0.014766722531024123,
      0.046217781835166304,
      -0.08783173599849114,
      0.03755934689405643,
      0.21106613592057255
    ],
    [
      0.5263785611551298,
      0.7573918901049813,
      1.0,
      -0.07590753501376489,
      0.06005684895795082,
      -0.1870987600562218,
      -0.02917779171113186,
      0.03938239704925988,
      -0.0981501960347827,
      0.06371540238384123,
      0.22112277691847806
    ],
    [
      0.031128856717320273,
      -0.09251902161862133,
      -0.0759075350137649,
      1.0,
      -0.16785665234042327,
      0.1677541799874427,
      0.004159321013928495,
      0.0015223801685148037,
      0.02549125291075251,
      0.12939098783520614,
      0.045244263362855294
    ],
    [
      -0.03765236712625287,
      0.036887979130770826,
      0.06005684895795081,
      -0.16785665234042324,
      0.9999999999999998,
      -0.10002885006318765,
      -0.019627858741640025,
      0.04886986532416819,
      0.012911717071602448,
      -0.0965869474228869,
      -0.06708437269483176
    ],
    [
      0.027055548463575076,
      -0.14569756164479336,
      -0.18709876005622184,
      0.1677541799874427,
      -0.10002885006318765,
      1.0,
      -0.02741736668185537,
      -0.05168539996636393,
      0.01683017671809491,
      0.19695820418502566,
      0.1464479310435004
    ],
    [
      -0.011883749773538971,
      -0.014766722531024123,
      -0.029177791711131863,
      0.004159321013928495,
      -0.019627858741640025,
      -0.02741736668185537,
      1.0,
      0.026885949038849832,
      0.014258863349747243,
      0.017427392875914365,
      -0.009387398101118499
    ],
    [
      0.0050565440161366385,
      0.046217781835166304,
      0.03938239704925988,
      0.001522380168514804,
      0.048869865324168184,
      -0.05168539996636393,
      0.026885949038849832,
      0.9999999999999999,
      0.015213523321096467,
      -0.04153260924955966,
      -0.02770631962182346
    ],
    [
      -0.10039961711587804,
      -0.08783173599849113,
      -0.09815019603478269,
      0.025491252910752514,
      0.012911717071602448,
      0.016830176718094912,
      0.014258863349747243,
      0.015213523321096468,
      1.0,
      -0.012568214949321482,
      -0.042211581051493904
    ],
    [
      0.27344383506300296,
      0.03755934689405643,
      0.06371540238384121,
      0.12939098783520614,
      -0.0965869474228869,
      0.19695820418502566,
      0.017427392875914365,
      -0.04153260924955966,
      -0.012568214949321482,
      1.0,
      0.32547575091676373
    ],
    [
      0.21930841936264903,
      0.21106613592057252,
      0.22112277691847806,
      0.045244263362855294,
      -0.06708437269483176,
      0.1464479310435004,
      -0.009387398101118499,
      -0.027706319621823457,
      -0.042211581051493904,
      0.3254757509167638,
      1.0
    ]
  ],
  "diagnostics": {
    "runtime": {
      "preprocess_s": 0.055,
      "gwosc_fetch_s": null,
      "encode_s": 2.363,
      "sampling_s": 9.345,
      "total_s": 12.116
    },
    "memory": {
      "rss_mb": 534.3,
      "mps_allocated_mb": 53.4
    },
    "n_effective": 10000,
    "boundary_railing_frac": 0.1369,
    "log_prob": {
      "median": -20.500887870788574,
      "max": 34.22637939453125
    },
    "ood_flags": [
      "V1: no data \u2014 filled with unit white noise (posterior uses remaining detectors only)",
      "13.7% of samples rail at the parameter bounds \u2014 the event may lie outside the training prior (out-of-distribution)"
    ],
    "context_ood": {
      "mahalanobis": 11.35,
      "percentile_vs_validation": 99.4
    },
    "verdict": {
      "confidence": "MEDIUM",
      "reasons": [
        "context in the top 0.6% distance tail"
      ]
    },
    "refinement": {
      "refine": true,
      "refine_global": true,
      "untrusted_params": [
        "mass_1",
        "mass_2"
      ],
      "strong_indicators": [
        "chirp-mass posterior uninformative (90% width 311% of median)"
      ],
      "moderate_indicators": [
        "confidence MEDIUM",
        "context in top 0.6% OOD tail",
        "V1: no data \u2014 filled with unit white noise (posterior uses remaining detectors only)",
        "14% boundary railing"
      ],
      "indicators": {
        "confidence": "MEDIUM",
        "ood_percentile": 99.4,
        "bias_region": {
          "q_in_attractor": true,
          "cell": {
            "mc": 20,
            "q": 0.4,
            "theta_jn": 1.57
          },
          "m1_bias": 1.1,
          "dl_bias": 4.79,
          "severe_mass_bias": false
        },
        "mc_width_frac": 3.107,
        "railing_frac": 0.1369
      },
      "recommendation": "run sampler refinement (compare_to_dynesty) before quoting these posteriors"
    }
  },
  "config": {
    "model_path": "model/lean_coherentC/best_model.pth",
    "model_epoch": 40,
    "model_val_nll": 1.3679874420166016,
    "premerger": false,
    "psd_cond": true,
    "device": "mps",
    "num_samples": 10000,
    "rank": 0,
    "seed": 0,
    "event": null,
    "event_type": "BBH",
    "source": "real",
    "detectors_present": [
      "H1",
      "L1"
    ]
  },
  "reproducibility": {
    "git_commit": "995121aff136ae38385b8720269d5a16cb7438f5",
    "model_path": "model/lean_coherentC/best_model.pth",
    "model_epoch": 40,
    "model_val_nll": 1.3679874420166016,
    "premerger": false
  },
  "preprocessing": {
    "source": "real",
    "detectors_present": [
      "H1",
      "L1"
    ],
    "warnings": [
      "V1: no data \u2014 filled with unit white noise (posterior uses remaining detectors only)"
    ],
    "quality": {
      "H1": {
        "finite": true,
        "std": 1.0123380422592163,
        "max_abs": 4.5542802810668945,
        "excess_kurtosis": -0.046918630599975586,
        "repeated_frac": 0.0,
        "whitening_norm": 45.72268702782366
      },
      "L1": {
        "finite": true,
        "std": 0.9647899866104126,
        "max_abs": 3.8245933055877686,
        "excess_kurtosis": 0.05527663230895996,
        "repeated_frac": 0.0,
        "whitening_norm": 47.181583593158
      }
    },
    "timings": {
      "preprocess_s": 0.055
    }
  }
}