{
  "param_names": [
    "mass_1",
    "mass_2",
    "luminosity_distance",
    "ra",
    "dec",
    "theta_jn",
    "psi",
    "phase",
    "geocent_time",
    "a1",
    "a2"
  ],
  "trigger_gps": 1126259462.4,
  "truth": {
    "mass_1": 38.8,
    "mass_2": 33.4,
    "luminosity_distance": 440.0
  },
  "summary": {
    "n_samples": 10000,
    "trigger_gps": 1126259462.4,
    "parameters": [
      {
        "param": "mass_1",
        "median": 65.85020446777344,
        "mean": 68.01009189230204,
        "map": 29.732587814331055,
        "std": 14.770783578579024,
        "ci50%": [
          56.91754913330078,
          79.54356002807617
        ],
        "ci68%": [
          53.68447387695312,
          84.65142517089845
        ],
        "ci90%": [
          48.30355091094971,
          92.70336761474609
        ],
        "ci95%": [
          45.71604204177857,
          95.40054378509521
        ],
        "truth": 38.8,
        "truth_in_90": false
      },
      {
        "param": "mass_2",
        "median": 38.26689910888672,
        "mean": 38.33217344437838,
        "map": 29.580610275268555,
        "std": 10.513610614836425,
        "ci50%": [
          31.34289264678955,
          45.26710510253906
        ],
        "ci68%": [
          28.445943908691405,
          48.34519653320313
        ],
        "ci90%": [
          22.72153615951538,
          54.24139728546141
        ],
        "ci95%": [
          20.194935417175294,
          57.03870048522949
        ],
        "truth": 33.4,
        "truth_in_90": true
      },
      {
        "param": "luminosity_distance",
        "median": 1529.0701904296875,
        "mean": 1488.8076457328796,
        "map": 941.4580688476562,
        "std": 349.397209400361,
        "ci50%": [
          1272.3223266601562,
          1740.8218383789062
        ],
        "ci68%": [
          1139.756845703125,
          1838.6410595703128
        ],
        "ci90%": [
          870.5029388427733,
          1993.7773010253907
        ],
        "ci95%": [
          756.4185607910157,
          2041.4928131103516
        ],
        "truth": 440.0,
        "truth_in_90": false
      },
      {
        "param": "ra",
        "median": 3.8805915117263794,
        "mean": 3.1556871868424814,
        "map": 0.03596203774213791,
        "std": 1.746738361114306,
        "ci50%": [
          1.359305053949356,
          4.675438284873962
        ],
        "ci68%": [
          1.106406798362732,
          4.8851320266723635
        ],
        "ci90%": [
          0.6194929212331771,
          5.432741165161133
        ],
        "ci95%": [
          0.36485345810651854,
          5.7285287261009215
        ]
      },
      {
        "param": "dec",
        "median": 0.0962797999382019,
        "mean": 0.12279578442573548,
        "map": 0.01646244525909424,
        "std": 0.8325532760064002,
        "ci50%": [
          -0.5993942618370056,
          0.8708198070526123
        ],
        "ci68%": [
          -0.815196418762207,
          1.0402419137954713
        ],
        "ci90%": [
          -1.1746409356594085,
          1.3364199876785274
        ],
        "ci95%": [
          -1.2445536643266677,
          1.4129543542861935
        ]
      },
      {
        "param": "theta_jn",
        "median": 1.3824728727340698,
        "mean": 1.572979322415823,
        "map": 0.005806450732052326,
        "std": 0.7471715178229115,
        "ci50%": [
          0.9517963975667953,
          2.314047932624817
        ],
        "ci68%": [
          0.8134560012817381,
          2.4542909908294686
        ],
        "ci90%": [
          0.5114969879388809,
          2.6700297236442565
        ],
        "ci95%": [
          0.3533534079790117,
          2.7515513956546784
        ]
      },
      {
        "param": "psi",
        "median": 1.6726915836334229,
        "mean": 1.61576425352082,
        "map": 0.00402885302901268,
        "std": 0.890737706450712,
        "ci50%": [
          0.8880646228790283,
          2.381885051727295
        ],
        "ci68%": [
          0.5936696815490722,
          2.6566867446899427
        ],
        "ci90%": [
          0.15663583725690836,
          2.9586993932723997
        ],
        "ci95%": [
          0.07707285471260555,
          3.049267429113388
        ]
      },
      {
        "param": "phase",
        "median": 4.131897687911987,
        "mean": 3.8374986945148075,
        "map": 0.017101677134633064,
        "std": 1.859216211268487,
        "ci50%": [
          2.395922899246216,
          5.542494773864746
        ],
        "ci68%": [
          1.6056202983856198,
          5.789961280822755
        ],
        "ci90%": [
          0.363113796710968,
          6.146413230895996
        ],
        "ci95%": [
          0.14124698191881194,
          6.218507027626037
        ]
      },
      {
        "param": "geocent_time",
        "median": 0.028953373432159424,
        "mean": 0.023385964900255202,
        "map": 0.038504838943481445,
        "std": 0.10388905498640591,
        "ci50%": [
          0.01285603642463684,
          0.03916868567466736
        ],
        "ci68%": [
          0.008253755569458008,
          0.04290524482727051
        ],
        "ci90%": [
          0.000530135631561279,
          0.051507735252380366
        ],
        "ci95%": [
          -0.004446363449096675,
          0.057596030831336964
        ]
      },
      {
        "param": "a1",
        "median": 0.6226410865783691,
        "mean": 0.5980634653508663,
        "map": 0.002041846513748169,
        "std": 0.21905970352619672,
        "ci50%": [
          0.4568919390439987,
          0.7555029690265656
        ],
        "ci68%": [
          0.38252128005027763,
          0.815567126274109
        ],
        "ci90%": [
          0.18277277946472165,
          0.9330347269773483
        ],
        "ci95%": [
          0.084299273788929,
          0.9524484649300575
        ]
      },
      {
        "param": "a2",
        "median": 0.5371136367321014,
        "mean": 0.5263457175433636,
        "map": 0.0043897926807403564,
        "std": 0.261075900444784,
        "ci50%": [
          0.32442557066679,
          0.7316262722015381
        ],
        "ci68%": [
          0.23539604425430297,
          0.7992342376708985
        ],
        "ci90%": [
          0.07011341899633405,
          0.9524386167526244
        ],
        "ci95%": [
          0.037683097273111345,
          0.9714774116873741
        ]
      }
    ],
    "diagnostics": {
      "runtime": {
        "preprocess_s": 0.076,
        "gwosc_fetch_s": null,
        "encode_s": 0.201,
        "sampling_s": 4.38,
        "total_s": 4.739
      },
      "memory": {
        "rss_mb": 728.6,
        "mps_allocated_mb": 33.1
      },
      "n_effective": 10000,
      "boundary_railing_frac": 0.0299,
      "log_prob": {
        "median": -14.723618507385254,
        "max": 17.68429946899414
      },
      "ood_flags": [
        "V1: no data \u2014 filled with unit white noise (posterior uses remaining detectors only)"
      ],
      "context_ood": {
        "mahalanobis": 15.17,
        "percentile_vs_validation": 96.9
      },
      "verdict": {
        "confidence": "HIGH",
        "reasons": [
          "V1: no data \u2014 filled with unit white noise (posterior uses remaining detectors only)"
        ]
      }
    }
  },
  "covariance": [
    [
      218.197867311951,
      -31.201844160683653,
      1008.6976847338768,
      0.3611963457668317,
      0.7644219634503768,
      -0.07894595969673171,
      -0.6953435913408426,
      -1.417444460706028,
      0.11107617937284885,
      0.9960323051628657,
      0.5490942924405405
    ],
    [
      -31.201844160683653,
      110.54706286668784,
      1325.7707751423113,
      0.13670640528693478,
      -0.1741824312071579,
      1.0218604388698334,
      0.35117346394253673,
      1.9000737001810453,
      0.06901211416798547,
      1.1004696995976389,
      0.5783781099074131
    ],
    [
      1008.6976847338768,
      1325.7707751423113,
      122090.61899865956,
      37.42892239771051,
      10.446532454563469,
      6.36431553502683,
      -3.044141394142653,
      56.83775709763152,
      3.435563060892124,
      25.94889232462808,
      11.149862712557168
    ],
    [
      0.3611963457668317,
      0.13670640528693478,
      37.42892239771051,
      3.051400042192512,
      0.7937695627399682,
      -0.07312904166414201,
      0.004333464750342961,
      -0.04816767802520689,
      0.015291982273218301,
      0.020403630800345154,
      0.1007597478464928
    ],
    [
      0.7644219634503768,
      -0.1741824312071579,
      10.446532454563469,
      0.7937695627399682,
      0.6932142788168709,
      -0.005139423898342634,
      0.011053528657385523,
      0.005406652808352734,
      0.009060709584626958,
      0.015506863342049471,
      0.033736386289523065
    ],
    [
      -0.07894595969673171,
      1.0218604388698334,
      6.36431553502683,
      -0.07312904166414201,
      -0.005139423898342634,
      0.5583211091567089,
      -0.022745753679749108,
      -0.08903927857731647,
      0.0003208567658702601,
      0.014472549959940175,
      0.010702829509540572
    ],
    [
      -0.6953435913408426,
      0.35117346394253673,
      -3.044141394142653,
      0.004333464750342961,
      0.011053528657385523,
      -0.022745753679749108,
      0.7934930109941744,
      -0.10731005974712178,
      -0.00010321765826646708,
      -0.005603076481145139,
      0.009514634886970248
    ],
    [
      -1.417444460706028,
      1.9000737001810453,
      56.83775709763152,
      -0.04816767802520689,
      0.005406652808352734,
      -0.08903927857731647,
      -0.10731005974712178,
      3.4570306233058776,
      -0.0022689725242379328,
      0.010616323936987774,
      0.012225653504096
    ],
    [
      0.11107617937284885,
      0.06901211416798547,
      3.435563060892124,
      0.015291982273218301,
      0.009060709584626958,
      0.0003208567658702601,
      -0.00010321765826646708,
      -0.0022689725242379328,
      0.01079401514748322,
      0.0003889358948200514,
      0.0011527815144043844
    ],
    [
      0.9960323051628657,
      1.1004696995976389,
      25.94889232462808,
      0.020403630800345154,
      0.015506863342049471,
      0.014472549959940175,
      -0.005603076481145139,
      0.010616323936987774,
      0.0003889358948200514,
      0.04799195290427563,
      0.0019882720625644707
    ],
    [
      0.5490942924405405,
      0.5783781099074131,
      11.149862712557168,
      0.1007597478464928,
      0.033736386289523065,
      0.010702829509540572,
      0.009514634886970248,
      0.012225653504096,
      0.0011527815144043844,
      0.0019882720625644707,
      0.0681674425373085
    ]
  ],
  "correlation": [
    [
      1.0,
      -0.20090068084746804,
      0.19543152703615313,
      0.013998081676676372,
      0.06215472598638875,
      -0.007152578514479232,
      -0.05284484795113962,
      -0.05160944479383112,
      0.07237759879676771,
      0.3077967022059,
      0.1423748168395582
    ],
    [
      -0.20090068084746804,
      1.0,
      0.360872417858826,
      0.007443302777922052,
      -0.01989743039203683,
      0.13006964582422104,
      0.03749527424131475,
      0.09719529209505617,
      0.0631771770483707,
      0.4777715373837049,
      0.21069282351584334
    ],
    [
      0.19543152703615316,
      0.360872417858826,
      1.0,
      0.061322041105833745,
      0.03590849970067114,
      0.02437634183416567,
      -0.009780298725582382,
      0.08748713014994641,
      0.09463793712558102,
      0.3389951343545582,
      0.12221932245932685
    ],
    [
      0.013998081676676372,
      0.007443302777922053,
      0.06132204110583375,
      1.0,
      0.545771832704143,
      -0.0560271181231786,
      0.0027849290882081307,
      -0.014830456655229675,
      0.08426024166075244,
      0.05331797800147663,
      0.22092710298017704
    ],
    [
      0.06215472598638875,
      -0.01989743039203683,
      0.035908499700671136,
      0.5457718327041429,
      0.9999999999999999,
      -0.008261114959899877,
      0.014903752805907899,
      0.003492553912480779,
      0.10474587984327369,
      0.08501704354048033,
      0.1551944944708257
    ],
    [
      -0.0071525785144792315,
      0.13006964582422104,
      0.02437634183416567,
      -0.05602711812317859,
      -0.008261114959899877,
      0.9999999999999999,
      -0.0341732870621559,
      -0.06408966406689579,
      0.004133116681875151,
      0.08841354862094691,
      0.054861551194840444
    ],
    [
      -0.05284484795113962,
      0.03749527424131474,
      -0.009780298725582384,
      0.002784929088208131,
      0.0149037528059079,
      -0.03417328706215591,
      1.0,
      -0.06479138600653661,
      -0.0011152980357485329,
      -0.028712485325774136,
      0.040910244408485286
    ],
    [
      -0.05160944479383112,
      0.09719529209505617,
      0.08748713014994641,
      -0.014830456655229675,
      0.0034925539124807795,
      -0.06408966406689579,
      -0.06479138600653661,
      1.0,
      -0.011745894938809268,
      0.0260638361646459,
      0.02518442091818233
    ],
    [
      0.0723775987967677,
      0.0631771770483707,
      0.09463793712558101,
      0.08426024166075244,
      0.10474587984327369,
      0.004133116681875151,
      -0.0011152980357485329,
      -0.011745894938809268,
      1.0,
      0.01708843547922711,
      0.0424978531718443
    ],
    [
      0.30779670220589994,
      0.4777715373837049,
      0.3389951343545582,
      0.05331797800147664,
      0.08501704354048031,
      0.0884135486209469,
      -0.028712485325774136,
      0.0260638361646459,
      0.017088435479227105,
      0.9999999999999999,
      0.034761867391489544
    ],
    [
      0.14237481683955822,
      0.21069282351584334,
      0.12221932245932683,
      0.22092710298017704,
      0.1551944944708257,
      0.05486155119484045,
      0.04091024440848528,
      0.025184420918182335,
      0.0424978531718443,
      0.034761867391489544,
      1.0
    ]
  ],
  "diagnostics": {
    "runtime": {
      "preprocess_s": 0.076,
      "gwosc_fetch_s": null,
      "encode_s": 0.201,
      "sampling_s": 4.38,
      "total_s": 4.739
    },
    "memory": {
      "rss_mb": 728.6,
      "mps_allocated_mb": 33.1
    },
    "n_effective": 10000,
    "boundary_railing_frac": 0.0299,
    "log_prob": {
      "median": -14.723618507385254,
      "max": 17.68429946899414
    },
    "ood_flags": [
      "V1: no data \u2014 filled with unit white noise (posterior uses remaining detectors only)"
    ],
    "context_ood": {
      "mahalanobis": 15.17,
      "percentile_vs_validation": 96.9
    },
    "verdict": {
      "confidence": "HIGH",
      "reasons": [
        "V1: no data \u2014 filled with unit white noise (posterior uses remaining detectors only)"
      ]
    }
  },
  "config": {
    "model_path": "model/lean_npe_v3/best_model.pth",
    "model_epoch": 20,
    "model_val_nll": -0.7119142274837941,
    "premerger": false,
    "device": "mps",
    "num_samples": 10000,
    "rank": 0,
    "seed": 0,
    "event": null,
    "event_type": "BBH",
    "source": "real",
    "detectors_present": [
      "H1",
      "L1"
    ]
  },
  "reproducibility": {
    "git_commit": "ece3a0f52ab84627ddf97e05fe430a015d6b5523",
    "model_path": "model/lean_npe_v3/best_model.pth",
    "model_epoch": 20,
    "model_val_nll": -0.7119142274837941,
    "premerger": false
  },
  "preprocessing": {
    "source": "real",
    "detectors_present": [
      "H1",
      "L1"
    ],
    "warnings": [
      "V1: no data \u2014 filled with unit white noise (posterior uses remaining detectors only)"
    ],
    "quality": {
      "H1": {
        "finite": true,
        "std": 1.0123380422592163,
        "max_abs": 4.5542802810668945,
        "excess_kurtosis": -0.046918630599975586,
        "repeated_frac": 0.0,
        "whitening_norm": 45.72268702782404
      },
      "L1": {
        "finite": true,
        "std": 0.9647899866104126,
        "max_abs": 3.8245933055877686,
        "excess_kurtosis": 0.05527663230895996,
        "repeated_frac": 0.0,
        "whitening_norm": 47.181583593158145
      }
    },
    "timings": {
      "preprocess_s": 0.076
    }
  }
}