{
  "param_names": [
    "mass_1",
    "mass_2",
    "luminosity_distance",
    "ra",
    "dec",
    "theta_jn",
    "psi",
    "phase",
    "geocent_time",
    "a1",
    "a2"
  ],
  "trigger_gps": 1167559936.6,
  "truth": null,
  "summary": {
    "n_samples": 3000,
    "trigger_gps": 1167559936.6,
    "parameters": [
      {
        "param": "mass_1",
        "median": 56.15097236633301,
        "mean": 58.34861402225494,
        "map": 30.722064971923828,
        "std": 18.59479400517481,
        "ci50%": [
          45.802433013916016,
          70.41962051391602
        ],
        "ci68%": [
          40.84440521240234,
          79.18175964355468
        ],
        "ci90%": [
          30.049472904205324,
          91.67619171142577
        ],
        "ci95%": [
          29.781148290634157,
          96.34000186920166
        ]
      },
      {
        "param": "mass_2",
        "median": 25.975638389587402,
        "mean": 26.851091873804727,
        "map": 29.39163589477539,
        "std": 11.705062831881069,
        "ci50%": [
          18.84682559967041,
          34.16541767120361
        ],
        "ci68%": [
          15.78708568572998,
          38.341311340332034
        ],
        "ci90%": [
          10.036047267913816,
          46.58264656066894
        ],
        "ci95%": [
          2.3994555473327686,
          50.67871494293213
        ]
      },
      {
        "param": "luminosity_distance",
        "median": 1529.06396484375,
        "mean": 1481.0017608324686,
        "map": 1215.708984375,
        "std": 396.0730887005263,
        "ci50%": [
          1242.9604797363281,
          1786.0463256835938
        ],
        "ci68%": [
          1089.522607421875,
          1891.471142578125
        ],
        "ci90%": [
          783.3599517822265,
          2013.0003662109375
        ],
        "ci95%": [
          584.4513732910167,
          2055.0703857421877
        ]
      },
      {
        "param": "ra",
        "median": 3.5327389240264893,
        "mean": 3.364965390583544,
        "map": 0.06221573054790497,
        "std": 1.8981303126702744,
        "ci50%": [
          1.7153297066688538,
          5.066218137741089
        ],
        "ci68%": [
          1.0921873235702513,
          5.54738037109375
        ],
        "ci90%": [
          0.19416924864053717,
          6.090745615959167
        ],
        "ci95%": [
          0.03579692393541337,
          6.1932531833648685
        ]
      },
      {
        "param": "dec",
        "median": -0.01375514268875122,
        "mean": 0.03288601342837016,
        "map": 0.0023725032806396484,
        "std": 0.7127097406258311,
        "ci50%": [
          -0.482673704624176,
          0.5836557149887085
        ],
        "ci68%": [
          -0.6914826273918152,
          0.8271806573867801
        ],
        "ci90%": [
          -1.1418974936008455,
          1.2823397874832148
        ],
        "ci95%": [
          -1.2305522084236145,
          1.3685694158077242
        ]
      },
      {
        "param": "theta_jn",
        "median": 1.4032903909683228,
        "mean": 1.468121266474579,
        "map": 0.005654307082295418,
        "std": 0.6754163231408845,
        "ci50%": [
          1.0129178762435913,
          2.022564113140106
        ],
        "ci68%": [
          0.8459442090988158,
          2.226473569869995
        ],
        "ci90%": [
          0.20012750849127764,
          2.5152613043785097
        ],
        "ci95%": [
          0.0012039956898661339,
          2.65872004032135
        ]
      },
      {
        "param": "psi",
        "median": 1.8452949523925781,
        "mean": 1.7637486478884088,
        "map": 0.002028611022979021,
        "std": 0.891985971958468,
        "ci50%": [
          1.060370922088623,
          2.5312305688858032
        ],
        "ci68%": [
          0.7663512897491455,
          2.770496892929078
        ],
        "ci90%": [
          0.1579861991107461,
          3.04845290184021
        ],
        "ci95%": [
          0.0037693877064157327,
          3.1107641339302066
        ]
      },
      {
        "param": "phase",
        "median": 3.4430012702941895,
        "mean": 3.3615844388786416,
        "map": 0.0048015546053647995,
        "std": 1.959393791379526,
        "ci50%": [
          1.7604517042636871,
          5.2340989112854
        ],
        "ci68%": [
          1.0417177343368529,
          5.679397506713867
        ],
        "ci90%": [
          0.13503539711236942,
          6.199784040451049
        ],
        "ci95%": [
          0.018933619279414546,
          6.258497548103333
        ]
      },
      {
        "param": "geocent_time",
        "median": -0.00214993953704834,
        "mean": -0.008096264004707336,
        "map": -0.0009734630584716797,
        "std": 0.16892362467915062,
        "ci50%": [
          -0.013837367296218872,
          0.008498042821884155
        ],
        "ci68%": [
          -0.01914648056030274,
          0.014081344604492192
        ],
        "ci90%": [
          -0.03393017649650574,
          0.03259817361831665
        ],
        "ci95%": [
          -0.05523265004158017,
          0.0694020420312882
        ]
      },
      {
        "param": "a1",
        "median": 0.4564482271671295,
        "mean": 0.4595275423824787,
        "map": 0.0008527040481567383,
        "std": 0.28173802344389276,
        "ci50%": [
          0.23658175021409988,
          0.689955547451973
        ],
        "ci68%": [
          0.11244605302810669,
          0.7760192298889163
        ],
        "ci90%": [
          0.0065654024481773335,
          0.9241991758346557
        ],
        "ci95%": [
          0.0,
          0.9535164654254915
        ]
      },
      {
        "param": "a2",
        "median": 0.38308703899383545,
        "mean": 0.41094028932849563,
        "map": 0.002057194709777832,
        "std": 0.28477728489387255,
        "ci50%": [
          0.16185710579156876,
          0.6235967725515366
        ],
        "ci68%": [
          0.08103400945663451,
          0.7393373942375185
        ],
        "ci90%": [
          0.0032508328557014424,
          0.9258257448673246
        ],
        "ci95%": [
          0.0,
          0.9616323798894882
        ]
      }
    ],
    "diagnostics": {
      "runtime": {
        "preprocess_s": 0.057,
        "gwosc_fetch_s": 5.22,
        "encode_s": 0.005,
        "sampling_s": 1.261,
        "total_s": 6.545
      },
      "memory": {
        "rss_mb": 4347.3,
        "mps_allocated_mb": 85.7
      },
      "n_effective": 3000,
      "boundary_railing_frac": 0.066,
      "log_prob": {
        "median": -16.97663116455078,
        "max": 37.254669189453125
      },
      "ood_flags": [
        "V1: no data \u2014 filled with unit white noise (posterior uses remaining detectors only)",
        "6.6% of samples rail at the parameter bounds \u2014 the event may lie outside the training prior (out-of-distribution)"
      ],
      "context_ood": {
        "mahalanobis": 12.74,
        "percentile_vs_validation": 89.5
      },
      "verdict": {
        "confidence": "MEDIUM",
        "reasons": [
          "7% boundary railing"
        ]
      },
      "refinement": {
        "refine": true,
        "refine_global": true,
        "untrusted_params": [
          "mass_1",
          "mass_2"
        ],
        "strong_indicators": [],
        "moderate_indicators": [
          "confidence MEDIUM",
          "V1: no data \u2014 filled with unit white noise (posterior uses remaining detectors only)",
          "chirp-mass posterior wide (80% of median)",
          "7% boundary railing"
        ],
        "indicators": {
          "confidence": "MEDIUM",
          "ood_percentile": 89.5,
          "bias_region": {
            "q_in_attractor": true,
            "cell": {
              "mc": 30,
              "q": 0.4,
              "theta_jn": 1.57
            },
            "m1_bias": 1.02,
            "dl_bias": 2.47,
            "severe_mass_bias": false
          },
          "mc_width_frac": 0.796,
          "railing_frac": 0.066
        },
        "recommendation": "run sampler refinement (compare_to_dynesty) before quoting these posteriors"
      }
    }
  },
  "covariance": [
    [
      345.8816579808786,
      -38.242931068245085,
      945.37244582187,
      -1.2834820875469264,
      0.12000647965660502,
      1.3670310513362112,
      -0.034546938146397005,
      -0.4570545867670493,
      0.23458074694333816,
      1.0819686649901241,
      0.6526300079410616
    ],
    [
      -38.242931068245085,
      137.05418062515878,
      1829.5868430165167,
      0.6622364663473831,
      -0.18108843919153292,
      0.05011171508858111,
      0.1407986170045849,
      0.2997500117107777,
      0.18915227768634263,
      1.4797992990794007,
      0.5380535219580125
    ],
    [
      945.37244582187,
      1829.5868430165167,
      156926.20032621681,
      59.13247262771185,
      -5.854757325577673,
      11.692623246061688,
      2.0060285616220788,
      54.64960339935301,
      9.610165180685847,
      29.692859684147347,
      14.479751975632112
    ],
    [
      -1.2834820875469264,
      0.6622364663473831,
      59.13247262771185,
      3.6041000505612746,
      0.09489544019785691,
      0.03429801113007766,
      -0.00536420799175403,
      0.04706931119640154,
      0.004279028626051233,
      0.013413495253832326,
      0.09768197857195308
    ],
    [
      0.12000647965660502,
      -0.18108843919153292,
      -5.854757325577673,
      0.09489544019785691,
      0.5081245492326838,
      0.007328673112598645,
      -0.018754215706578578,
      -0.04778823136100601,
      0.0030656972757679497,
      -0.006747460856466593,
      0.020761206364906026
    ],
    [
      1.3670310513362112,
      0.05011171508858111,
      11.692623246061688,
      0.03429801113007766,
      0.007328673112598645,
      0.45633932267270855,
      0.058142960643504146,
      -0.02311301509367978,
      0.0002384749741445394,
      0.030305992314717325,
      0.027812672269473267
    ],
    [
      -0.034546938146397005,
      0.1407986170045849,
      2.0060285616220788,
      -0.00536420799175403,
      -0.018754215706578578,
      0.058142960643504146,
      0.7959042755958919,
      -0.005212343457320634,
      0.0002451295718341104,
      0.00826223009006966,
      0.006329236744957167
    ],
    [
      -0.4570545867670493,
      0.2997500117107777,
      54.64960339935301,
      0.04706931119640154,
      -0.04778823136100601,
      -0.02311301509367978,
      -0.005212343457320634,
      3.84050419776256,
      -0.0054183090646607425,
      0.005629066254069749,
      0.0095102476030645
    ],
    [
      0.23458074694333816,
      0.18915227768634263,
      9.610165180685847,
      0.004279028626051233,
      0.0030656972757679497,
      0.0002384749741445394,
      0.0002451295718341104,
      -0.0054183090646607425,
      0.02854470587670135,
      0.0024030804833298893,
      0.0004010208316512883
    ],
    [
      1.0819686649901241,
      1.4797992990794007,
      29.692859684147347,
      0.013413495253832326,
      -0.006747460856466593,
      0.030305992314717325,
      0.00826223009006966,
      0.005629066254069749,
      0.0024030804833298893,
      0.07940278144788748,
      0.008006857858393314
    ],
    [
      0.6526300079410616,
      0.5380535219580125,
      14.479751975632112,
      0.09768197857195308,
      0.020761206364906026,
      0.027812672269473267,
      0.006329236744957167,
      0.0095102476030645,
      0.0004010208316512883,
      0.008006857858393314,
      0.08112514370609444
    ]
  ],
  "correlation": [
    [
      1.0,
      -0.1756472120458177,
      0.1283191412054475,
      -0.03635194282581192,
      0.00905223544371085,
      0.10881046510041494,
      -0.0020821661292651774,
      -0.012540365181376202,
      0.07465618830935432,
      0.20645863863623024,
      0.12320420570231438
    ],
    [
      -0.17564721204581774,
      1.0,
      0.3945110346219385,
      0.029796724714948382,
      -0.021699987962417372,
      0.006336496164840769,
      0.01348099123470994,
      0.013065286661417307,
      0.09563186936865645,
      0.448578873084443,
      0.16136212152707724
    ],
    [
      0.12831914120544746,
      0.3945110346219385,
      1.0,
      0.07862848186385452,
      -0.020733665142162242,
      0.04369384663046726,
      0.00567621665534296,
      0.07039554293907029,
      0.14358872414530016,
      0.26600294106810235,
      0.1283322042090621
    ],
    [
      -0.036351942825811924,
      0.029796724714948385,
      0.07862848186385452,
      1.0,
      0.07012321778559023,
      0.026744012768155107,
      -0.0031672093488372874,
      0.012651595602390797,
      0.01334086490534577,
      0.025074119002788997,
      0.1806501343598026
    ],
    [
      0.00905223544371085,
      -0.021699987962417372,
      -0.020733665142162242,
      0.07012321778559025,
      0.9999999999999999,
      0.015219357383582132,
      -0.02949058577984462,
      -0.03420910772988489,
      0.025455485990614778,
      -0.03359212108180383,
      0.10225622526366691
    ],
    [
      0.10881046510041492,
      0.006336496164840768,
      0.04369384663046727,
      0.02674401276815511,
      0.015219357383582134,
      0.9999999999999999,
      0.09647677481032245,
      -0.01745896659839381,
      0.0020894696987484047,
      0.15920866624545535,
      0.14455097722467553
    ],
    [
      -0.0020821661292651774,
      0.01348099123470994,
      0.00567621665534296,
      -0.0031672093488372874,
      -0.02949058577984462,
      0.09647677481032244,
      1.0,
      -0.002981319248353115,
      0.0016263068886174536,
      0.03286616327411569,
      0.024908248067752235
    ],
    [
      -0.012540365181376202,
      0.013065286661417305,
      0.0703955429390703,
      0.012651595602390797,
      -0.0342091077298849,
      -0.01745896659839381,
      -0.0029813192483531155,
      1.0,
      -0.016364655440592388,
      0.010193524717278442,
      0.017038052906534134
    ],
    [
      0.07465618830935432,
      0.09563186936865645,
      0.1435887241453002,
      0.01334086490534577,
      0.025455485990614778,
      0.0020894696987484047,
      0.0016263068886174536,
      -0.01636465544059239,
      0.9999999999999999,
      0.050476318517015666,
      0.008333480193250434
    ],
    [
      0.20645863863623024,
      0.448578873084443,
      0.26600294106810235,
      0.025074119002788997,
      -0.03359212108180383,
      0.15920866624545535,
      0.0328661632741157,
      0.010193524717278442,
      0.050476318517015666,
      1.0,
      0.09976231564818946
    ],
    [
      0.12320420570231437,
      0.16136212152707724,
      0.1283322042090621,
      0.1806501343598026,
      0.10225622526366691,
      0.14455097722467553,
      0.024908248067752232,
      0.017038052906534134,
      0.008333480193250434,
      0.09976231564818946,
      1.0
    ]
  ],
  "diagnostics": {
    "runtime": {
      "preprocess_s": 0.057,
      "gwosc_fetch_s": 5.22,
      "encode_s": 0.005,
      "sampling_s": 1.261,
      "total_s": 6.545
    },
    "memory": {
      "rss_mb": 4347.3,
      "mps_allocated_mb": 85.7
    },
    "n_effective": 3000,
    "boundary_railing_frac": 0.066,
    "log_prob": {
      "median": -16.97663116455078,
      "max": 37.254669189453125
    },
    "ood_flags": [
      "V1: no data \u2014 filled with unit white noise (posterior uses remaining detectors only)",
      "6.6% of samples rail at the parameter bounds \u2014 the event may lie outside the training prior (out-of-distribution)"
    ],
    "context_ood": {
      "mahalanobis": 12.74,
      "percentile_vs_validation": 89.5
    },
    "verdict": {
      "confidence": "MEDIUM",
      "reasons": [
        "7% boundary railing"
      ]
    },
    "refinement": {
      "refine": true,
      "refine_global": true,
      "untrusted_params": [
        "mass_1",
        "mass_2"
      ],
      "strong_indicators": [],
      "moderate_indicators": [
        "confidence MEDIUM",
        "V1: no data \u2014 filled with unit white noise (posterior uses remaining detectors only)",
        "chirp-mass posterior wide (80% of median)",
        "7% boundary railing"
      ],
      "indicators": {
        "confidence": "MEDIUM",
        "ood_percentile": 89.5,
        "bias_region": {
          "q_in_attractor": true,
          "cell": {
            "mc": 30,
            "q": 0.4,
            "theta_jn": 1.57
          },
          "m1_bias": 1.02,
          "dl_bias": 2.47,
          "severe_mass_bias": false
        },
        "mc_width_frac": 0.796,
        "railing_frac": 0.066
      },
      "recommendation": "run sampler refinement (compare_to_dynesty) before quoting these posteriors"
    }
  },
  "config": {
    "model_path": "model/lean_npe_v4/best_model.pth",
    "model_epoch": 2,
    "model_val_nll": -0.5246524548158049,
    "premerger": false,
    "device": "mps",
    "num_samples": 3000,
    "rank": 0,
    "seed": 0,
    "event": "GW170104",
    "event_type": "BBH",
    "source": "real",
    "detectors_present": [
      "H1",
      "L1"
    ]
  },
  "reproducibility": {
    "git_commit": "ece3a0f52ab84627ddf97e05fe430a015d6b5523",
    "model_path": "model/lean_npe_v4/best_model.pth",
    "model_epoch": 2,
    "model_val_nll": -0.5246524548158049,
    "premerger": false
  },
  "preprocessing": {
    "source": "real",
    "detectors_present": [
      "H1",
      "L1"
    ],
    "warnings": [
      "V1: no data \u2014 filled with unit white noise (posterior uses remaining detectors only)"
    ],
    "quality": {
      "H1": {
        "finite": true,
        "std": 0.977746307849884,
        "max_abs": 4.0638837814331055,
        "excess_kurtosis": -0.06703996658325195,
        "repeated_frac": 0.0,
        "whitening_norm": 46.741788915438214
      },
      "L1": {
        "finite": true,
        "std": 0.9818301796913147,
        "max_abs": 3.961163282394409,
        "excess_kurtosis": 0.0051500797271728516,
        "repeated_frac": 0.0,
        "whitening_norm": 46.30542302813522
      }
    },
    "timings": {
      "preprocess_s": 0.057,
      "gwosc_fetch_s": 5.22
    }
  }
}