{
  "param_names": [
    "mass_1",
    "mass_2",
    "luminosity_distance",
    "ra",
    "dec",
    "theta_jn",
    "psi",
    "phase",
    "geocent_time",
    "a1",
    "a2"
  ],
  "trigger_gps": 1167559936.6,
  "truth": null,
  "summary": {
    "n_samples": 3000,
    "trigger_gps": 1167559936.6,
    "parameters": [
      {
        "param": "mass_1",
        "median": 15.884623050689697,
        "mean": 24.643521889328955,
        "map": 1.0396267175674438,
        "std": 24.589579466778325,
        "ci50%": [
          6.14071786403656,
          35.33339214324951
        ],
        "ci68%": [
          2.2773286724090576,
          49.496912384033216
        ],
        "ci90%": [
          1.440894341468811,
          79.92102432250974
        ],
        "ci95%": [
          1.2225376904010774,
          89.24513301849366
        ]
      },
      {
        "param": "mass_2",
        "median": 6.188398122787476,
        "mean": 8.656442566514015,
        "map": 1.0211735963821411,
        "std": 9.61088073181111,
        "ci50%": [
          1.798719733953476,
          10.876564025878906
        ],
        "ci68%": [
          1.433241639137268,
          14.805239753723148
        ],
        "ci90%": [
          1.0759880900382996,
          27.795833015441893
        ],
        "ci95%": [
          1.0263194769620896,
          35.11739244461062
        ]
      },
      {
        "param": "luminosity_distance",
        "median": 705.7118835449219,
        "mean": 816.8309941813151,
        "map": 56.93043518066406,
        "std": 567.4660001308679,
        "ci50%": [
          304.7828598022461,
          1231.0283508300781
        ],
        "ci68%": [
          212.2018536376953,
          1482.8560009765627
        ],
        "ci90%": [
          120.48173446655274,
          1887.2393188476562
        ],
        "ci95%": [
          86.12918643951417,
          1974.108285522461
        ]
      },
      {
        "param": "ra",
        "median": 3.323033928871155,
        "mean": 3.23042712866546,
        "map": 4.221279144287109,
        "std": 1.562233110655198,
        "ci50%": [
          2.215078055858612,
          4.4024658203125
        ],
        "ci68%": [
          1.4110480022430414,
          4.868119506835938
        ],
        "ci90%": [
          0.3829151540994641,
          5.655935239791869
        ],
        "ci95%": [
          0.1533880688250066,
          6.000990128517151
        ]
      },
      {
        "param": "dec",
        "median": 0.08503603935241699,
        "mean": 0.12676567709445954,
        "map": -0.45546436309814453,
        "std": 0.6866311901894026,
        "ci50%": [
          -0.41305291652679443,
          0.6675326228141785
        ],
        "ci68%": [
          -0.5881859660148622,
          0.9140708112716674
        ],
        "ci90%": [
          -0.954714173078537,
          1.2508469343185424
        ],
        "ci95%": [
          -1.1082053840160369,
          1.3529634475708008
        ]
      },
      {
        "param": "theta_jn",
        "median": 1.523769736289978,
        "mean": 1.529890294183938,
        "map": 1.7714390754699707,
        "std": 0.7031910888502784,
        "ci50%": [
          0.9722931087017059,
          2.0733436346054077
        ],
        "ci68%": [
          0.7660377526283262,
          2.2945423507690434
        ],
        "ci90%": [
          0.3924736365675926,
          2.6717705726623535
        ],
        "ci95%": [
          0.22984624728560463,
          2.7996780037879945
        ]
      },
      {
        "param": "psi",
        "median": 1.5467981100082397,
        "mean": 1.5590350991434923,
        "map": 0.26286911964416504,
        "std": 0.9216660164713429,
        "ci50%": [
          0.7630010545253754,
          2.369073271751404
        ],
        "ci68%": [
          0.5006442070007324,
          2.6402861213684083
        ],
        "ci90%": [
          0.13354263231158256,
          3.0031866073608398
        ],
        "ci95%": [
          0.057613194454461336,
          3.0763551890850067
        ]
      },
      {
        "param": "phase",
        "median": 3.092122793197632,
        "mean": 3.0718328165205504,
        "map": 5.822537422180176,
        "std": 1.8326302519701536,
        "ci50%": [
          1.4810412228107452,
          4.6463634967803955
        ],
        "ci68%": [
          0.8813064599037169,
          5.196995372772217
        ],
        "ci90%": [
          0.2352802246809005,
          5.944247436523438
        ],
        "ci95%": [
          0.10780190825462342,
          6.111290454864502
        ]
      },
      {
        "param": "geocent_time",
        "median": -0.08152353763580322,
        "mean": -0.05375132121642431,
        "map": 0.48271191120147705,
        "std": 0.8622776768380102,
        "ci50%": [
          -0.7954867035150528,
          0.665943443775177
        ],
        "ci68%": [
          -1.0425553512573242,
          0.9876524400711061
        ],
        "ci90%": [
          -1.369882345199585,
          1.3411940574645993
        ],
        "ci95%": [
          -1.4470488488674165,
          1.4453276991844177
        ]
      },
      {
        "param": "a1",
        "median": 0.3617175370454788,
        "mean": 0.3960939382016659,
        "map": 0.014890730381011963,
        "std": 0.31728264041355164,
        "ci50%": [
          0.057485468685626984,
          0.6817135512828827
        ],
        "ci68%": [
          0.03051539897918699,
          0.7799024915695191
        ],
        "ci90%": [
          0.008958926796913142,
          0.9245077341794967
        ],
        "ci95%": [
          0.004037047177553184,
          0.9635233163833619
        ]
      },
      {
        "param": "a2",
        "median": 0.20725363492965698,
        "mean": 0.32418189419309296,
        "map": 0.02520892024040222,
        "std": 0.3231045429429012,
        "ci50%": [
          0.0324525460600853,
          0.6071856170892715
        ],
        "ci68%": [
          0.019998697042465208,
          0.7478447771072388
        ],
        "ci90%": [
          0.0063838154077529895,
          0.915523812174797
        ],
        "ci95%": [
          0.003314547240734106,
          0.9543325558304787
        ]
      }
    ],
    "diagnostics": {
      "runtime": {
        "preprocess_s": 0.055,
        "gwosc_fetch_s": 5.23,
        "encode_s": 0.008,
        "sampling_s": 1.607,
        "total_s": 6.899
      },
      "memory": {
        "rss_mb": 3953.5,
        "mps_allocated_mb": 139.2
      },
      "n_effective": 3000,
      "boundary_railing_frac": 0.0453,
      "log_prob": {
        "median": -20.828651428222656,
        "max": 9.01278305053711
      },
      "ood_flags": [
        "V1: no data \u2014 filled with unit white noise (posterior uses remaining detectors only)"
      ],
      "context_ood": {
        "mahalanobis": 9.13,
        "percentile_vs_validation": 97.5
      },
      "verdict": {
        "confidence": "HIGH",
        "reasons": [
          "V1: no data \u2014 filled with unit white noise (posterior uses remaining detectors only)"
        ]
      },
      "refinement": {
        "refine": true,
        "refine_global": true,
        "untrusted_params": [
          "mass_1",
          "mass_2"
        ],
        "strong_indicators": [
          "chirp-mass posterior uninformative (90% width 406% of median)"
        ],
        "moderate_indicators": [
          "V1: no data \u2014 filled with unit white noise (posterior uses remaining detectors only)"
        ],
        "indicators": {
          "confidence": "HIGH",
          "ood_percentile": 97.5,
          "bias_region": {
            "q_in_attractor": true,
            "cell": {
              "mc": 10,
              "q": 0.4,
              "theta_jn": 1.57
            },
            "m1_bias": 1.22,
            "dl_bias": 1.64,
            "severe_mass_bias": false
          },
          "mc_width_frac": 4.058,
          "railing_frac": 0.0453
        },
        "recommendation": "run sampler refinement (compare_to_dynesty) before quoting these posteriors"
      }
    }
  },
  "covariance": [
    [
      604.8490346979044,
      122.6388593351217,
      6285.140404102694,
      0.04324486293824589,
      0.010235863340962627,
      0.034725116814271664,
      -0.2991018052639216,
      1.314794466798676,
      -0.8535191882507845,
      1.848037730740911,
      1.2404282697307243
    ],
    [
      122.6388593351217,
      92.39982838389275,
      3195.9770249058715,
      0.3238577076216479,
      0.029123918987783052,
      -0.15061355511640334,
      0.04865026970464493,
      -0.051823365481673225,
      -0.10623596248797962,
      0.5252937577569048,
      1.0329667117854797
    ],
    [
      6285.140404102694,
      3195.9770249058715,
      322125.03631663154,
      15.235140211607876,
      -7.9659416209156575,
      -11.222219571894893,
      -17.955874388495857,
      19.205497746892966,
      -16.07737420854005,
      55.861660969832165,
      82.22383003570704
    ],
    [
      0.04324486293824589,
      0.3238577076216479,
      15.235140211607876,
      2.441386087389874,
      0.03722997639537278,
      0.029923326709550446,
      0.017813182897192192,
      0.0029578660667035094,
      0.03950327927527729,
      0.009646581243146804,
      0.013396655732556358
    ],
    [
      0.010235863340962627,
      0.029123918987783052,
      -7.9659416209156575,
      0.03722997639537278,
      0.4716195978735404,
      -0.007478615662226087,
      -0.022949251102454833,
      0.03234922578531112,
      -0.004869134468996746,
      -0.003476925005931148,
      -0.0007643953472555854
    ],
    [
      0.034725116814271664,
      -0.15061355511640334,
      -11.222219571894893,
      0.029923326709550446,
      -0.007478615662226087,
      0.49464258830120744,
      -0.016239380272789105,
      -0.004965726988524296,
      0.010840962198376485,
      0.0008609946910587657,
      0.004244393744945339
    ],
    [
      -0.2991018052639216,
      0.04865026970464493,
      -17.955874388495857,
      0.017813182897192192,
      -0.022949251102454833,
      -0.016239380272789105,
      0.8497514964169601,
      0.013738531718405495,
      0.004334241328222561,
      -0.00559058781811732,
      -0.002845593361214016
    ],
    [
      1.314794466798676,
      -0.051823365481673225,
      19.205497746892966,
      0.0029578660667035094,
      0.03234922578531112,
      -0.004965726988524296,
      0.013738531718405495,
      3.3596535249444948,
      0.0200279986984624,
      0.0017702574101589894,
      0.006254771213132623
    ],
    [
      -0.8535191882507845,
      -0.10623596248797962,
      -16.07737420854005,
      0.03950327927527729,
      -0.004869134468996746,
      0.010840962198376485,
      0.004334241328222561,
      0.0200279986984624,
      0.743770715545005,
      -0.004958674306406524,
      -0.0011408995794892785
    ],
    [
      1.848037730740911,
      0.5252937577569048,
      55.861660969832165,
      0.009646581243146804,
      -0.003476925005931148,
      0.0008609946910587657,
      -0.00559058781811732,
      0.0017702574101589894,
      -0.004958674306406524,
      0.10070184118819106,
      0.024943666511024407
    ],
    [
      1.2404282697307243,
      1.0329667117854797,
      82.22383003570704,
      0.013396655732556358,
      -0.0007643953472555854,
      0.004244393744945339,
      -0.002845593361214016,
      0.006254771213132623,
      -0.0011408995794892785,
      0.024943666511024407,
      0.1044313561223818
    ]
  ],
  "correlation": [
    [
      1.0,
      0.5187630372013673,
      0.4502764647500686,
      0.0011253634253972585,
      0.000606045263276566,
      0.0020075874236463857,
      -0.013193182478061718,
      0.02916668867038349,
      -0.040241138169682805,
      0.23679287599855334,
      0.15607476891818273
    ],
    [
      0.5187630372013673,
      1.0,
      0.5858087119265208,
      0.021562565044568747,
      0.0044118253339901145,
      -0.022278334710869683,
      0.0054903963972792085,
      -0.002941323447969023,
      -0.012814935869721393,
      0.1722058703636058,
      0.33253340940246406
    ],
    [
      0.4502764647500686,
      0.5858087119265208,
      1.0,
      0.017179716092898346,
      -0.020437555870092893,
      -0.028113878817291976,
      -0.034320084567751916,
      0.018461461592336578,
      -0.03284606459123552,
      0.3101579367058032,
      0.4483013054274949
    ],
    [
      0.0011253634253972585,
      0.021562565044568747,
      0.017179716092898346,
      1.0,
      0.03469593586603853,
      0.027229890107343346,
      0.012367369185351751,
      0.0010327923836802116,
      0.029315369934231915,
      0.019455235315070624,
      0.02653155506085533
    ],
    [
      0.000606045263276566,
      0.0044118253339901145,
      -0.020437555870092893,
      0.03469593586603853,
      1.0,
      -0.015483870837591502,
      -0.03625155389662273,
      0.02569926623162622,
      -0.008221220739982195,
      -0.01595440807629917,
      -0.003444345067667381
    ],
    [
      0.0020075874236463857,
      -0.022278334710869686,
      -0.028113878817291976,
      0.027229890107343346,
      -0.015483870837591502,
      1.0,
      -0.025048269634718446,
      -0.003852031588414147,
      0.017873209238906514,
      0.0038577671891271053,
      0.018674735267252388
    ],
    [
      -0.013193182478061718,
      0.005490396397279209,
      -0.03432008456775191,
      0.012367369185351751,
      -0.036251553896622726,
      -0.025048269634718446,
      1.0,
      0.0081310588782734,
      0.005451896248495836,
      -0.01911141306760273,
      -0.009552376050657679
    ],
    [
      0.029166688670383488,
      -0.002941323447969023,
      0.018461461592336578,
      0.0010327923836802116,
      0.02569926623162622,
      -0.003852031588414147,
      0.0081310588782734,
      0.9999999999999999,
      0.012669829519277595,
      0.0030434801222129285,
      0.010559630555439025
    ],
    [
      -0.040241138169682805,
      -0.012814935869721393,
      -0.03284606459123552,
      0.029315369934231915,
      -0.008221220739982195,
      0.017873209238906514,
      0.005451896248495837,
      0.012669829519277595,
      1.0,
      -0.018118712802123654,
      -0.004093666168199296
    ],
    [
      0.23679287599855336,
      0.17220587036360577,
      0.3101579367058032,
      0.019455235315070624,
      -0.01595440807629917,
      0.0038577671891271053,
      -0.01911141306760273,
      0.0030434801222129285,
      -0.018118712802123654,
      1.0,
      0.24323503346614403
    ],
    [
      0.15607476891818273,
      0.33253340940246406,
      0.44830130542749486,
      0.02653155506085533,
      -0.003444345067667381,
      0.018674735267252388,
      -0.009552376050657679,
      0.010559630555439025,
      -0.004093666168199296,
      0.24323503346614403,
      1.0
    ]
  ],
  "diagnostics": {
    "runtime": {
      "preprocess_s": 0.055,
      "gwosc_fetch_s": 5.23,
      "encode_s": 0.008,
      "sampling_s": 1.607,
      "total_s": 6.899
    },
    "memory": {
      "rss_mb": 3953.5,
      "mps_allocated_mb": 139.2
    },
    "n_effective": 3000,
    "boundary_railing_frac": 0.0453,
    "log_prob": {
      "median": -20.828651428222656,
      "max": 9.01278305053711
    },
    "ood_flags": [
      "V1: no data \u2014 filled with unit white noise (posterior uses remaining detectors only)"
    ],
    "context_ood": {
      "mahalanobis": 9.13,
      "percentile_vs_validation": 97.5
    },
    "verdict": {
      "confidence": "HIGH",
      "reasons": [
        "V1: no data \u2014 filled with unit white noise (posterior uses remaining detectors only)"
      ]
    },
    "refinement": {
      "refine": true,
      "refine_global": true,
      "untrusted_params": [
        "mass_1",
        "mass_2"
      ],
      "strong_indicators": [
        "chirp-mass posterior uninformative (90% width 406% of median)"
      ],
      "moderate_indicators": [
        "V1: no data \u2014 filled with unit white noise (posterior uses remaining detectors only)"
      ],
      "indicators": {
        "confidence": "HIGH",
        "ood_percentile": 97.5,
        "bias_region": {
          "q_in_attractor": true,
          "cell": {
            "mc": 10,
            "q": 0.4,
            "theta_jn": 1.57
          },
          "m1_bias": 1.22,
          "dl_bias": 1.64,
          "severe_mass_bias": false
        },
        "mc_width_frac": 4.058,
        "railing_frac": 0.0453
      },
      "recommendation": "run sampler refinement (compare_to_dynesty) before quoting these posteriors"
    }
  },
  "config": {
    "model_path": "model/lean_coherentC/best_model.pth",
    "model_epoch": 40,
    "model_val_nll": 1.3679874420166016,
    "premerger": false,
    "psd_cond": true,
    "device": "mps",
    "num_samples": 3000,
    "rank": 0,
    "seed": 0,
    "event": "GW170104",
    "event_type": "BBH",
    "source": "real",
    "detectors_present": [
      "H1",
      "L1"
    ]
  },
  "reproducibility": {
    "git_commit": "995121aff136ae38385b8720269d5a16cb7438f5",
    "model_path": "model/lean_coherentC/best_model.pth",
    "model_epoch": 40,
    "model_val_nll": 1.3679874420166016,
    "premerger": false
  },
  "preprocessing": {
    "source": "real",
    "detectors_present": [
      "H1",
      "L1"
    ],
    "warnings": [
      "V1: no data \u2014 filled with unit white noise (posterior uses remaining detectors only)"
    ],
    "quality": {
      "H1": {
        "finite": true,
        "std": 0.977746307849884,
        "max_abs": 4.0638837814331055,
        "excess_kurtosis": -0.06703996658325195,
        "repeated_frac": 0.0,
        "whitening_norm": 46.741788915438214
      },
      "L1": {
        "finite": true,
        "std": 0.9818301796913147,
        "max_abs": 3.961163282394409,
        "excess_kurtosis": 0.0051500797271728516,
        "repeated_frac": 0.0,
        "whitening_norm": 46.30542302813522
      }
    },
    "timings": {
      "preprocess_s": 0.055,
      "gwosc_fetch_s": 5.23
    }
  }
}