{
  "param_names": [
    "mass_1",
    "mass_2",
    "luminosity_distance",
    "ra",
    "dec",
    "theta_jn",
    "psi",
    "phase",
    "geocent_time",
    "a1",
    "a2"
  ],
  "trigger_gps": 1185389807.3,
  "truth": null,
  "summary": {
    "n_samples": 3000,
    "trigger_gps": 1185389807.3,
    "parameters": [
      {
        "param": "mass_1",
        "median": 77.84463119506836,
        "mean": 76.61829638954003,
        "map": 1.789260983467102,
        "std": 16.24464847480648,
        "ci50%": [
          68.68109703063965,
          88.56583786010742
        ],
        "ci68%": [
          63.43784317016601,
          92.32944885253909
        ],
        "ci90%": [
          52.3557180404663,
          96.993798828125
        ],
        "ci95%": [
          29.96321749687195,
          98.83880844116212
        ]
      },
      {
        "param": "mass_2",
        "median": 45.270456314086914,
        "mean": 45.43541163019339,
        "map": 1.1627589464187622,
        "std": 18.23686968365847,
        "ci50%": [
          31.03911781311035,
          59.224117279052734
        ],
        "ci68%": [
          27.102912521362303,
          64.69634277343751
        ],
        "ci90%": [
          17.518890953063963,
          74.79848251342773
        ],
        "ci95%": [
          10.645888423919683,
          79.03522148132325
        ]
      },
      {
        "param": "luminosity_distance",
        "median": 1554.4313354492188,
        "mean": 1518.1070225219726,
        "map": 88.95169067382812,
        "std": 373.40087834441914,
        "ci50%": [
          1307.5071411132812,
          1812.6647033691406
        ],
        "ci68%": [
          1182.0715771484374,
          1899.7598486328125
        ],
        "ci90%": [
          860.1265075683593,
          2002.6655029296874
        ],
        "ci95%": [
          654.505032348633,
          2041.8404724121094
        ]
      },
      {
        "param": "ra",
        "median": 3.320219397544861,
        "mean": 3.336134279414934,
        "map": 2.728431224822998,
        "std": 1.827892507908111,
        "ci50%": [
          1.845093697309494,
          4.949041843414307
        ],
        "ci68%": [
          1.1993246221542357,
          5.560195026397706
        ],
        "ci90%": [
          0.29856115281581863,
          6.066835570335388
        ],
        "ci95%": [
          0.13042197152972226,
          6.182589876651765
        ]
      },
      {
        "param": "dec",
        "median": -0.1496564745903015,
        "mean": -0.08945357636610667,
        "map": 0.701388955116272,
        "std": 0.6020440406106193,
        "ci50%": [
          -0.5058929920196533,
          0.31533634662628174
        ],
        "ci68%": [
          -0.6484328651428223,
          0.5402614450454726
        ],
        "ci90%": [
          -1.0504920482635498,
          1.0467964887619003
        ],
        "ci95%": [
          -1.219617274403572,
          1.2199641764163973
        ]
      },
      {
        "param": "theta_jn",
        "median": 1.627703070640564,
        "mean": 1.619785142979895,
        "map": 1.9069137573242188,
        "std": 0.5496951621156992,
        "ci50%": [
          1.2652765214443207,
          1.990820825099945
        ],
        "ci68%": [
          1.1175338983535765,
          2.1597406387329103
        ],
        "ci90%": [
          0.7374610185623167,
          2.5220253944396966
        ],
        "ci95%": [
          0.4420023977756507,
          2.62541675567627
        ]
      },
      {
        "param": "psi",
        "median": 1.8628745079040527,
        "mean": 1.8157987244517502,
        "map": 1.6546791791915894,
        "std": 0.8573855214321088,
        "ci50%": [
          1.1768358647823334,
          2.5542500019073486
        ],
        "ci68%": [
          0.8388151860237121,
          2.780853633880615
        ],
        "ci90%": [
          0.2889522999525068,
          3.060163402557373
        ],
        "ci95%": [
          0.13932491242885595,
          3.104547530412674
        ]
      },
      {
        "param": "phase",
        "median": 3.6376051902770996,
        "mean": 3.4159571304536707,
        "map": 3.247462034225464,
        "std": 1.797848209369506,
        "ci50%": [
          1.8770219087600708,
          4.956278920173645
        ],
        "ci68%": [
          1.329619069099426,
          5.403048191070557
        ],
        "ci90%": [
          0.22786219492554657,
          6.05968108177185
        ],
        "ci95%": [
          0.0797597486525774,
          6.179072117805481
        ]
      },
      {
        "param": "geocent_time",
        "median": 0.012327909469604492,
        "mean": 0.00024364519119262696,
        "map": 0.03567087650299072,
        "std": 0.16070150663232088,
        "ci50%": [
          0.0016082227230072021,
          0.024670839309692383
        ],
        "ci68%": [
          -0.002582087516784669,
          0.03173770427703858
        ],
        "ci90%": [
          -0.012825620174407961,
          0.04772119522094726
        ],
        "ci95%": [
          -0.027814611792564375,
          0.0630086332559586
        ]
      },
      {
        "param": "a1",
        "median": 0.2538781464099884,
        "mean": 0.29210801217953364,
        "map": 0.03361395001411438,
        "std": 0.24844132603844057,
        "ci50%": [
          0.06001811474561691,
          0.4695478081703186
        ],
        "ci68%": [
          0.03867716073989868,
          0.5880861020088196
        ],
        "ci90%": [
          0.007251201570034023,
          0.7506989806890484
        ],
        "ci95%": [
          0.003196860849857369,
          0.8296913817524911
        ]
      },
      {
        "param": "a2",
        "median": 0.3720201998949051,
        "mean": 0.42394116177161534,
        "map": 0.013123929500579834,
        "std": 0.2764042463036899,
        "ci50%": [
          0.20400243997573853,
          0.6551756709814072
        ],
        "ci68%": [
          0.1293797206878662,
          0.7505629920959472
        ],
        "ci90%": [
          0.029374851286411277,
          0.9182513296604154
        ],
        "ci95%": [
          0.004532490670681105,
          0.9651934042572975
        ]
      }
    ],
    "diagnostics": {
      "runtime": {
        "preprocess_s": 0.039,
        "gwosc_fetch_s": 5.47,
        "encode_s": 0.005,
        "sampling_s": 1.636,
        "total_s": 7.151
      },
      "memory": {
        "rss_mb": 4605.6,
        "mps_allocated_mb": 125.4
      },
      "n_effective": 3000,
      "boundary_railing_frac": 0.046,
      "log_prob": {
        "median": -16.258070945739746,
        "max": 34.08042526245117
      },
      "ood_flags": [],
      "context_ood": {
        "mahalanobis": 12.02,
        "percentile_vs_validation": 95.5
      },
      "verdict": {
        "confidence": "HIGH",
        "reasons": []
      },
      "refinement": {
        "refine": true,
        "refine_global": false,
        "untrusted_params": [
          "mass_1",
          "mass_2"
        ],
        "strong_indicators": [],
        "moderate_indicators": [
          "chirp-mass posterior wide (87% of median)"
        ],
        "indicators": {
          "confidence": "HIGH",
          "ood_percentile": 95.5,
          "bias_region": {
            "q_in_attractor": true,
            "cell": {
              "mc": 45,
              "q": 0.7,
              "theta_jn": 1.57
            },
            "m1_bias": 1.28,
            "dl_bias": 1.55,
            "severe_mass_bias": false
          },
          "mc_width_frac": 0.87,
          "railing_frac": 0.046
        },
        "recommendation": "posterior usable EXCEPT ['mass_1', 'mass_2']: reported mass ratio sits in the measured prior-reversion attractor band \u2014 refine with the sampler if masses matter"
      }
    }
  },
  "covariance": [
    [
      263.9765962687893,
      42.211247975136736,
      1755.6414920810917,
      -3.1581558169743147,
      0.353175574261224,
      1.4114843617219737,
      -1.7724348166758406,
      -0.054694529442539275,
      0.3590904100926022,
      0.6364549639790732,
      1.128300439462566
    ],
    [
      42.211247975136736,
      332.69431396339627,
      2973.9659718608846,
      0.10170043439599331,
      -0.005023956090017798,
      0.7084842445691114,
      -2.085244663271226,
      2.7513561228618784,
      0.44783797307648887,
      1.9328554238839621,
      0.3084596959867707
    ],
    [
      1755.6414920810917,
      2973.9659718608846,
      139474.70751755603,
      39.10994605653315,
      7.477778360007161,
      19.899727517175794,
      -17.859999339691203,
      60.6053729841551,
      14.308845577698525,
      23.515307379785966,
      5.977289227014472
    ],
    [
      -3.1581558169743147,
      0.10170043439599331,
      39.10994605653315,
      3.342305122173984,
      0.03183027423567988,
      -0.03687559515345127,
      -0.07151144484653821,
      0.0024636910615858836,
      0.026713259396728833,
      0.0009256695750079122,
      0.04852408357143183
    ],
    [
      0.353175574261224,
      -0.005023956090017798,
      7.477778360007161,
      0.03183027423567988,
      0.3625778861301375,
      -0.0016832262000607786,
      0.0010850104982464744,
      0.0022034229239138413,
      0.005034428009430098,
      0.009466801722752884,
      0.018586421682362457
    ],
    [
      1.4114843617219737,
      0.7084842445691114,
      19.899727517175794,
      -0.03687559515345127,
      -0.0016832262000607786,
      0.3022655264288811,
      -0.02036636639017475,
      -0.045933593692508844,
      0.004321564092377871,
      0.010446569531007036,
      0.004656563584589076
    ],
    [
      -1.7724348166758406,
      -2.085244663271226,
      -17.859999339691203,
      -0.07151144484653821,
      0.0010850104982464744,
      -0.02036636639017475,
      0.7353550507116458,
      0.020463865661248935,
      0.0035257077299190114,
      -0.014212102525677468,
      -0.009115253832822358
    ],
    [
      -0.054694529442539275,
      2.7513561228618784,
      60.6053729841551,
      0.0024636910615858836,
      0.0022034229239138413,
      -0.045933593692508844,
      0.020463865661248935,
      3.233335962587338,
      0.01254769395216371,
      0.029265404540064113,
      0.0014553216664281027
    ],
    [
      0.3590904100926022,
      0.44783797307648887,
      14.308845577698525,
      0.026713259396728833,
      0.005034428009430098,
      0.004321564092377871,
      0.0035257077299190114,
      0.01254769395216371,
      0.025833585429040875,
      0.0021275428058515487,
      -3.983165643973189e-05
    ],
    [
      0.6364549639790732,
      1.9328554238839621,
      23.515307379785966,
      0.0009256695750079122,
      0.009466801722752884,
      0.010446569531007036,
      -0.014212102525677468,
      0.029265404540064113,
      0.0021275428058515487,
      0.06174367370830831,
      0.0005688531376911726
    ],
    [
      1.128300439462566,
      0.3084596959867707,
      5.977289227014472,
      0.04852408357143183,
      0.018586421682362457,
      0.004656563584589076,
      -0.009115253832822358,
      0.0014553216664281027,
      -3.983165643973189e-05,
      0.0005688531376911726,
      0.07642478230214506
    ]
  ],
  "correlation": [
    [
      0.9999999999999998,
      0.14243699102755855,
      0.2893379460530545,
      -0.10632313995142945,
      0.0361000074305382,
      0.1580152669680238,
      -0.12721520446014556,
      -0.0018721289605576278,
      0.13750824892899047,
      0.15764809698843607,
      0.25120306831222533
    ],
    [
      0.14243699102755852,
      1.0,
      0.43658174873459243,
      0.0030498401078954333,
      -0.00045742773074611303,
      0.07065016790227584,
      -0.13331707890576713,
      0.08388778002169453,
      0.15275867521749842,
      0.42646210676657986,
      0.061172838364315245
    ],
    [
      0.2893379460530545,
      0.43658174873459243,
      0.9999999999999999,
      0.0572817714306999,
      0.03325249237875845,
      0.09691814447273389,
      -0.055768012745114746,
      0.090248082313389,
      0.23837709568578008,
      0.2534000505800199,
      0.05789478373975382
    ],
    [
      -0.10632313995142945,
      0.003049840107895433,
      0.0572817714306999,
      0.9999999999999999,
      0.02891456591336384,
      -0.03668780101166439,
      -0.0456146099634803,
      0.0007494415793171052,
      0.09090996512519227,
      0.0020376834080349984,
      0.09601015915500666
    ],
    [
      0.0361000074305382,
      -0.000457427730746113,
      0.03325249237875844,
      0.02891456591336384,
      0.9999999999999998,
      -0.005084491398111188,
      0.0021012839540641196,
      0.002035034568002607,
      0.05201841746843669,
      0.06327124667548391,
      0.1116549610953439
    ],
    [
      0.15801526696802382,
      0.07065016790227584,
      0.09691814447273388,
      -0.036687801011664384,
      -0.005084491398111188,
      0.9999999999999998,
      -0.04319870256745751,
      -0.0464633692341645,
      0.04890511744363914,
      0.076468603132867,
      0.03063755635987273
    ],
    [
      -0.12721520446014553,
      -0.13331707890576713,
      -0.055768012745114746,
      -0.04561460996348031,
      0.0021012839540641196,
      -0.04319870256745751,
      0.9999999999999999,
      0.013271307742431982,
      0.025580287723167634,
      -0.06669811480015912,
      -0.03845060007747372
    ],
    [
      -0.0018721289605576278,
      0.08388778002169454,
      0.09024808231338902,
      0.0007494415793171054,
      0.002035034568002607,
      -0.0464633692341645,
      0.013271307742431982,
      1.0,
      0.04341563506802571,
      0.0654987304740188,
      0.0029276319194579074
    ],
    [
      0.13750824892899047,
      0.15275867521749842,
      0.23837709568578008,
      0.09090996512519227,
      0.052018417468436697,
      0.04890511744363914,
      0.025580287723167637,
      0.04341563506802571,
      1.0,
      0.053270862788468834,
      -0.0008964352367454695
    ],
    [
      0.15764809698843607,
      0.42646210676657986,
      0.2534000505800199,
      0.0020376834080349984,
      0.06327124667548391,
      0.076468603132867,
      -0.06669811480015911,
      0.06549873047401882,
      0.05327086278846883,
      1.0,
      0.008281076939497454
    ],
    [
      0.25120306831222533,
      0.061172838364315245,
      0.057894783739753826,
      0.09601015915500666,
      0.11165496109534388,
      0.03063755635987273,
      -0.038450600077473716,
      0.0029276319194579074,
      -0.0008964352367454696,
      0.008281076939497454,
      1.0
    ]
  ],
  "diagnostics": {
    "runtime": {
      "preprocess_s": 0.039,
      "gwosc_fetch_s": 5.47,
      "encode_s": 0.005,
      "sampling_s": 1.636,
      "total_s": 7.151
    },
    "memory": {
      "rss_mb": 4605.6,
      "mps_allocated_mb": 125.4
    },
    "n_effective": 3000,
    "boundary_railing_frac": 0.046,
    "log_prob": {
      "median": -16.258070945739746,
      "max": 34.08042526245117
    },
    "ood_flags": [],
    "context_ood": {
      "mahalanobis": 12.02,
      "percentile_vs_validation": 95.5
    },
    "verdict": {
      "confidence": "HIGH",
      "reasons": []
    },
    "refinement": {
      "refine": true,
      "refine_global": false,
      "untrusted_params": [
        "mass_1",
        "mass_2"
      ],
      "strong_indicators": [],
      "moderate_indicators": [
        "chirp-mass posterior wide (87% of median)"
      ],
      "indicators": {
        "confidence": "HIGH",
        "ood_percentile": 95.5,
        "bias_region": {
          "q_in_attractor": true,
          "cell": {
            "mc": 45,
            "q": 0.7,
            "theta_jn": 1.57
          },
          "m1_bias": 1.28,
          "dl_bias": 1.55,
          "severe_mass_bias": false
        },
        "mc_width_frac": 0.87,
        "railing_frac": 0.046
      },
      "recommendation": "posterior usable EXCEPT ['mass_1', 'mass_2']: reported mass ratio sits in the measured prior-reversion attractor band \u2014 refine with the sampler if masses matter"
    }
  },
  "config": {
    "model_path": "model/lean_v8_psdcond_ft/best_model.pth",
    "model_epoch": 25,
    "model_val_nll": -1.1877927356399596,
    "premerger": false,
    "psd_cond": true,
    "device": "mps",
    "num_samples": 3000,
    "rank": 0,
    "seed": 0,
    "event": "GW170729",
    "event_type": "BBH",
    "source": "real",
    "detectors_present": [
      "H1",
      "L1",
      "V1"
    ]
  },
  "reproducibility": {
    "git_commit": "995121aff136ae38385b8720269d5a16cb7438f5",
    "model_path": "model/lean_v8_psdcond_ft/best_model.pth",
    "model_epoch": 25,
    "model_val_nll": -1.1877927356399596,
    "premerger": false
  },
  "preprocessing": {
    "source": "real",
    "detectors_present": [
      "H1",
      "L1",
      "V1"
    ],
    "warnings": [],
    "quality": {
      "H1": {
        "finite": true,
        "std": 0.8325052261352539,
        "max_abs": 3.5362794399261475,
        "excess_kurtosis": -0.0862574577331543,
        "repeated_frac": 0.0,
        "whitening_norm": 55.20578069909997
      },
      "L1": {
        "finite": true,
        "std": 1.0004900693893433,
        "max_abs": 3.766390800476074,
        "excess_kurtosis": -0.02658224105834961,
        "repeated_frac": 0.0,
        "whitening_norm": 45.82605603526463
      },
      "V1": {
        "finite": true,
        "std": 1.0305571556091309,
        "max_abs": 4.923017501831055,
        "excess_kurtosis": 0.22036957740783691,
        "repeated_frac": 0.0,
        "whitening_norm": 46.84303252466765
      }
    },
    "timings": {
      "preprocess_s": 0.039,
      "gwosc_fetch_s": 5.47
    }
  }
}