{
  "param_names": [
    "mass_1",
    "mass_2",
    "luminosity_distance",
    "ra",
    "dec",
    "theta_jn",
    "psi",
    "phase",
    "geocent_time",
    "a1",
    "a2"
  ],
  "trigger_gps": 1185389807.3,
  "truth": null,
  "summary": {
    "n_samples": 3000,
    "trigger_gps": 1185389807.3,
    "parameters": [
      {
        "param": "mass_1",
        "median": 17.09087371826172,
        "mean": 25.65433102428913,
        "map": 1.0887606143951416,
        "std": 24.776348324954924,
        "ci50%": [
          6.644955158233643,
          37.52463722229004
        ],
        "ci68%": [
          2.4609257888793943,
          51.52187026977541
        ],
        "ci90%": [
          1.5160485088825224,
          80.9803798675537
        ],
        "ci95%": [
          1.2545556366443633,
          89.42778968811037
        ]
      },
      {
        "param": "mass_2",
        "median": 6.516278982162476,
        "mean": 9.205955883741378,
        "map": 1.0497299432754517,
        "std": 9.912336504054556,
        "ci50%": [
          1.974832147359848,
          11.636082887649536
        ],
        "ci68%": [
          1.549767756462097,
          15.666844367980971
        ],
        "ci90%": [
          1.107411688566208,
          29.107730484008783
        ],
        "ci95%": [
          1.0342009782791137,
          36.59844188690187
        ]
      },
      {
        "param": "luminosity_distance",
        "median": 738.7325439453125,
        "mean": 835.1202608464558,
        "map": 237.41282653808594,
        "std": 559.8699002794892,
        "ci50%": [
          342.577392578125,
          1238.9012451171875
        ],
        "ci68%": [
          228.5097747802734,
          1491.5778759765626
        ],
        "ci90%": [
          129.76102905273436,
          1871.8760925292968
        ],
        "ci95%": [
          95.75690212249759,
          1983.494436645508
        ]
      },
      {
        "param": "ra",
        "median": 4.116953372955322,
        "mean": 3.6686623929531,
        "map": 5.860904216766357,
        "std": 1.8464410163793088,
        "ci50%": [
          2.0012461245059967,
          5.365240693092346
        ],
        "ci68%": [
          1.5675179719924923,
          5.563590183258057
        ],
        "ci90%": [
          0.4634681612253188,
          5.960890173912048
        ],
        "ci95%": [
          0.22092500440776358,
          6.095396912097931
        ]
      },
      {
        "param": "dec",
        "median": -0.12539535760879517,
        "mean": -0.1188815599679947,
        "map": 0.6577385663986206,
        "std": 0.6924519637784103,
        "ci50%": [
          -0.6945318728685379,
          0.4116601049900055
        ],
        "ci68%": [
          -0.9032282757759095,
          0.6531661081314089
        ],
        "ci90%": [
          -1.1935368180274963,
          1.0122345566749569
        ],
        "ci95%": [
          -1.2903674066066741,
          1.1451073229312898
        ]
      },
      {
        "param": "theta_jn",
        "median": 1.549462080001831,
        "mean": 1.5359885217940124,
        "map": 2.572174549102783,
        "std": 0.6912172658579613,
        "ci50%": [
          0.9849241822957993,
          2.062175452709198
        ],
        "ci68%": [
          0.7735892391204833,
          2.2748912429809574
        ],
        "ci90%": [
          0.41417748779058444,
          2.6533236026763913
        ],
        "ci95%": [
          0.2626019060611725,
          2.769092285633088
        ]
      },
      {
        "param": "psi",
        "median": 1.5664513111114502,
        "mean": 1.5799874745999307,
        "map": 2.627521276473999,
        "std": 0.9124547901527322,
        "ci50%": [
          0.7963500320911407,
          2.3973894119262695
        ],
        "ci68%": [
          0.527963421344757,
          2.6467538738250735
        ],
        "ci90%": [
          0.15375209152698516,
          2.989215576648712
        ],
        "ci95%": [
          0.0722350377589466,
          3.0659598827362062
        ]
      },
      {
        "param": "phase",
        "median": 3.1514757871627808,
        "mean": 3.1171423651489896,
        "map": 4.830718040466309,
        "std": 1.8107159722655592,
        "ci50%": [
          1.585341453552246,
          4.670742869377136
        ],
        "ci68%": [
          0.940876111984252,
          5.195193004608156
        ],
        "ci90%": [
          0.25197712332010264,
          5.938264560699462
        ],
        "ci95%": [
          0.12322458457201727,
          6.100178813934326
        ]
      },
      {
        "param": "geocent_time",
        "median": 0.40529441833496094,
        "mean": 0.24383576452732086,
        "map": 0.6531192064285278,
        "std": 0.8587251998313623,
        "ci50%": [
          -0.4111177623271942,
          0.9647930860519409
        ],
        "ci68%": [
          -0.8113187623023987,
          1.1412864828109743
        ],
        "ci90%": [
          -1.3386865317821504,
          1.391452395915985
        ],
        "ci95%": [
          -1.4506729930639266,
          1.457867681980133
        ]
      },
      {
        "param": "a1",
        "median": 0.36808517575263977,
        "mean": 0.40011137398084007,
        "map": 0.03354448080062866,
        "std": 0.310734519858718,
        "ci50%": [
          0.08178781718015671,
          0.6735131144523621
        ],
        "ci68%": [
          0.0334753930568695,
          0.7774858045578003
        ],
        "ci90%": [
          0.011156167089939112,
          0.9223855495452881
        ],
        "ci95%": [
          0.004517672210931781,
          0.9587766230106354
        ]
      },
      {
        "param": "a2",
        "median": 0.24648869037628174,
        "mean": 0.34032474346955616,
        "map": 0.04262980818748474,
        "std": 0.3241696734689406,
        "ci50%": [
          0.0356583446264267,
          0.6264667212963104
        ],
        "ci68%": [
          0.02280104160308838,
          0.7619498586654664
        ],
        "ci90%": [
          0.007039979100227356,
          0.9239534974098205
        ],
        "ci95%": [
          0.0039761818945407874,
          0.960620966553688
        ]
      }
    ],
    "diagnostics": {
      "runtime": {
        "preprocess_s": 0.041,
        "gwosc_fetch_s": 5.55,
        "encode_s": 0.007,
        "sampling_s": 3.028,
        "total_s": 8.628
      },
      "memory": {
        "rss_mb": 3953.5,
        "mps_allocated_mb": 139.2
      },
      "n_effective": 3000,
      "boundary_railing_frac": 0.0403,
      "log_prob": {
        "median": -20.480527877807617,
        "max": -3.7345218658447266
      },
      "ood_flags": [],
      "context_ood": {
        "mahalanobis": 8.42,
        "percentile_vs_validation": 96.5
      },
      "verdict": {
        "confidence": "HIGH",
        "reasons": []
      },
      "refinement": {
        "refine": true,
        "refine_global": true,
        "untrusted_params": [
          "mass_1",
          "mass_2"
        ],
        "strong_indicators": [
          "chirp-mass posterior uninformative (90% width 396% of median)"
        ],
        "moderate_indicators": [],
        "indicators": {
          "confidence": "HIGH",
          "ood_percentile": 96.5,
          "bias_region": {
            "q_in_attractor": true,
            "cell": {
              "mc": 10,
              "q": 0.4,
              "theta_jn": 1.57
            },
            "m1_bias": 1.22,
            "dl_bias": 1.64,
            "severe_mass_bias": false
          },
          "mc_width_frac": 3.963,
          "railing_frac": 0.0403
        },
        "recommendation": "run sampler refinement (compare_to_dynesty) before quoting these posteriors"
      }
    }
  },
  "covariance": [
    [
      614.072127028507,
      131.34868218153755,
      7093.7036173076085,
      -0.09695260753844374,
      0.028898996954985847,
      -0.05915434075257459,
      -0.22121425808027942,
      1.5576479057435941,
      0.6189816482726916,
      1.7172769622646966,
      1.1656028373215395
    ],
    [
      131.34868218153755,
      98.28717736206646,
      3505.993914245923,
      0.2173358620923254,
      0.11545751721926399,
      -0.1466923285307437,
      0.12662621839724897,
      0.12227978919411212,
      0.4106099438813939,
      0.5681266705316571,
      0.9692540043774442
    ],
    [
      7093.7036173076085,
      3505.993914245923,
      313558.824847248,
      6.044617233311988,
      -2.2470674526780736,
      -15.27090934159617,
      -15.002715254981831,
      26.30476336444649,
      3.621245101214102,
      53.50932111750839,
      75.20933096750107
    ],
    [
      -0.09695260753844374,
      0.2173358620923254,
      6.044617233311988,
      3.4104812540525247,
      0.0886384130923111,
      0.02731579025000304,
      0.010272172333583062,
      -0.0009259467714740276,
      0.057229192167491616,
      0.0005488232584330243,
      0.0035482816944089573
    ],
    [
      0.028898996954985847,
      0.11545751721926399,
      -2.2470674526780736,
      0.0886384130923111,
      0.4796496053423582,
      -0.009926340739831126,
      -0.029923207515436256,
      0.0362726845911208,
      0.0018876268649290718,
      -0.005420056095726303,
      -2.2829752750223208e-06
    ],
    [
      -0.05915434075257459,
      -0.1466923285307437,
      -15.27090934159617,
      0.02731579025000304,
      -0.009926340739831126,
      0.4779406221608762,
      -0.01979162713948128,
      -0.009524425446978175,
      0.012850457621948847,
      -0.0020089735495728116,
      0.0007177653634037329
    ],
    [
      -0.22121425808027942,
      0.12662621839724897,
      -15.002715254981831,
      0.010272172333583062,
      -0.029923207515436256,
      -0.01979162713948128,
      0.8328513611930626,
      0.003980000051182055,
      0.010381113760661743,
      -0.0024086523081235274,
      0.0016248329588851034
    ],
    [
      1.5576479057435941,
      0.12227978919411212,
      26.30476336444649,
      -0.0009259467714740276,
      0.0362726845911208,
      -0.009524425446978175,
      0.003980000051182055,
      3.2797855940823166,
      0.02790218950725684,
      -0.003537037474383343,
      0.004638463755840578
    ],
    [
      0.6189816482726916,
      0.4106099438813939,
      3.621245101214102,
      0.057229192167491616,
      0.0018876268649290718,
      0.012850457621948847,
      0.010381113760661743,
      0.02790218950725684,
      0.7376548537766715,
      0.008124201049228091,
      0.008362820707897838
    ],
    [
      1.7172769622646966,
      0.5681266705316571,
      53.50932111750839,
      0.0005488232584330243,
      -0.005420056095726303,
      -0.0020089735495728116,
      -0.0024086523081235274,
      -0.003537037474383343,
      0.008124201049228091,
      0.09658813787778717,
      0.024057187385736478
    ],
    [
      1.1656028373215395,
      0.9692540043774442,
      75.20933096750107,
      0.0035482816944089573,
      -2.2829752750223208e-06,
      0.0007177653634037329,
      0.0016248329588851034,
      0.004638463755840578,
      0.008362820707897838,
      0.024057187385736478,
      0.10512101753613848
    ]
  ],
  "correlation": [
    [
      1.0,
      0.5346475682220176,
      0.5112152875536793,
      -0.002118565852853673,
      0.0016838795823542268,
      -0.003452947330593552,
      -0.009781820136813862,
      0.034708582387454064,
      0.029083152355762264,
      0.22298145991736798,
      0.14507618458501378
    ],
    [
      0.5346475682220176,
      1.0,
      0.6315434166382135,
      0.011870667193763913,
      0.016815575565893033,
      -0.02140286926082427,
      0.01399559787395128,
      0.006810570969153189,
      0.048223022664215534,
      0.18438893221550653,
      0.30153962775467824
    ],
    [
      0.5112152875536794,
      0.6315434166382133,
      0.9999999999999998,
      0.005845228020995411,
      -0.005794214245119874,
      -0.039447402601232404,
      -0.029358009225671375,
      0.025938936036595302,
      0.007529598247686544,
      0.30747373985188947,
      0.4142546893183851
    ],
    [
      -0.0021185658528536733,
      0.011870667193763913,
      0.005845228020995411,
      0.9999999999999999,
      0.06930300929900561,
      0.021395328727832386,
      0.006094957947437764,
      -0.0002768569699070932,
      0.036081383355309284,
      0.0009562309095394777,
      0.005926052290662975
    ],
    [
      0.0016838795823542268,
      0.01681557556589303,
      -0.005794214245119873,
      0.0693030092990056,
      0.9999999999999999,
      -0.02073195039530196,
      -0.047343716664048394,
      0.02891977613329991,
      0.003173419614294174,
      -0.025181398098075035,
      -1.0167036537071047e-05
    ],
    [
      -0.003452947330593552,
      -0.021402869260824273,
      -0.0394474026012324,
      0.021395328727832386,
      -0.02073195039530196,
      1.0,
      -0.031369729826198185,
      -0.007607274497187773,
      0.021642380053471064,
      -0.00935029579279394,
      0.0032022169116204323
    ],
    [
      -0.00978182013681386,
      0.01399559787395128,
      -0.029358009225671375,
      0.006094957947437764,
      -0.047343716664048394,
      -0.031369729826198185,
      1.0,
      0.0024081115501715794,
      0.013244439935178163,
      -0.008492361385931032,
      0.005491363490295562
    ],
    [
      0.034708582387454064,
      0.00681057096915319,
      0.025938936036595302,
      -0.0002768569699070932,
      0.028919776133299914,
      -0.007607274497187774,
      0.0024081115501715794,
      0.9999999999999999,
      0.01793861688958998,
      -0.006284272915243731,
      0.007899628399115639
    ],
    [
      0.029083152355762264,
      0.048223022664215534,
      0.007529598247686543,
      0.036081383355309284,
      0.003173419614294174,
      0.021642380053471064,
      0.013244439935178163,
      0.01793861688958998,
      1.0,
      0.030436321535426514,
      0.03003180295035466
    ],
    [
      0.222981459917368,
      0.1843889322155065,
      0.30747373985188947,
      0.0009562309095394777,
      -0.02518139809807503,
      -0.00935029579279394,
      -0.008492361385931032,
      -0.006284272915243731,
      0.030436321535426514,
      1.0,
      0.23874713917349694
    ],
    [
      0.14507618458501378,
      0.30153962775467824,
      0.4142546893183851,
      0.005926052290662975,
      -1.0167036537071047e-05,
      0.0032022169116204327,
      0.005491363490295563,
      0.007899628399115637,
      0.030031802950354663,
      0.2387471391734969,
      1.0
    ]
  ],
  "diagnostics": {
    "runtime": {
      "preprocess_s": 0.041,
      "gwosc_fetch_s": 5.55,
      "encode_s": 0.007,
      "sampling_s": 3.028,
      "total_s": 8.628
    },
    "memory": {
      "rss_mb": 3953.5,
      "mps_allocated_mb": 139.2
    },
    "n_effective": 3000,
    "boundary_railing_frac": 0.0403,
    "log_prob": {
      "median": -20.480527877807617,
      "max": -3.7345218658447266
    },
    "ood_flags": [],
    "context_ood": {
      "mahalanobis": 8.42,
      "percentile_vs_validation": 96.5
    },
    "verdict": {
      "confidence": "HIGH",
      "reasons": []
    },
    "refinement": {
      "refine": true,
      "refine_global": true,
      "untrusted_params": [
        "mass_1",
        "mass_2"
      ],
      "strong_indicators": [
        "chirp-mass posterior uninformative (90% width 396% of median)"
      ],
      "moderate_indicators": [],
      "indicators": {
        "confidence": "HIGH",
        "ood_percentile": 96.5,
        "bias_region": {
          "q_in_attractor": true,
          "cell": {
            "mc": 10,
            "q": 0.4,
            "theta_jn": 1.57
          },
          "m1_bias": 1.22,
          "dl_bias": 1.64,
          "severe_mass_bias": false
        },
        "mc_width_frac": 3.963,
        "railing_frac": 0.0403
      },
      "recommendation": "run sampler refinement (compare_to_dynesty) before quoting these posteriors"
    }
  },
  "config": {
    "model_path": "model/lean_coherentC/best_model.pth",
    "model_epoch": 40,
    "model_val_nll": 1.3679874420166016,
    "premerger": false,
    "psd_cond": true,
    "device": "mps",
    "num_samples": 3000,
    "rank": 0,
    "seed": 0,
    "event": "GW170729",
    "event_type": "BBH",
    "source": "real",
    "detectors_present": [
      "H1",
      "L1",
      "V1"
    ]
  },
  "reproducibility": {
    "git_commit": "995121aff136ae38385b8720269d5a16cb7438f5",
    "model_path": "model/lean_coherentC/best_model.pth",
    "model_epoch": 40,
    "model_val_nll": 1.3679874420166016,
    "premerger": false
  },
  "preprocessing": {
    "source": "real",
    "detectors_present": [
      "H1",
      "L1",
      "V1"
    ],
    "warnings": [],
    "quality": {
      "H1": {
        "finite": true,
        "std": 0.8325052261352539,
        "max_abs": 3.5362794399261475,
        "excess_kurtosis": -0.0862574577331543,
        "repeated_frac": 0.0,
        "whitening_norm": 55.20578069909997
      },
      "L1": {
        "finite": true,
        "std": 1.0004900693893433,
        "max_abs": 3.766390800476074,
        "excess_kurtosis": -0.02658224105834961,
        "repeated_frac": 0.0,
        "whitening_norm": 45.82605603526463
      },
      "V1": {
        "finite": true,
        "std": 1.0305571556091309,
        "max_abs": 4.923017501831055,
        "excess_kurtosis": 0.22036957740783691,
        "repeated_frac": 0.0,
        "whitening_norm": 46.84303252466765
      }
    },
    "timings": {
      "preprocess_s": 0.041,
      "gwosc_fetch_s": 5.55
    }
  }
}