{
  "param_names": [
    "mass_1",
    "mass_2",
    "luminosity_distance",
    "ra",
    "dec",
    "theta_jn",
    "psi",
    "phase",
    "geocent_time",
    "a1",
    "a2"
  ],
  "trigger_gps": 1167559936.6,
  "truth": null,
  "summary": {
    "n_samples": 3000,
    "trigger_gps": 1167559936.6,
    "parameters": [
      {
        "param": "mass_1",
        "median": 50.2563533782959,
        "mean": 51.558551715056105,
        "map": 33.15858459472656,
        "std": 19.99391884554578,
        "ci50%": [
          30.0724515914917,
          65.44256782531738
        ],
        "ci68%": [
          30.034709014892577,
          74.25798919677734
        ],
        "ci90%": [
          29.988107776641847,
          87.33628425598144
        ],
        "ci95%": [
          29.960962295532227,
          93.53488960266114
        ]
      },
      {
        "param": "mass_2",
        "median": 29.976553916931152,
        "mean": 29.50131901872158,
        "map": 28.264636993408203,
        "std": 10.136318190741445,
        "ci50%": [
          24.549864292144775,
          33.82865810394287
        ],
        "ci68%": [
          20.544377059936522,
          37.7316928100586
        ],
        "ci90%": [
          12.742871904373166,
          46.805335807800276
        ],
        "ci95%": [
          2.5009530484676397,
          51.44318971633911
        ]
      },
      {
        "param": "luminosity_distance",
        "median": 1298.8348999023438,
        "mean": 1342.3097452125548,
        "map": 1300.774169921875,
        "std": 349.63213080771277,
        "ci50%": [
          1169.4704284667969,
          1571.3433532714844
        ],
        "ci68%": [
          1089.0727734375,
          1721.069375
        ],
        "ci90%": [
          767.8213958740234,
          1931.719012451172
        ],
        "ci95%": [
          545.9822586059573,
          1985.9054168701175
        ]
      },
      {
        "param": "ra",
        "median": 3.1151442527770996,
        "mean": 3.014509123816811,
        "map": 0.1679137945175171,
        "std": 2.2833744713165034,
        "ci50%": [
          0.5000424161553383,
          5.217689394950867
        ],
        "ci68%": [
          0.0015919845271855592,
          5.782635898590088
        ],
        "ci90%": [
          0.0005124473274918272,
          6.28232433795929
        ],
        "ci95%": [
          0.0002430316599202343,
          6.282841217517853
        ]
      },
      {
        "param": "dec",
        "median": -0.0006077885627746582,
        "mean": -0.059462465365727746,
        "map": 0.06656801700592041,
        "std": 0.5625275076732132,
        "ci50%": [
          -0.3843153715133667,
          0.1355327069759369
        ],
        "ci68%": [
          -0.5995332288742066,
          0.47632413387298594
        ],
        "ci90%": [
          -1.0544255018234254,
          1.009981286525726
        ],
        "ci95%": [
          -1.2174902647733687,
          1.210605251789093
        ]
      },
      {
        "param": "theta_jn",
        "median": 1.1410219073295593,
        "mean": 1.130847756710556,
        "map": 0.32248762249946594,
        "std": 0.9062002837516295,
        "ci50%": [
          0.0002448573759465944,
          1.9392366111278534
        ],
        "ci68%": [
          0.0,
          2.174722366333008
        ],
        "ci90%": [
          0.0,
          2.5767667651176454
        ],
        "ci95%": [
          0.0,
          2.6898790776729586
        ]
      },
      {
        "param": "psi",
        "median": 1.8211552500724792,
        "mean": 1.6969542991728395,
        "map": 0.46242424845695496,
        "std": 1.1196359430392857,
        "ci50%": [
          0.66746386885643,
          2.7482720017433167
        ],
        "ci68%": [
          0.10285152465105053,
          3.0637188339233403
        ],
        "ci90%": [
          0.00011402334930608048,
          3.14147812128067
        ],
        "ci95%": [
          5.785665489383974e-05,
          3.141533386707306
        ]
      },
      {
        "param": "phase",
        "median": 3.23855984210968,
        "mean": 3.1742754301279987,
        "map": 0.03446120023727417,
        "std": 2.2698416436377133,
        "ci50%": [
          1.0453363955020905,
          5.399562478065491
        ],
        "ci68%": [
          0.11847770661115646,
          6.159423694610597
        ],
        "ci90%": [
          0.0004213204098050481,
          6.282683062553406
        ],
        "ci95%": [
          0.0002133192119799791,
          6.28292852640152
        ]
      },
      {
        "param": "geocent_time",
        "median": -0.003812134265899658,
        "mean": -0.036015637477238974,
        "map": 0.013021469116210938,
        "std": 0.21291560117652308,
        "ci50%": [
          -0.021712571382522583,
          0.008593559265136719
        ],
        "ci68%": [
          -0.02934813499450684,
          0.01149242877960205
        ],
        "ci90%": [
          -0.0768226683139801,
          0.02211859226226806
        ],
        "ci95%": [
          -0.7620561093091963,
          0.040739247202873266
        ]
      },
      {
        "param": "a1",
        "median": 0.2718767821788788,
        "mean": 0.32725013136863706,
        "map": 0.05423712730407715,
        "std": 0.314185055151886,
        "ci50%": [
          0.0001275762915611267,
          0.5911799371242523
        ],
        "ci68%": [
          4.7228336334228496e-05,
          0.7123586535453797
        ],
        "ci90%": [
          0.0,
          0.8918137401342392
        ],
        "ci95%": [
          0.0,
          0.9376721307635307
        ]
      },
      {
        "param": "a2",
        "median": 0.28586408495903015,
        "mean": 0.33518119794130324,
        "map": 0.03358033299446106,
        "std": 0.31616747026689357,
        "ci50%": [
          8.538365364074707e-05,
          0.5827667862176895
        ],
        "ci68%": [
          0.0,
          0.7245243382453919
        ],
        "ci90%": [
          0.0,
          0.9094438165426253
        ],
        "ci95%": [
          0.0,
          0.9615826860070229
        ]
      }
    ],
    "diagnostics": {
      "runtime": {
        "preprocess_s": 0.057,
        "gwosc_fetch_s": 5.2,
        "encode_s": 0.006,
        "sampling_s": 1.625,
        "total_s": 6.886
      },
      "memory": {
        "rss_mb": 4605.6,
        "mps_allocated_mb": 125.4
      },
      "n_effective": 3000,
      "boundary_railing_frac": 0.3043,
      "log_prob": {
        "median": -18.410393714904785,
        "max": 52.073829650878906
      },
      "ood_flags": [
        "V1: no data \u2014 filled with unit white noise (posterior uses remaining detectors only)",
        "30.4% of samples rail at the parameter bounds \u2014 the event may lie outside the training prior (out-of-distribution)"
      ],
      "context_ood": {
        "mahalanobis": 9.51,
        "percentile_vs_validation": 85.5
      },
      "verdict": {
        "confidence": "LOW",
        "reasons": [
          "30% of posterior samples rail at prior bounds"
        ]
      },
      "refinement": {
        "refine": true,
        "refine_global": true,
        "untrusted_params": [
          "mass_1",
          "mass_2"
        ],
        "strong_indicators": [
          "confidence LOW: 30% of posterior samples rail at prior bounds",
          "30% of samples rail at prior bounds"
        ],
        "moderate_indicators": [
          "V1: no data \u2014 filled with unit white noise (posterior uses remaining detectors only)",
          "chirp-mass posterior wide (75% of median)"
        ],
        "indicators": {
          "confidence": "LOW",
          "ood_percentile": 85.5,
          "bias_region": {
            "q_in_attractor": true,
            "cell": {
              "mc": 30,
              "q": 0.7,
              "theta_jn": 1.57
            },
            "m1_bias": 0.73,
            "dl_bias": 3.84,
            "severe_mass_bias": false
          },
          "mc_width_frac": 0.746,
          "railing_frac": 0.3043
        },
        "recommendation": "run sampler refinement (compare_to_dynesty) before quoting these posteriors"
      }
    }
  },
  "covariance": [
    [
      399.89008749810307,
      -21.038638386129392,
      1835.4072875270347,
      10.659753272178863,
      0.11658221433678377,
      9.660416990032363,
      0.3143101184337485,
      1.3366467422917478,
      -0.08923134508857054,
      3.673454002221523,
      3.0658192047366235
    ],
    [
      -21.038638386129392,
      102.77920619935571,
      1769.036204583395,
      -0.084641870996491,
      0.17892164754850232,
      0.3116548080977481,
      -0.1971445596645909,
      0.8613931046500202,
      0.33596448269504947,
      0.9819706199837627,
      0.2656636405285726
    ],
    [
      1835.4072875270347,
      1769.036204583395,
      122283.38802248263,
      102.38169300328431,
      2.090597726531928,
      72.26581267363662,
      -3.880659794601584,
      52.12759100742822,
      12.97858028778187,
      44.33642745120058,
      20.643014030976282
    ],
    [
      10.659753272178863,
      -0.084641870996491,
      102.38169300328431,
      5.21553748875616,
      0.03173180927165947,
      0.6078727548933923,
      0.1608089441440443,
      -0.4534917557003827,
      0.006133831253531535,
      0.16420316918467598,
      0.21228638105151756
    ],
    [
      0.11658221433678377,
      0.17892164754850232,
      2.090597726531928,
      0.03173180927165947,
      0.3165427111260797,
      -0.0087444348141471,
      0.000228572353228081,
      0.012903042235069705,
      0.007018513773737392,
      0.003436777637799297,
      0.007330571491465357
    ],
    [
      9.660416990032363,
      0.3116548080977481,
      72.26581267363662,
      0.6078727548933923,
      -0.0087444348141471,
      0.8214727785310488,
      0.1014339622985676,
      0.010168261319116885,
      -0.009052157009246945,
      0.15855202647440145,
      0.1429744957464797
    ],
    [
      0.3143101184337485,
      -0.1971445596645909,
      -3.880659794601584,
      0.1608089441440443,
      0.000228572353228081,
      0.1014339622985676,
      1.2540026458274134,
      -0.13410345383267305,
      -0.007364651286555011,
      0.01868156971829473,
      0.028031693445717272
    ],
    [
      1.3366467422917478,
      0.8613931046500202,
      52.12759100742822,
      -0.4534917557003827,
      0.012903042235069705,
      0.010168261319116885,
      -0.13410345383267305,
      5.153899053543144,
      -0.0024770723307424923,
      0.019128518283821692,
      0.00827612084965627
    ],
    [
      -0.08923134508857054,
      0.33596448269504947,
      12.97858028778187,
      0.006133831253531535,
      0.007018513773737392,
      -0.009052157009246945,
      -0.007364651286555011,
      -0.0024770723307424923,
      0.04534816928078721,
      -0.0018144888409594871,
      -0.004211513172668913
    ],
    [
      3.673454002221523,
      0.9819706199837627,
      44.33642745120058,
      0.16420316918467598,
      0.003436777637799297,
      0.15855202647440145,
      0.01868156971829473,
      0.019128518283821692,
      -0.0018144888409594871,
      0.0987451639354388,
      0.0425958015831357
    ],
    [
      3.0658192047366235,
      0.2656636405285726,
      20.643014030976282,
      0.21228638105151756,
      0.007330571491465357,
      0.1429744957464797,
      0.028031693445717272,
      0.00827612084965627,
      -0.004211513172668913,
      0.0425958015831357,
      0.09999520098862963
    ]
  ],
  "correlation": [
    [
      1.0,
      -0.10377546306226018,
      0.2624692322005923,
      0.23341421305132112,
      0.01036205329454978,
      0.5330021554073807,
      0.014035853170328409,
      0.02944274995982424,
      -0.020954014524738104,
      0.5845832522376995,
      0.48482682628937035
    ],
    [
      -0.10377546306226021,
      0.9999999999999998,
      0.4989997868469035,
      -0.0036558055643669,
      0.03136852516211802,
      0.03391756090548514,
      -0.01736532600775807,
      0.03742663720546885,
      0.15561836860640796,
      0.3082392554545747,
      0.08286858272587881
    ],
    [
      0.2624692322005923,
      0.4989997868469035,
      1.0,
      0.12820029947176162,
      0.010626018886272516,
      0.2280093051961544,
      -0.009909976241405272,
      0.06566228166008613,
      0.1742864311765142,
      0.4034772447637301,
      0.18668086195236186
    ],
    [
      0.23341421305132115,
      -0.003655805564366899,
      0.12820029947176162,
      1.0,
      0.02469614353879453,
      0.2936747140443852,
      0.06287984149699295,
      -0.08746854583723301,
      0.01261253570650343,
      0.22880951556871623,
      0.2939564669294685
    ],
    [
      0.01036205329454978,
      0.031368525162118015,
      0.010626018886272516,
      0.024696143538794534,
      0.9999999999999998,
      -0.017148218061195566,
      0.0003627925116514085,
      0.010102014928884196,
      0.05857996638403015,
      0.019439153870404315,
      0.04120330906331513
    ],
    [
      0.5330021554073807,
      0.03391756090548514,
      0.22800930519615437,
      0.2936747140443852,
      -0.017148218061195562,
      1.0,
      0.09993959286433284,
      0.004941765766202447,
      -0.046900298873674647,
      0.5566949623262594,
      0.498852791011863
    ],
    [
      0.014035853170328409,
      -0.01736532600775807,
      -0.009909976241405272,
      0.06287984149699295,
      0.0003627925116514085,
      0.09993959286433284,
      1.0,
      -0.05275003872863974,
      -0.030883256040027354,
      0.053089204890125995,
      0.07916086476130894
    ],
    [
      0.02944274995982424,
      0.037426637205468856,
      0.06566228166008613,
      -0.08746854583723301,
      0.010102014928884196,
      0.004941765766202448,
      -0.05275003872863974,
      1.0,
      -0.00512378448881957,
      0.02681362052482561,
      0.011528406745380351
    ],
    [
      -0.020954014524738104,
      0.15561836860640793,
      0.1742864311765142,
      0.012612535706503428,
      0.05857996638403015,
      -0.046900298873674647,
      -0.030883256040027354,
      -0.00512378448881957,
      1.0,
      -0.027115430535097747,
      -0.06254155930468941
    ],
    [
      0.5845832522376995,
      0.3082392554545747,
      0.4034772447637301,
      0.22880951556871626,
      0.019439153870404315,
      0.5566949623262595,
      0.053089204890126,
      0.026813620524825613,
      -0.027115430535097743,
      1.0,
      0.4286662571337902
    ],
    [
      0.48482682628937035,
      0.08286858272587881,
      0.18668086195236186,
      0.2939564669294685,
      0.04120330906331514,
      0.498852791011863,
      0.07916086476130894,
      0.011528406745380351,
      -0.06254155930468941,
      0.4286662571337902,
      1.0
    ]
  ],
  "diagnostics": {
    "runtime": {
      "preprocess_s": 0.057,
      "gwosc_fetch_s": 5.2,
      "encode_s": 0.006,
      "sampling_s": 1.625,
      "total_s": 6.886
    },
    "memory": {
      "rss_mb": 4605.6,
      "mps_allocated_mb": 125.4
    },
    "n_effective": 3000,
    "boundary_railing_frac": 0.3043,
    "log_prob": {
      "median": -18.410393714904785,
      "max": 52.073829650878906
    },
    "ood_flags": [
      "V1: no data \u2014 filled with unit white noise (posterior uses remaining detectors only)",
      "30.4% of samples rail at the parameter bounds \u2014 the event may lie outside the training prior (out-of-distribution)"
    ],
    "context_ood": {
      "mahalanobis": 9.51,
      "percentile_vs_validation": 85.5
    },
    "verdict": {
      "confidence": "LOW",
      "reasons": [
        "30% of posterior samples rail at prior bounds"
      ]
    },
    "refinement": {
      "refine": true,
      "refine_global": true,
      "untrusted_params": [
        "mass_1",
        "mass_2"
      ],
      "strong_indicators": [
        "confidence LOW: 30% of posterior samples rail at prior bounds",
        "30% of samples rail at prior bounds"
      ],
      "moderate_indicators": [
        "V1: no data \u2014 filled with unit white noise (posterior uses remaining detectors only)",
        "chirp-mass posterior wide (75% of median)"
      ],
      "indicators": {
        "confidence": "LOW",
        "ood_percentile": 85.5,
        "bias_region": {
          "q_in_attractor": true,
          "cell": {
            "mc": 30,
            "q": 0.7,
            "theta_jn": 1.57
          },
          "m1_bias": 0.73,
          "dl_bias": 3.84,
          "severe_mass_bias": false
        },
        "mc_width_frac": 0.746,
        "railing_frac": 0.3043
      },
      "recommendation": "run sampler refinement (compare_to_dynesty) before quoting these posteriors"
    }
  },
  "config": {
    "model_path": "model/lean_v8_psdcond_ft/best_model.pth",
    "model_epoch": 25,
    "model_val_nll": -1.1877927356399596,
    "premerger": false,
    "psd_cond": true,
    "device": "mps",
    "num_samples": 3000,
    "rank": 0,
    "seed": 0,
    "event": "GW170104",
    "event_type": "BBH",
    "source": "real",
    "detectors_present": [
      "H1",
      "L1"
    ]
  },
  "reproducibility": {
    "git_commit": "995121aff136ae38385b8720269d5a16cb7438f5",
    "model_path": "model/lean_v8_psdcond_ft/best_model.pth",
    "model_epoch": 25,
    "model_val_nll": -1.1877927356399596,
    "premerger": false
  },
  "preprocessing": {
    "source": "real",
    "detectors_present": [
      "H1",
      "L1"
    ],
    "warnings": [
      "V1: no data \u2014 filled with unit white noise (posterior uses remaining detectors only)"
    ],
    "quality": {
      "H1": {
        "finite": true,
        "std": 0.977746307849884,
        "max_abs": 4.0638837814331055,
        "excess_kurtosis": -0.06703996658325195,
        "repeated_frac": 0.0,
        "whitening_norm": 46.741788915438214
      },
      "L1": {
        "finite": true,
        "std": 0.9818301796913147,
        "max_abs": 3.961163282394409,
        "excess_kurtosis": 0.0051500797271728516,
        "repeated_frac": 0.0,
        "whitening_norm": 46.30542302813522
      }
    },
    "timings": {
      "preprocess_s": 0.057,
      "gwosc_fetch_s": 5.2
    }
  }
}