{
  "param_names": [
    "mass_1",
    "mass_2",
    "luminosity_distance",
    "ra",
    "dec",
    "theta_jn",
    "psi",
    "phase",
    "geocent_time",
    "a1",
    "a2"
  ],
  "trigger_gps": 1180922494.5,
  "truth": null,
  "summary": {
    "n_samples": 3000,
    "trigger_gps": 1180922494.5,
    "parameters": [
      {
        "param": "mass_1",
        "median": 22.271970748901367,
        "mean": 29.315167566458385,
        "map": 1.8124107122421265,
        "std": 20.183218720108766,
        "ci50%": [
          15.747448921203613,
          36.14574146270752
        ],
        "ci68%": [
          14.170983009338379,
          46.137768096923836
        ],
        "ci90%": [
          10.920400142669676,
          77.02209167480466
        ],
        "ci95%": [
          9.140787267684944,
          90.15795574188232
        ]
      },
      {
        "param": "mass_2",
        "median": 7.873460531234741,
        "mean": 8.387682372887928,
        "map": 1.054835319519043,
        "std": 5.3635181362105895,
        "ci50%": [
          5.855695128440857,
          10.585803985595703
        ],
        "ci68%": [
          5.057942638397217,
          12.044864082336428
        ],
        "ci90%": [
          1.5788770198822022,
          15.145926237106321
        ],
        "ci95%": [
          1.2474408686161043,
          17.079852724075327
        ]
      },
      {
        "param": "luminosity_distance",
        "median": 406.93507385253906,
        "mean": 468.7867121035258,
        "map": 40.46745681762695,
        "std": 292.18952155171814,
        "ci50%": [
          270.33795166015625,
          597.7533264160156
        ],
        "ci68%": [
          221.31999328613276,
          699.1862573242188
        ],
        "ci90%": [
          139.62212448120115,
          997.7149993896483
        ],
        "ci95%": [
          96.78935317993174,
          1265.3393402099616
        ]
      },
      {
        "param": "ra",
        "median": 3.8396289348602295,
        "mean": 3.7221825447784114,
        "map": 4.760837078094482,
        "std": 1.197381323473166,
        "ci50%": [
          3.087836802005768,
          4.5304423570632935
        ],
        "ci68%": [
          2.695841941833496,
          4.81746000289917
        ],
        "ci90%": [
          1.3004548549652097,
          5.4791852712631215
        ],
        "ci95%": [
          0.5705314621329309,
          5.801124298572541
        ]
      },
      {
        "param": "dec",
        "median": 0.2188190221786499,
        "mean": 0.22221435455481212,
        "map": -0.25945937633514404,
        "std": 0.6170454128670165,
        "ci50%": [
          -0.2491886019706726,
          0.7257300019264221
        ],
        "ci68%": [
          -0.4250876140594483,
          0.9166926145553592
        ],
        "ci90%": [
          -0.7880438774824142,
          1.161236476898193
        ],
        "ci95%": [
          -0.92865674495697,
          1.2657493174076084
        ]
      },
      {
        "param": "theta_jn",
        "median": 1.2144108414649963,
        "mean": 1.3154873784792531,
        "map": 1.2056645154953003,
        "std": 0.7447098154948948,
        "ci50%": [
          0.7193741053342819,
          1.89640673995018
        ],
        "ci68%": [
          0.5235556173324583,
          2.1636969566345217
        ],
        "ci90%": [
          0.23277220577001564,
          2.6213291883468623
        ],
        "ci95%": [
          0.14077869318425656,
          2.799619966745377
        ]
      },
      {
        "param": "psi",
        "median": 1.6252577304840088,
        "mean": 1.5910395227978684,
        "map": 1.3116716146469116,
        "std": 0.9668780533628583,
        "ci50%": [
          0.7270483523607254,
          2.4614745378494263
        ],
        "ci68%": [
          0.44241092920303343,
          2.720576047897339
        ],
        "ci90%": [
          0.0808496907353401,
          3.065643501281738
        ],
        "ci95%": [
          0.03641697913408282,
          3.116531586647034
        ]
      },
      {
        "param": "phase",
        "median": 3.1158617734909058,
        "mean": 3.160379662743304,
        "map": 1.5248034000396729,
        "std": 1.7647089522289012,
        "ci50%": [
          1.6764685809612274,
          4.689175963401794
        ],
        "ci68%": [
          1.1532978057861327,
          5.205608253479005
        ],
        "ci90%": [
          0.41906781792640685,
          5.9136244535446165
        ],
        "ci95%": [
          0.20523895770311423,
          6.117660474777222
        ]
      },
      {
        "param": "geocent_time",
        "median": -0.012961804866790771,
        "mean": -0.03336920843521754,
        "map": -0.10285460948944092,
        "std": 0.18748355436893616,
        "ci50%": [
          -0.04515838623046875,
          0.011897891759872437
        ],
        "ci68%": [
          -0.06246700763702393,
          0.023438825607299808
        ],
        "ci90%": [
          -0.14163721799850465,
          0.05475336313247681
        ],
        "ci95%": [
          -0.2864665031433103,
          0.08319283127784736
        ]
      },
      {
        "param": "a1",
        "median": 0.4121098071336746,
        "mean": 0.43046076807379724,
        "map": 0.022506117820739746,
        "std": 0.28979034557748223,
        "ci50%": [
          0.16459361463785172,
          0.6696629822254181
        ],
        "ci68%": [
          0.09660078167915344,
          0.78287828207016
        ],
        "ci90%": [
          0.03280812352895736,
          0.9148289501667023
        ],
        "ci95%": [
          0.018064045161008836,
          0.9483196273446084
        ]
      },
      {
        "param": "a2",
        "median": 0.3734682947397232,
        "mean": 0.407180149247249,
        "map": 0.01683121919631958,
        "std": 0.3186694056676088,
        "ci50%": [
          0.09243639558553696,
          0.685862734913826
        ],
        "ci68%": [
          0.03179250240325928,
          0.812969470024109
        ],
        "ci90%": [
          0.00834382027387619,
          0.9386734992265696
        ],
        "ci95%": [
          0.004407770931720739,
          0.9658258944749833
        ]
      }
    ],
    "diagnostics": {
      "runtime": {
        "preprocess_s": 0.069,
        "gwosc_fetch_s": 5.42,
        "encode_s": 0.057,
        "sampling_s": 4.082,
        "total_s": 9.631
      },
      "memory": {
        "rss_mb": 1725.1,
        "mps_allocated_mb": 138.1
      },
      "n_effective": 3000,
      "boundary_railing_frac": 0.037,
      "log_prob": {
        "median": -16.173011779785156,
        "max": -4.944831848144531
      },
      "ood_flags": [
        "V1: no data \u2014 filled with unit white noise (posterior uses remaining detectors only)"
      ],
      "context_ood": {
        "mahalanobis": 17.7,
        "percentile_vs_validation": 99.7
      },
      "verdict": {
        "confidence": "MEDIUM",
        "reasons": [
          "context in the top 0.3% distance tail"
        ]
      },
      "refinement": {
        "refine": true,
        "refine_global": true,
        "untrusted_params": [
          "mass_1",
          "mass_2"
        ],
        "strong_indicators": [],
        "moderate_indicators": [
          "confidence MEDIUM",
          "context in top 0.3% OOD tail",
          "V1: no data \u2014 filled with unit white noise (posterior uses remaining detectors only)",
          "chirp-mass posterior wide (100% of median)"
        ],
        "indicators": {
          "confidence": "MEDIUM",
          "ood_percentile": 99.7,
          "bias_region": {
            "q_in_attractor": true,
            "cell": {
              "mc": 10,
              "q": 0.4,
              "theta_jn": 1.57
            },
            "m1_bias": 1.22,
            "dl_bias": 1.64,
            "severe_mass_bias": false
          },
          "mc_width_frac": 0.998,
          "railing_frac": 0.037
        },
        "recommendation": "run sampler refinement (compare_to_dynesty) before quoting these posteriors"
      }
    }
  },
  "covariance": [
    [
      407.49815062062225,
      -24.485314768900988,
      -81.70861290083458,
      0.20798458654856958,
      -0.37992837537199503,
      0.3658912670419914,
      0.1458554076316707,
      4.078895792074155,
      -0.418480899594297,
      1.5050616634040455,
      -1.8351566717897068
    ],
    [
      -24.485314768900988,
      28.77691910382789,
      692.8312502460695,
      -0.30014736086415855,
      0.10557692651396453,
      -0.1694670816936041,
      -0.21185091859180835,
      0.08981818272210443,
      0.03792831571298302,
      -0.0026603187976987812,
      0.495213726835839
    ],
    [
      -81.70861290083458,
      692.8312502460695,
      85403.18423269966,
      1.8591915388355014,
      -5.833134049940748,
      -19.996530677092615,
      -0.8328922048441091,
      34.67481243348525,
      1.2091154292602895,
      11.852674974258397,
      19.861458203248144
    ],
    [
      0.20798458654856958,
      -0.30014736086415855,
      1.8591915388355014,
      1.4342001005025151,
      -0.037717085534502245,
      -0.0006634242513755131,
      0.0925800370236682,
      0.06134899569418118,
      0.0045138667019028545,
      0.0028227990961220317,
      -0.03462991439753687
    ],
    [
      -0.37992837537199503,
      0.10557692651396453,
      -5.833134049940748,
      -0.037717085534502245,
      0.3808719988731842,
      -0.010131329439243823,
      -0.034642415005883144,
      0.04809568455747034,
      0.004967829552023815,
      -0.0013248944360987973,
      0.018649387170908072
    ],
    [
      0.3658912670419914,
      -0.1694670816936041,
      -19.996530677092615,
      -0.0006634242513755131,
      -0.010131329439243823,
      0.5547776351728311,
      -0.00897418057601301,
      0.029245189142213857,
      0.0014407731004906616,
      -0.0027371947561887996,
      -0.005247032069407647
    ],
    [
      0.1458554076316707,
      -0.21185091859180835,
      -0.8328922048441091,
      0.0925800370236682,
      -0.034642415005883144,
      -0.00897418057601301,
      0.9351648917053157,
      0.05494565604414462,
      0.0004455285858280498,
      -0.0026442805658347087,
      -0.013816161267880099
    ],
    [
      4.078895792074155,
      0.08981818272210443,
      34.67481243348525,
      0.06134899569418118,
      0.04809568455747034,
      0.029245189142213857,
      0.05494565604414462,
      3.1152360981095373,
      -0.015294912715537956,
      0.00712409012181094,
      -0.015218674730209578
    ],
    [
      -0.418480899594297,
      0.03792831571298302,
      1.2091154292602895,
      0.0045138667019028545,
      0.004967829552023815,
      0.0014407731004906616,
      0.0004455285858280498,
      -0.015294912715537956,
      0.035161803760063184,
      0.0004081104120354406,
      0.003414954688176306
    ],
    [
      1.5050616634040455,
      -0.0026603187976987812,
      11.852674974258397,
      0.0028227990961220317,
      -0.0013248944360987973,
      -0.0027371947561887996,
      -0.0026442805658347087,
      0.00712409012181094,
      0.0004081104120354406,
      0.08400644653876287,
      0.011490648199373165
    ],
    [
      -1.8351566717897068,
      0.495213726835839,
      19.861458203248144,
      -0.03462991439753687,
      0.018649387170908072,
      -0.005247032069407647,
      -0.013816161267880099,
      -0.015218674730209578,
      0.003414954688176306,
      0.011490648199373165,
      0.10158405145903314
    ]
  ],
  "correlation": [
    [
      1.0,
      -0.22611049586871212,
      -0.01385058079771263,
      0.008603268080154611,
      -0.030496456988865404,
      0.024334910341945355,
      0.007471634474559938,
      0.11448123496120903,
      -0.11055470922844475,
      0.257238024293138,
      -0.2852315493886179
    ],
    [
      -0.2261104958687121,
      0.9999999999999999,
      0.4419450649359726,
      -0.046720502673999874,
      0.031890207450682835,
      -0.04241346269288831,
      -0.04083796630602723,
      0.009486295142442801,
      0.03770559830788644,
      -0.0017110205592168822,
      0.28963948163971254
    ],
    [
      -0.013850580797712628,
      0.4419450649359726,
      1.0,
      0.005312295539440183,
      -0.03234263522512288,
      -0.09186670706194452,
      -0.002947186836107264,
      0.06722512298828,
      0.022064554263577705,
      0.13993393159053713,
      0.213236396164649
    ],
    [
      0.008603268080154611,
      -0.04672050267399987,
      0.005312295539440183,
      1.0,
      -0.051032134031386046,
      -0.0007437500299997688,
      0.07994077951452176,
      0.0290239889437384,
      0.020100565816832533,
      0.008132401057265874,
      -0.09072642095684842
    ],
    [
      -0.0304964569888654,
      0.031890207450682835,
      -0.03234263522512288,
      -0.05103213403138605,
      0.9999999999999998,
      -0.022040296996811898,
      -0.05804629979333404,
      0.04415410688618182,
      0.04292809250214378,
      -0.007406882350252923,
      0.09481177512321197
    ],
    [
      0.024334910341945355,
      -0.0424134626928883,
      -0.09186670706194451,
      -0.0007437500299997688,
      -0.022040296996811894,
      1.0,
      -0.012459230902774301,
      0.022245874288033905,
      0.010315743766915419,
      -0.012679143571617011,
      -0.022102504172210165
    ],
    [
      0.007471634474559938,
      -0.04083796630602723,
      -0.002947186836107264,
      0.07994077951452176,
      -0.05804629979333405,
      -0.012459230902774301,
      1.0,
      0.03219169044169756,
      0.002456947657340517,
      -0.00943424453416416,
      -0.044826056271542285
    ],
    [
      0.11448123496120902,
      0.009486295142442801,
      0.06722512298828,
      0.029023988943738404,
      0.04415410688618182,
      0.022245874288033908,
      0.03219169044169756,
      0.9999999999999999,
      -0.046213189862613656,
      0.01392603922839359,
      -0.027053196483438107
    ],
    [
      -0.11055470922844475,
      0.03770559830788644,
      0.02206455426357771,
      0.020100565816832533,
      0.04292809250214378,
      0.010315743766915417,
      0.002456947657340517,
      -0.04621318986261366,
      1.0,
      0.007509063809614519,
      0.05713952263481016
    ],
    [
      0.257238024293138,
      -0.0017110205592168824,
      0.13993393159053713,
      0.008132401057265872,
      -0.007406882350252922,
      -0.01267914357161701,
      -0.009434244534164159,
      0.013926039228393586,
      0.0075090638096145185,
      0.9999999999999998,
      0.1243871325384779
    ],
    [
      -0.2852315493886179,
      0.2896394816397126,
      0.21323639616464904,
      -0.09072642095684844,
      0.09481177512321198,
      -0.022102504172210165,
      -0.044826056271542285,
      -0.027053196483438104,
      0.057139522634810154,
      0.1243871325384779,
      1.0
    ]
  ],
  "diagnostics": {
    "runtime": {
      "preprocess_s": 0.069,
      "gwosc_fetch_s": 5.42,
      "encode_s": 0.057,
      "sampling_s": 4.082,
      "total_s": 9.631
    },
    "memory": {
      "rss_mb": 1725.1,
      "mps_allocated_mb": 138.1
    },
    "n_effective": 3000,
    "boundary_railing_frac": 0.037,
    "log_prob": {
      "median": -16.173011779785156,
      "max": -4.944831848144531
    },
    "ood_flags": [
      "V1: no data \u2014 filled with unit white noise (posterior uses remaining detectors only)"
    ],
    "context_ood": {
      "mahalanobis": 17.7,
      "percentile_vs_validation": 99.7
    },
    "verdict": {
      "confidence": "MEDIUM",
      "reasons": [
        "context in the top 0.3% distance tail"
      ]
    },
    "refinement": {
      "refine": true,
      "refine_global": true,
      "untrusted_params": [
        "mass_1",
        "mass_2"
      ],
      "strong_indicators": [],
      "moderate_indicators": [
        "confidence MEDIUM",
        "context in top 0.3% OOD tail",
        "V1: no data \u2014 filled with unit white noise (posterior uses remaining detectors only)",
        "chirp-mass posterior wide (100% of median)"
      ],
      "indicators": {
        "confidence": "MEDIUM",
        "ood_percentile": 99.7,
        "bias_region": {
          "q_in_attractor": true,
          "cell": {
            "mc": 10,
            "q": 0.4,
            "theta_jn": 1.57
          },
          "m1_bias": 1.22,
          "dl_bias": 1.64,
          "severe_mass_bias": false
        },
        "mc_width_frac": 0.998,
        "railing_frac": 0.037
      },
      "recommendation": "run sampler refinement (compare_to_dynesty) before quoting these posteriors"
    }
  },
  "config": {
    "model_path": "model/long_run/best_model.pth",
    "model_epoch": 18,
    "model_val_nll": 0.941044722834753,
    "premerger": false,
    "psd_cond": true,
    "device": "mps",
    "num_samples": 3000,
    "rank": 0,
    "seed": 0,
    "event": "GW170608",
    "event_type": "BBH",
    "source": "real",
    "detectors_present": [
      "H1",
      "L1"
    ]
  },
  "reproducibility": {
    "git_commit": "995121aff136ae38385b8720269d5a16cb7438f5",
    "model_path": "model/long_run/best_model.pth",
    "model_epoch": 18,
    "model_val_nll": 0.941044722834753,
    "premerger": false
  },
  "preprocessing": {
    "source": "real",
    "detectors_present": [
      "H1",
      "L1"
    ],
    "warnings": [
      "V1: no data \u2014 filled with unit white noise (posterior uses remaining detectors only)"
    ],
    "quality": {
      "H1": {
        "finite": true,
        "std": 0.8632428050041199,
        "max_abs": 3.48296856880188,
        "excess_kurtosis": 0.014204978942871094,
        "repeated_frac": 0.0,
        "whitening_norm": 52.34717436448604
      },
      "L1": {
        "finite": true,
        "std": 1.0091745853424072,
        "max_abs": 4.596554279327393,
        "excess_kurtosis": 0.09437704086303711,
        "repeated_frac": 0.0,
        "whitening_norm": 45.724966924896336
      }
    },
    "timings": {
      "preprocess_s": 0.069,
      "gwosc_fetch_s": 5.42
    }
  }
}