{
  "param_names": [
    "mass_1",
    "mass_2",
    "luminosity_distance",
    "ra",
    "dec",
    "theta_jn",
    "psi",
    "phase",
    "geocent_time",
    "a1",
    "a2"
  ],
  "trigger_gps": 1167559936.6,
  "truth": {
    "mass_1": 37.3,
    "mass_2": 24.2,
    "luminosity_distance": 990.0
  },
  "summary": {
    "n_samples": 10000,
    "trigger_gps": 1167559936.6,
    "parameters": [
      {
        "param": "mass_1",
        "median": 16.088905334472656,
        "mean": 25.251133016288282,
        "map": 1.0396267175674438,
        "std": 24.951030850172195,
        "ci50%": [
          6.414295673370361,
          36.501394271850586
        ],
        "ci68%": [
          2.3397023487091055,
          51.2017797851563
        ],
        "ci90%": [
          1.4309557318687438,
          81.10036048889154
        ],
        "ci95%": [
          1.2332087606191637,
          90.59207897186276
        ],
        "truth": 37.3,
        "truth_in_90": true
      },
      {
        "param": "mass_2",
        "median": 6.143710136413574,
        "mean": 8.635395481097698,
        "map": 1.0211735963821411,
        "std": 9.535893285196188,
        "ci50%": [
          1.8135826885700226,
          10.912871837615967
        ],
        "ci68%": [
          1.4268622207641595,
          14.717317199707036
        ],
        "ci90%": [
          1.0803749680519104,
          27.519083404541014
        ],
        "ci95%": [
          1.0291557252407073,
          34.90422906875609
        ],
        "truth": 24.2,
        "truth_in_90": true
      },
      {
        "param": "luminosity_distance",
        "median": 697.562744140625,
        "mean": 813.1859065956115,
        "map": 56.93043518066406,
        "std": 562.9502291146722,
        "ci50%": [
          312.51629638671875,
          1234.0036010742188
        ],
        "ci68%": [
          212.63038513183594,
          1471.7889892578125
        ],
        "ci90%": [
          114.40396728515623,
          1877.4027770996092
        ],
        "ci95%": [
          80.34817867279054,
          1974.2138549804686
        ],
        "truth": 990.0,
        "truth_in_90": true
      },
      {
        "param": "ra",
        "median": 3.287452220916748,
        "mean": 3.2030081861442334,
        "map": 4.221279144287109,
        "std": 1.5846905283743342,
        "ci50%": [
          2.128115952014923,
          4.421863675117493
        ],
        "ci68%": [
          1.3723749160766598,
          4.88151155471802
        ],
        "ci90%": [
          0.34872444421052934,
          5.6952783107757545
        ],
        "ci95%": [
          0.1584017075598241,
          6.030428266525268
        ]
      },
      {
        "param": "dec",
        "median": 0.1184852123260498,
        "mean": 0.15307885113954545,
        "map": -0.45546436309814453,
        "std": 0.689270526711964,
        "ci50%": [
          -0.38469356298446655,
          0.7174777984619141
        ],
        "ci68%": [
          -0.5725834274291992,
          0.9417272901535036
        ],
        "ci90%": [
          -0.9483403742313385,
          1.2582797169685356
        ],
        "ci95%": [
          -1.1074494898319245,
          1.3671808898448943
        ]
      },
      {
        "param": "theta_jn",
        "median": 1.5716097354888916,
        "mean": 1.55901202431157,
        "map": 1.7714390754699707,
        "std": 0.701690910892131,
        "ci50%": [
          1.0164858102798462,
          2.107484996318817
        ],
        "ci68%": [
          0.7960368824005126,
          2.321569681167603
        ],
        "ci90%": [
          0.4044527471065521,
          2.6853681325912473
        ],
        "ci95%": [
          0.25128926783800143,
          2.817849081754684
        ]
      },
      {
        "param": "psi",
        "median": 1.529617726802826,
        "mean": 1.5467464354686054,
        "map": 0.26286911964416504,
        "std": 0.9235815393792645,
        "ci50%": [
          0.7462844997644424,
          2.3557414412498474
        ],
        "ci68%": [
          0.46488383412361145,
          2.6447618198394784
        ],
        "ci90%": [
          0.1213336657732725,
          2.9965503096580504
        ],
        "ci95%": [
          0.05023219725117092,
          3.0708592772483825
        ]
      },
      {
        "param": "phase",
        "median": 3.053154468536377,
        "mean": 3.055251825711079,
        "map": 5.822537422180176,
        "std": 1.8551994709462896,
        "ci50%": [
          1.419957309961319,
          4.655102014541626
        ],
        "ci68%": [
          0.8755513477325434,
          5.275104637145996
        ],
        "ci90%": [
          0.2140955932438373,
          5.966434407234192
        ],
        "ci95%": [
          0.09739732854068282,
          6.121755862236022
        ]
      },
      {
        "param": "geocent_time",
        "median": -0.049579501152038574,
        "mean": -0.031174438321590423,
        "map": 0.48271191120147705,
        "std": 0.8515039230521197,
        "ci50%": [
          -0.7502980977296829,
          0.676798939704895
        ],
        "ci68%": [
          -1.0199017000198365,
          0.979003520011903
        ],
        "ci90%": [
          -1.3583574056625367,
          1.3392613649368283
        ],
        "ci95%": [
          -1.4435815155506133,
          1.4417407035827636
        ]
      },
      {
        "param": "a1",
        "median": 0.3699789345264435,
        "mean": 0.40417808767557145,
        "map": 0.014890730381011963,
        "std": 0.31948660448341215,
        "ci50%": [
          0.06519220769405365,
          0.6895293146371841
        ],
        "ci68%": [
          0.03355905175209045,
          0.7959946489334107
        ],
        "ci90%": [
          0.009200875461101531,
          0.9366819381713867
        ],
        "ci95%": [
          0.004111023992300036,
          0.967498829960823
        ]
      },
      {
        "param": "a2",
        "median": 0.2109319269657135,
        "mean": 0.32562831730544567,
        "map": 0.02520892024040222,
        "std": 0.3211065497189312,
        "ci50%": [
          0.03316415101289749,
          0.6010805666446686
        ],
        "ci68%": [
          0.021253063678741448,
          0.7431266164779665
        ],
        "ci90%": [
          0.0066104382276535026,
          0.9170030117034911
        ],
        "ci95%": [
          0.003332122415304187,
          0.9515961199998856
        ]
      }
    ],
    "diagnostics": {
      "runtime": {
        "preprocess_s": 0.057,
        "gwosc_fetch_s": null,
        "encode_s": 0.007,
        "sampling_s": 16.539,
        "total_s": 16.547
      },
      "memory": {
        "rss_mb": 1287.1,
        "mps_allocated_mb": 53.4
      },
      "n_effective": 10000,
      "boundary_railing_frac": 0.0454,
      "log_prob": {
        "median": -20.841879844665527,
        "max": 25.36861228942871
      },
      "ood_flags": [
        "V1: no data \u2014 filled with unit white noise (posterior uses remaining detectors only)"
      ],
      "context_ood": {
        "mahalanobis": 9.13,
        "percentile_vs_validation": 97.5
      },
      "verdict": {
        "confidence": "HIGH",
        "reasons": [
          "V1: no data \u2014 filled with unit white noise (posterior uses remaining detectors only)"
        ]
      },
      "refinement": {
        "refine": true,
        "refine_global": true,
        "untrusted_params": [
          "mass_1",
          "mass_2"
        ],
        "strong_indicators": [
          "chirp-mass posterior uninformative (90% width 399% of median)"
        ],
        "moderate_indicators": [
          "V1: no data \u2014 filled with unit white noise (posterior uses remaining detectors only)"
        ],
        "indicators": {
          "confidence": "HIGH",
          "ood_percentile": 97.5,
          "bias_region": {
            "q_in_attractor": true,
            "cell": {
              "mc": 10,
              "q": 0.4,
              "theta_jn": 1.57
            },
            "m1_bias": 1.22,
            "dl_bias": 1.64,
            "severe_mass_bias": false
          },
          "mc_width_frac": 3.989,
          "railing_frac": 0.0454
        },
        "recommendation": "run sampler refinement (compare_to_dynesty) before quoting these posteriors"
      }
    }
  },
  "covariance": [
    [
      622.6162021064547,
      121.4712096712281,
      6217.74653263733,
      0.07019453767063952,
      -0.061111186375802644,
      -0.017688739819017543,
      0.14787400792924196,
      0.3122564661300092,
      -0.9309615792640282,
      1.8337017163780227,
      1.4440087943979023
    ],
    [
      121.4712096712281,
      90.94235498214792,
      3063.3146922294704,
      -0.10757252394389885,
      -0.12708745570132643,
      -0.127829176407554,
      -0.04799109584228996,
      -0.1688066355863844,
      -0.0744644517196632,
      0.5200035323567684,
      1.035733986370903
    ],
    [
      6217.74653263733,
      3063.3146922294704,
      316944.6549257538,
      6.607917802144641,
      -9.377030468727025,
      -5.304874708319871,
      -13.2878341264985,
      5.671807493305719,
      -9.724652006180031,
      54.0784678787726,
      80.54019160819557
    ],
    [
      0.07019453767063952,
      -0.10757252394389885,
      6.607917802144641,
      2.511495220241352,
      0.036400560858305196,
      0.002463284737000915,
      0.0035139304868127682,
      0.014015709477603402,
      0.03776589947716142,
      0.008393030802946986,
      0.002558826287536879
    ],
    [
      -0.061111186375802644,
      -0.12708745570132643,
      -9.377030468727025,
      0.036400560858305196,
      0.4751413731311026,
      -0.0046937242311158615,
      -0.013649849850614425,
      0.031233046724356138,
      0.001092179655498258,
      -0.001000519094595184,
      -0.006436995862516294
    ],
    [
      -0.017688739819017543,
      -0.127829176407554,
      -5.304874708319871,
      0.002463284737000915,
      -0.0046937242311158615,
      0.4924193763662652,
      -0.012090709900678533,
      0.016481232444394468,
      0.005262023609476313,
      0.0016015683733761044,
      0.0028835822011699466
    ],
    [
      0.14787400792924196,
      -0.04799109584228996,
      -13.2878341264985,
      0.0035139304868127682,
      -0.013649849850614425,
      -0.012090709900678533,
      0.8530881686990399,
      0.01998953468601633,
      0.007992485157748214,
      0.0011200569262908822,
      -0.002633070304756096
    ],
    [
      0.3122564661300092,
      -0.1688066355863844,
      5.671807493305719,
      0.014015709477603402,
      0.031233046724356138,
      0.016481232444394468,
      0.01998953468601633,
      3.442109287928195,
      0.022472362333260953,
      -0.001091544851469857,
      0.0026444009881960657
    ],
    [
      -0.9309615792640282,
      -0.0744644517196632,
      -9.724652006180031,
      0.03776589947716142,
      0.001092179655498258,
      0.005262023609476313,
      0.007992485157748214,
      0.022472362333260953,
      0.7251314441175615,
      -0.002196755800494763,
      -0.0025326195876830414
    ],
    [
      1.8337017163780227,
      0.5200035323567684,
      54.0784678787726,
      0.008393030802946986,
      -0.001000519094595184,
      0.0016015683733761044,
      0.0011200569262908822,
      -0.001091544851469857,
      -0.002196755800494763,
      0.10208189863420367,
      0.02347443141991257
    ],
    [
      1.4440087943979023,
      1.035733986370903,
      80.54019160819557,
      0.002558826287536879,
      -0.006436995862516294,
      0.0028835822011699466,
      -0.002633070304756096,
      0.0026444009881960657,
      -0.0025326195876830414,
      0.02347443141991257,
      0.10311972824522099
    ]
  ],
  "correlation": [
    [
      1.0,
      0.5104815488858169,
      0.4426200561842738,
      0.0017751167866022575,
      -0.0035530316956124343,
      -0.0010102273409033592,
      0.006416300206923413,
      0.006745107938022087,
      -0.043814027859043675,
      0.23000862037959682,
      0.1802140925368365
    ],
    [
      0.5104815488858169,
      1.0,
      0.5705803351015849,
      -0.007117903279787434,
      -0.01933339672583314,
      -0.0191020213356778,
      -0.005448545842946446,
      -0.009541004232858101,
      -0.009169750710062685,
      0.17066671380264303,
      0.3382160781671828
    ],
    [
      0.44262005618427386,
      0.5705803351015849,
      1.0,
      0.007406392744832064,
      -0.02416363054725715,
      -0.013428139618948568,
      -0.025554390244084627,
      0.005430220168371539,
      -0.02028495198927491,
      0.30064798219133787,
      0.4455024149004177
    ],
    [
      0.0017751167866022575,
      -0.007117903279787434,
      0.007406392744832064,
      1.0,
      0.033321954964561605,
      0.002215036418192574,
      0.002400656530063704,
      0.004766905924332567,
      0.027984998363443796,
      0.016575943950124444,
      0.00502809814002294
    ],
    [
      -0.0035530316956124347,
      -0.019333396725833136,
      -0.024163630547257155,
      0.033321954964561605,
      1.0,
      -0.009703727204156536,
      -0.02143973882136342,
      0.024422527038522646,
      0.0018606911382957959,
      -0.00454296705869211,
      -0.029080436821869504
    ],
    [
      -0.0010102273409033592,
      -0.0191020213356778,
      -0.013428139618948568,
      0.0022150364181925735,
      -0.009703727204156536,
      1.0,
      -0.018654657281054757,
      0.012659302861108113,
      0.008805963001818923,
      0.007143376614967052,
      0.012796579213025254
    ],
    [
      0.006416300206923412,
      -0.005448545842946446,
      -0.025554390244084627,
      0.0024006565300637036,
      -0.02143973882136342,
      -0.018654657281054754,
      0.9999999999999999,
      0.011665232462728718,
      0.010161937278315446,
      0.0037954980017067576,
      -0.008877580434350742
    ],
    [
      0.006745107938022087,
      -0.009541004232858103,
      0.005430220168371539,
      0.004766905924332566,
      0.02442252703852265,
      0.012659302861108113,
      0.01166523246272872,
      1.0,
      0.014224205958538112,
      -0.001841428618595252,
      0.00443858052488115
    ],
    [
      -0.043814027859043675,
      -0.009169750710062687,
      -0.02028495198927491,
      0.0279849983634438,
      0.0018606911382957959,
      0.008805963001818925,
      0.010161937278315446,
      0.01422420595853811,
      1.0,
      -0.008074191458258146,
      -0.009261700065821776
    ],
    [
      0.23000862037959682,
      0.17066671380264303,
      0.30064798219133787,
      0.016575943950124444,
      -0.00454296705869211,
      0.007143376614967052,
      0.003795498001706757,
      -0.001841428618595252,
      -0.008074191458258146,
      0.9999999999999998,
      0.22879674019849958
    ],
    [
      0.1802140925368365,
      0.3382160781671828,
      0.4455024149004177,
      0.00502809814002294,
      -0.029080436821869504,
      0.012796579213025254,
      -0.008877580434350742,
      0.00443858052488115,
      -0.009261700065821776,
      0.2287967401984996,
      0.9999999999999998
    ]
  ],
  "diagnostics": {
    "runtime": {
      "preprocess_s": 0.057,
      "gwosc_fetch_s": null,
      "encode_s": 0.007,
      "sampling_s": 16.539,
      "total_s": 16.547
    },
    "memory": {
      "rss_mb": 1287.1,
      "mps_allocated_mb": 53.4
    },
    "n_effective": 10000,
    "boundary_railing_frac": 0.0454,
    "log_prob": {
      "median": -20.841879844665527,
      "max": 25.36861228942871
    },
    "ood_flags": [
      "V1: no data \u2014 filled with unit white noise (posterior uses remaining detectors only)"
    ],
    "context_ood": {
      "mahalanobis": 9.13,
      "percentile_vs_validation": 97.5
    },
    "verdict": {
      "confidence": "HIGH",
      "reasons": [
        "V1: no data \u2014 filled with unit white noise (posterior uses remaining detectors only)"
      ]
    },
    "refinement": {
      "refine": true,
      "refine_global": true,
      "untrusted_params": [
        "mass_1",
        "mass_2"
      ],
      "strong_indicators": [
        "chirp-mass posterior uninformative (90% width 399% of median)"
      ],
      "moderate_indicators": [
        "V1: no data \u2014 filled with unit white noise (posterior uses remaining detectors only)"
      ],
      "indicators": {
        "confidence": "HIGH",
        "ood_percentile": 97.5,
        "bias_region": {
          "q_in_attractor": true,
          "cell": {
            "mc": 10,
            "q": 0.4,
            "theta_jn": 1.57
          },
          "m1_bias": 1.22,
          "dl_bias": 1.64,
          "severe_mass_bias": false
        },
        "mc_width_frac": 3.989,
        "railing_frac": 0.0454
      },
      "recommendation": "run sampler refinement (compare_to_dynesty) before quoting these posteriors"
    }
  },
  "config": {
    "model_path": "model/lean_coherentC/best_model.pth",
    "model_epoch": 40,
    "model_val_nll": 1.3679874420166016,
    "premerger": false,
    "psd_cond": true,
    "device": "mps",
    "num_samples": 10000,
    "rank": 0,
    "seed": 0,
    "event": null,
    "event_type": "BBH",
    "source": "real",
    "detectors_present": [
      "H1",
      "L1"
    ]
  },
  "reproducibility": {
    "git_commit": "995121aff136ae38385b8720269d5a16cb7438f5",
    "model_path": "model/lean_coherentC/best_model.pth",
    "model_epoch": 40,
    "model_val_nll": 1.3679874420166016,
    "premerger": false
  },
  "preprocessing": {
    "source": "real",
    "detectors_present": [
      "H1",
      "L1"
    ],
    "warnings": [
      "V1: no data \u2014 filled with unit white noise (posterior uses remaining detectors only)"
    ],
    "quality": {
      "H1": {
        "finite": true,
        "std": 0.977746307849884,
        "max_abs": 4.0638837814331055,
        "excess_kurtosis": -0.06703996658325195,
        "repeated_frac": 0.0,
        "whitening_norm": 46.741788915438214
      },
      "L1": {
        "finite": true,
        "std": 0.9818301796913147,
        "max_abs": 3.961163282394409,
        "excess_kurtosis": 0.0051500797271728516,
        "repeated_frac": 0.0,
        "whitening_norm": 46.30542302813522
      }
    },
    "timings": {
      "preprocess_s": 0.057
    }
  }
}