{
  "param_names": [
    "mass_1",
    "mass_2",
    "luminosity_distance",
    "ra",
    "dec",
    "theta_jn",
    "psi",
    "phase",
    "geocent_time",
    "a1",
    "a2"
  ],
  "trigger_gps": 1167559936.6,
  "truth": {
    "mass_1": 37.3,
    "mass_2": 24.2,
    "luminosity_distance": 990.0
  },
  "summary": {
    "n_samples": 10000,
    "trigger_gps": 1167559936.6,
    "parameters": [
      {
        "param": "mass_1",
        "median": 59.97470283508301,
        "mean": 62.9089342210412,
        "map": 28.408206939697266,
        "std": 18.47599634073256,
        "ci50%": [
          49.19863986968994,
          76.69458198547363
        ],
        "ci68%": [
          44.94806579589844,
          84.3493948364258
        ],
        "ci90%": [
          37.97158241271973,
          95.54025650024414
        ],
        "ci95%": [
          34.45983009338379,
          99.21404190063477
        ],
        "truth": 37.3,
        "truth_in_90": false
      },
      {
        "param": "mass_2",
        "median": 25.069756507873535,
        "mean": 26.419747718167304,
        "map": 28.321407318115234,
        "std": 11.397617968332993,
        "ci50%": [
          18.65676975250244,
          33.81005859375
        ],
        "ci68%": [
          15.639482917785644,
          37.904840545654295
        ],
        "ci90%": [
          10.671951818466185,
          44.94198551177977
        ],
        "ci95%": [
          7.132994186878208,
          49.467390823364255
        ],
        "truth": 24.2,
        "truth_in_90": true
      },
      {
        "param": "luminosity_distance",
        "median": 1571.5355224609375,
        "mean": 1515.6528253009797,
        "map": 1221.8505859375,
        "std": 376.0542101306971,
        "ci50%": [
          1285.6310424804688,
          1808.7779846191406
        ],
        "ci68%": [
          1135.3157470703125,
          1895.8835986328131
        ],
        "ci90%": [
          836.0861297607421,
          2009.6816955566405
        ],
        "ci95%": [
          678.6902435302735,
          2051.1501953125
        ],
        "truth": 990.0,
        "truth_in_90": true
      },
      {
        "param": "ra",
        "median": 3.46390438079834,
        "mean": 3.2634976821825084,
        "map": 0.03340677544474602,
        "std": 1.763012373300628,
        "ci50%": [
          1.7191804945468903,
          4.741847634315491
        ],
        "ci68%": [
          1.1384508132934568,
          5.25924352645874
        ],
        "ci90%": [
          0.3911129906773567,
          5.9580276727676384
        ],
        "ci95%": [
          0.2129493288695813,
          6.08710081577301
        ]
      },
      {
        "param": "dec",
        "median": -0.009386122226715088,
        "mean": 0.07096370205879211,
        "map": 0.9196435213088989,
        "std": 0.7663634182678796,
        "ci50%": [
          -0.5067273378372192,
          0.7254467606544495
        ],
        "ci68%": [
          -0.727663381099701,
          0.958003525733948
        ],
        "ci90%": [
          -1.1793887674808503,
          1.3113651514053344
        ],
        "ci95%": [
          -1.2545182019472123,
          1.385039609670639
        ]
      },
      {
        "param": "theta_jn",
        "median": 1.4799655079841614,
        "mean": 1.5416090748582996,
        "map": 0.7175273895263672,
        "std": 0.5973003458570941,
        "ci50%": [
          1.081460416316986,
          2.045099914073944
        ],
        "ci68%": [
          0.9519674158096313,
          2.219227161407471
        ],
        "ci90%": [
          0.6448119699954986,
          2.4811242818832397
        ],
        "ci95%": [
          0.4796208404004577,
          2.6095392167568194
        ]
      },
      {
        "param": "psi",
        "median": 1.8758158683776855,
        "mean": 1.7965228961500435,
        "map": 0.022119790315628052,
        "std": 0.8515367937046132,
        "ci50%": [
          1.1153892874717712,
          2.524970293045044
        ],
        "ci68%": [
          0.8286635851860046,
          2.7578794097900396
        ],
        "ci90%": [
          0.29602022469043726,
          3.0259454011917106
        ],
        "ci95%": [
          0.1589537043124438,
          3.082228606939316
        ]
      },
      {
        "param": "phase",
        "median": 3.396846652030945,
        "mean": 3.3079771952681427,
        "map": 2.3172147274017334,
        "std": 1.8689342739585024,
        "ci50%": [
          1.7320102155208588,
          5.029193639755249
        ],
        "ci68%": [
          1.129445204734802,
          5.546443614959717
        ],
        "ci90%": [
          0.26789617985486974,
          6.092521381378174
        ],
        "ci95%": [
          0.11939817331731323,
          6.2082194805145265
        ]
      },
      {
        "param": "geocent_time",
        "median": -0.0037090182304382324,
        "mean": -0.009644510906934738,
        "map": 0.022913694381713867,
        "std": 0.13720227221716555,
        "ci50%": [
          -0.0139693021774292,
          0.005430370569229126
        ],
        "ci68%": [
          -0.018537988662719728,
          0.009976634979248049
        ],
        "ci90%": [
          -0.02960600852966309,
          0.021019881963729822
        ],
        "ci95%": [
          -0.04269229173660275,
          0.030295547842979397
        ]
      },
      {
        "param": "a1",
        "median": 0.4770028591156006,
        "mean": 0.4781468454450369,
        "map": 0.002594083547592163,
        "std": 0.273698974374295,
        "ci50%": [
          0.26664136350154877,
          0.7078336179256439
        ],
        "ci68%": [
          0.14979274868965148,
          0.7868236565589907
        ],
        "ci90%": [
          0.04486663043498992,
          0.9231148600578306
        ],
        "ci95%": [
          0.01437465995550163,
          0.9525593519210815
        ]
      },
      {
        "param": "a2",
        "median": 0.3856378495693207,
        "mean": 0.42286825186014176,
        "map": 0.013806730508804321,
        "std": 0.2769092264296454,
        "ci50%": [
          0.19145971536636353,
          0.6348292231559753
        ],
        "ci68%": [
          0.11330344676971434,
          0.7441771507263188
        ],
        "ci90%": [
          0.027350783348083493,
          0.9248383790254593
        ],
        "ci95%": [
          0.01177901923656467,
          0.9614800050854683
        ]
      }
    ],
    "diagnostics": {
      "runtime": {
        "preprocess_s": 0.075,
        "gwosc_fetch_s": null,
        "encode_s": 0.008,
        "sampling_s": 3.63,
        "total_s": 3.639
      },
      "memory": {
        "rss_mb": 1411.2,
        "mps_allocated_mb": 33.1
      },
      "n_effective": 10000,
      "boundary_railing_frac": 0.0316,
      "log_prob": {
        "median": -16.36215591430664,
        "max": -4.405607223510742
      },
      "ood_flags": [
        "V1: no data \u2014 filled with unit white noise (posterior uses remaining detectors only)"
      ],
      "context_ood": {
        "mahalanobis": 12.47,
        "percentile_vs_validation": 88.6
      },
      "verdict": {
        "confidence": "HIGH",
        "reasons": [
          "V1: no data \u2014 filled with unit white noise (posterior uses remaining detectors only)"
        ]
      }
    }
  },
  "covariance": [
    [
      341.3965804408068,
      -63.80980070737337,
      324.5676533145976,
      -0.7835250509898085,
      0.1947934564247607,
      0.012542442256415388,
      -0.2585122319082354,
      -2.2939550219353286,
      0.12575899996986575,
      0.7074560182321096,
      0.26777647209306826
    ],
    [
      -63.80980070737337,
      129.9186872207892,
      1586.3466090037853,
      -0.37109100320106797,
      -0.14632707712110762,
      0.214146975725741,
      0.3609573896931641,
      0.9854869180229007,
      0.12427398765690106,
      1.4540846000496475,
      0.3393812830859142
    ],
    [
      324.5676533145976,
      1586.3466090037853,
      141430.9120482273,
      36.892540245905764,
      -3.0508333470736546,
      6.524022835065262,
      -0.10303296083553541,
      34.0095237461102,
      5.488193153915755,
      26.993998779225148,
      2.710840004307308
    ],
    [
      -0.7835250509898085,
      -0.37109100320106797,
      36.892540245905764,
      3.108523480759189,
      0.014443206062542974,
      -0.03425738925355796,
      -0.004217817444389741,
      -0.07166691009773006,
      0.004372075148267885,
      -0.015209757149948773,
      0.060435647101657566
    ],
    [
      0.1947934564247607,
      -0.14632707712110762,
      -3.0508333470736546,
      0.014443206062542974,
      0.5873716260218312,
      0.009572628945275236,
      0.016636266191279354,
      -0.06828524061479235,
      0.0053794264376197986,
      -0.0042381257359083635,
      0.01882280920720728
    ],
    [
      0.012542442256415388,
      0.214146975725741,
      6.524022835065262,
      -0.03425738925355796,
      0.009572628945275236,
      0.35680338349935403,
      0.0035949163185212893,
      -0.05665683465382107,
      0.0007185751895040218,
      0.006721040428921328,
      0.004068453168544538
    ],
    [
      -0.2585122319082354,
      0.3609573896931641,
      -0.10303296083553541,
      -0.004217817444389741,
      0.016636266191279354,
      0.0035949163185212893,
      0.7251874297757107,
      -0.018421606311286337,
      -0.0004912396471283364,
      0.002136930205256428,
      -0.0013479777298848917
    ],
    [
      -2.2939550219353286,
      0.9854869180229007,
      34.0095237461102,
      -0.07166691009773006,
      -0.06828524061479235,
      -0.05665683465382107,
      -0.018421606311286337,
      3.4932646468414785,
      -0.0027604506704436154,
      0.008872273983813603,
      -0.010201147176814307
    ],
    [
      0.12575899996986575,
      0.12427398765690106,
      5.488193153915755,
      0.004372075148267885,
      0.0053794264376197986,
      0.0007185751895040218,
      -0.0004912396471283364,
      -0.0027604506704436154,
      0.018826346136166818,
      0.0010324148840609422,
      0.0006313087408108119
    ],
    [
      0.7074560182321096,
      1.4540846000496475,
      26.993998779225148,
      -0.015209757149948773,
      -0.0042381257359083635,
      0.006721040428921328,
      0.002136930205256428,
      0.008872273983813603,
      0.0010324148840609422,
      0.07491862043558457,
      -0.002531980103744485
    ],
    [
      0.26777647209306826,
      0.3393812830859142,
      2.710840004307308,
      0.060435647101657566,
      0.01882280920720728,
      0.004068453168544538,
      -0.0013479777298848917,
      -0.010201147176814307,
      0.0006313087408108119,
      -0.002531980103744485,
      0.07668638832069673
    ]
  ],
  "correlation": [
    [
      1.0,
      -0.3029856033558733,
      0.04670931314769641,
      -0.02405172484827662,
      0.01375587747147814,
      0.0011364178452911951,
      -0.016429576923346186,
      -0.06642622476045354,
      0.04960511630492433,
      0.13988623333692038,
      0.05233397106404575
    ],
    [
      -0.3029856033558733,
      1.0,
      0.37007530164063435,
      -0.018465774913593105,
      -0.016750678539690242,
      0.03145296934660887,
      0.03718732949211292,
      0.04625932670861787,
      0.07946234963722214,
      0.4660784010343931,
      0.10752091047660892
    ],
    [
      0.04670931314769641,
      0.3700753016406344,
      0.9999999999999999,
      0.05564028073725485,
      -0.010584974889612223,
      0.02904215369421437,
      -0.0003217206040537398,
      0.04838521051926003,
      0.10635898816984146,
      0.262240743235695,
      0.02602990438081383
    ],
    [
      -0.02405172484827662,
      -0.018465774913593105,
      0.05564028073725485,
      1.0,
      0.01068882703924373,
      -0.032528400184011,
      -0.0028092188169964467,
      -0.021748327282374393,
      0.018072886549113473,
      -0.03151739523725499,
      0.12378184687946327
    ],
    [
      0.013755877471478137,
      -0.016750678539690242,
      -0.010584974889612223,
      0.010688827039243731,
      1.0,
      0.020910299889272507,
      0.025490258826977495,
      -0.04767103905179876,
      0.05115598739817749,
      -0.020203307298836726,
      0.08868880766326127
    ],
    [
      0.0011364178452911951,
      0.03145296934660887,
      0.02904215369421437,
      -0.032528400184011,
      0.020910299889272507,
      1.0,
      0.0070672290916394985,
      -0.05074836806220059,
      0.008767478638890012,
      0.04110807497837794,
      0.02459550233904737
    ],
    [
      -0.016429576923346186,
      0.03718732949211292,
      -0.00032172060405373986,
      -0.0028092188169964467,
      0.0254902588269775,
      0.0070672290916394985,
      0.9999999999999999,
      -0.011574083698070115,
      -0.004204218291008346,
      0.009167909514484807,
      -0.0057160818806012955
    ],
    [
      -0.06642622476045355,
      0.04625932670861787,
      0.04838521051926003,
      -0.021748327282374393,
      -0.04767103905179876,
      -0.050748368062200594,
      -0.011574083698070115,
      1.0,
      -0.010764186821293816,
      0.017343003614769804,
      -0.019709432825387646
    ],
    [
      0.04960511630492432,
      0.07946234963722214,
      0.10635898816984146,
      0.018072886549113477,
      0.05115598739817749,
      0.008767478638890012,
      -0.004204218291008346,
      -0.010764186821293818,
      1.0,
      0.027490102021500058,
      0.016614973027561982
    ],
    [
      0.13988623333692038,
      0.4660784010343932,
      0.262240743235695,
      -0.03151739523725499,
      -0.020203307298836726,
      0.04110807497837794,
      0.009167909514484809,
      0.017343003614769807,
      0.027490102021500058,
      1.0,
      -0.03340459884438131
    ],
    [
      0.05233397106404575,
      0.1075209104766089,
      0.02602990438081383,
      0.12378184687946325,
      0.08868880766326127,
      0.02459550233904737,
      -0.005716081880601295,
      -0.019709432825387646,
      0.016614973027561982,
      -0.03340459884438131,
      1.0
    ]
  ],
  "diagnostics": {
    "runtime": {
      "preprocess_s": 0.075,
      "gwosc_fetch_s": null,
      "encode_s": 0.008,
      "sampling_s": 3.63,
      "total_s": 3.639
    },
    "memory": {
      "rss_mb": 1411.2,
      "mps_allocated_mb": 33.1
    },
    "n_effective": 10000,
    "boundary_railing_frac": 0.0316,
    "log_prob": {
      "median": -16.36215591430664,
      "max": -4.405607223510742
    },
    "ood_flags": [
      "V1: no data \u2014 filled with unit white noise (posterior uses remaining detectors only)"
    ],
    "context_ood": {
      "mahalanobis": 12.47,
      "percentile_vs_validation": 88.6
    },
    "verdict": {
      "confidence": "HIGH",
      "reasons": [
        "V1: no data \u2014 filled with unit white noise (posterior uses remaining detectors only)"
      ]
    }
  },
  "config": {
    "model_path": "model/lean_npe_v3/best_model.pth",
    "model_epoch": 20,
    "model_val_nll": -0.7119142274837941,
    "premerger": false,
    "device": "mps",
    "num_samples": 10000,
    "rank": 0,
    "seed": 0,
    "event": null,
    "event_type": "BBH",
    "source": "real",
    "detectors_present": [
      "H1",
      "L1"
    ]
  },
  "reproducibility": {
    "git_commit": "ece3a0f52ab84627ddf97e05fe430a015d6b5523",
    "model_path": "model/lean_npe_v3/best_model.pth",
    "model_epoch": 20,
    "model_val_nll": -0.7119142274837941,
    "premerger": false
  },
  "preprocessing": {
    "source": "real",
    "detectors_present": [
      "H1",
      "L1"
    ],
    "warnings": [
      "V1: no data \u2014 filled with unit white noise (posterior uses remaining detectors only)"
    ],
    "quality": {
      "H1": {
        "finite": true,
        "std": 0.977746307849884,
        "max_abs": 4.0638837814331055,
        "excess_kurtosis": -0.06703996658325195,
        "repeated_frac": 0.0,
        "whitening_norm": 46.741788915438356
      },
      "L1": {
        "finite": true,
        "std": 0.9818301796913147,
        "max_abs": 3.961163282394409,
        "excess_kurtosis": 0.0051500797271728516,
        "repeated_frac": 0.0,
        "whitening_norm": 46.30542302813581
      }
    },
    "timings": {
      "preprocess_s": 0.075
    }
  }
}