{
  "param_names": [
    "mass_1",
    "mass_2",
    "luminosity_distance",
    "ra",
    "dec",
    "theta_jn",
    "psi",
    "phase",
    "geocent_time",
    "a1",
    "a2"
  ],
  "trigger_gps": 1186741861.5,
  "truth": {
    "mass_1": 34.3,
    "mass_2": 28.2,
    "luminosity_distance": 580.0
  },
  "summary": {
    "n_samples": 10000,
    "trigger_gps": 1186741861.5,
    "parameters": [
      {
        "param": "mass_1",
        "median": 51.194305419921875,
        "mean": 54.3183334587574,
        "map": 29.97414207458496,
        "std": 17.882222374599696,
        "ci50%": [
          42.00861740112305,
          63.94113063812256
        ],
        "ci68%": [
          37.90568725585937,
          73.28712707519531
        ],
        "ci90%": [
          30.010723209381105,
          89.91322021484373
        ],
        "ci95%": [
          29.97517442703247,
          95.2193468093872
        ],
        "truth": 34.3,
        "truth_in_90": true
      },
      {
        "param": "mass_2",
        "median": 25.3173828125,
        "mean": 25.701564633381366,
        "map": 29.583332061767578,
        "std": 8.680918110134584,
        "ci50%": [
          20.00757360458374,
          30.2276349067688
        ],
        "ci68%": [
          17.855513458251952,
          33.64845825195312
        ],
        "ci90%": [
          13.568884944915771,
          39.21746253967285
        ],
        "ci95%": [
          10.71381709575654,
          41.73675498962402
        ],
        "truth": 28.2,
        "truth_in_90": true
      },
      {
        "param": "luminosity_distance",
        "median": 1529.0855712890625,
        "mean": 1502.4566220264435,
        "map": 1538.1358642578125,
        "std": 350.50959303474207,
        "ci50%": [
          1306.51318359375,
          1763.5624084472656
        ],
        "ci68%": [
          1159.200341796875,
          1861.335048828125
        ],
        "ci90%": [
          867.8739440917968,
          1984.438751220703
        ],
        "ci95%": [
          730.5056533813481,
          2028.5645172119139
        ],
        "truth": 580.0,
        "truth_in_90": false
      },
      {
        "param": "ra",
        "median": 3.449408769607544,
        "mean": 3.5532418547223306,
        "map": 0.004368250258266926,
        "std": 2.03413872832619,
        "ci50%": [
          2.309054672718048,
          5.589096188545227
        ],
        "ci68%": [
          0.8203847455978389,
          5.906704654693604
        ],
        "ci90%": [
          0.0022081496543250967,
          6.1763495922088625
        ],
        "ci95%": [
          0.0009983234223909685,
          6.244584631919861
        ]
      },
      {
        "param": "dec",
        "median": 4.5299530029296875e-06,
        "mean": 0.05751809760332108,
        "map": 0.002041459083557129,
        "std": 0.545837679737302,
        "ci50%": [
          -0.3012511134147644,
          0.4514065980911255
        ],
        "ci68%": [
          -0.44297982692718507,
          0.6397720003128056
        ],
        "ci90%": [
          -0.8296532511711121,
          0.9621535301208496
        ],
        "ci95%": [
          -1.0789430916309355,
          1.1836030244827267
        ]
      },
      {
        "param": "theta_jn",
        "median": 1.2506436109542847,
        "mean": 1.3579221239081076,
        "map": 0.0071536460891366005,
        "std": 0.7647396572605553,
        "ci50%": [
          0.8422406017780304,
          2.029797911643982
        ],
        "ci68%": [
          0.6302779746055601,
          2.2539141082763674
        ],
        "ci90%": [
          0.0,
          2.5427820563316343
        ],
        "ci95%": [
          0.0,
          2.6794329941272736
        ]
      },
      {
        "param": "psi",
        "median": 1.952231228351593,
        "mean": 1.8041885567319922,
        "map": 0.012112493626773357,
        "std": 0.950036262998606,
        "ci50%": [
          1.072003811597824,
          2.6325382590293884
        ],
        "ci68%": [
          0.6709382700920105,
          2.832212657928467
        ],
        "ci90%": [
          0.000438763093552552,
          3.074696862697601
        ],
        "ci95%": [
          0.00018920563052233786,
          3.122463899850845
        ]
      },
      {
        "param": "phase",
        "median": 2.9034504890441895,
        "mean": 2.998062221318918,
        "map": 0.0023219436407089233,
        "std": 1.9687028000932059,
        "ci50%": [
          1.314560353755951,
          4.7284640073776245
        ],
        "ci68%": [
          0.7394489479064942,
          5.434392127990724
        ],
        "ci90%": [
          0.0011399900657124813,
          6.153382205963134
        ],
        "ci95%": [
          0.0004594499259837909,
          6.2687611222267146
        ]
      },
      {
        "param": "geocent_time",
        "median": 0.03593045473098755,
        "mean": 0.030361840575933455,
        "map": 0.047496795654296875,
        "std": 0.1266332385557578,
        "ci50%": [
          0.023944765329360962,
          0.04491692781448364
        ],
        "ci68%": [
          0.018737068176269526,
          0.04959589004516601
        ],
        "ci90%": [
          0.007467478513717651,
          0.062324804067611685
        ],
        "ci95%": [
          -0.0026214629411697096,
          0.07544631361961344
        ]
      },
      {
        "param": "a1",
        "median": 0.42553427815437317,
        "mean": 0.4316101938307285,
        "map": 0.0006315708160400391,
        "std": 0.2816977401861174,
        "ci50%": [
          0.20027439296245575,
          0.6535657644271851
        ],
        "ci68%": [
          0.0848116910457611,
          0.7533913803100586
        ],
        "ci90%": [
          0.0,
          0.8991239786148069
        ],
        "ci95%": [
          0.0,
          0.9421763196587561
        ]
      },
      {
        "param": "a2",
        "median": 0.3320786654949188,
        "mean": 0.37568863733708857,
        "map": 0.002687007188796997,
        "std": 0.28615218060286696,
        "ci50%": [
          0.12482969462871552,
          0.5877328217029572
        ],
        "ci68%": [
          0.05329306125640869,
          0.7083199787139894
        ],
        "ci90%": [
          0.000342099368572235,
          0.9090543150901791
        ],
        "ci95%": [
          0.000224495679140091,
          0.9599413812160492
        ]
      }
    ],
    "diagnostics": {
      "runtime": {
        "preprocess_s": 0.053,
        "gwosc_fetch_s": null,
        "encode_s": 0.007,
        "sampling_s": 6.699,
        "total_s": 6.706
      },
      "memory": {
        "rss_mb": 1411.2,
        "mps_allocated_mb": 33.1
      },
      "n_effective": 10000,
      "boundary_railing_frac": 0.1074,
      "log_prob": {
        "median": -15.82623291015625,
        "max": 49.39185333251953
      },
      "ood_flags": [
        "10.7% of samples rail at the parameter bounds \u2014 the event may lie outside the training prior (out-of-distribution)"
      ],
      "context_ood": {
        "mahalanobis": 9.72,
        "percentile_vs_validation": 70.2
      },
      "verdict": {
        "confidence": "MEDIUM",
        "reasons": [
          "11% boundary railing"
        ]
      }
    }
  },
  "covariance": [
    [
      319.8058576403979,
      -57.0300691796426,
      395.37365797165586,
      4.438234196251738,
      0.3647077385984369,
      3.1700867647768933,
      2.175274793990075,
      1.38045892689966,
      0.08919930391998354,
      2.09159832522797,
      1.0867505046397508
    ],
    [
      -57.0300691796426,
      75.36587582244489,
      1051.0862728666618,
      -0.8859947211063423,
      0.0735833570616082,
      -0.3593735230928423,
      -0.48411789414389156,
      -0.4446477097923297,
      0.08549423924025137,
      0.5791801664942866,
      0.1788526971353484
    ],
    [
      395.37365797165586,
      1051.0862728666618,
      122869.26173555407,
      60.664992287580176,
      3.1590585011242798,
      -1.3131081394669863,
      2.6897330886729964,
      13.523844736820712,
      4.6619146414603,
      20.69542061216337,
      0.6219479321163103
    ],
    [
      4.438234196251738,
      -0.8859947211063423,
      60.664992287580176,
      4.138134179494439,
      0.04447392958781277,
      0.23657987163855185,
      0.2964659726046739,
      0.31052373902271896,
      0.004667360489214541,
      0.08380911039889763,
      0.12978676496615665
    ],
    [
      0.3647077385984369,
      0.0735833570616082,
      3.1590585011242798,
      0.04447392958781277,
      0.29796856947794914,
      0.008616639704888103,
      -0.014042936912100927,
      -0.042915557366058496,
      0.0032061081350727213,
      0.003980415031377674,
      0.012243108705313298
    ],
    [
      3.1700867647768933,
      -0.3593735230928423,
      -1.3131081394669863,
      0.23657987163855185,
      0.008616639704888103,
      0.5848852319101824,
      0.16009041318408848,
      0.11348892759492146,
      -0.0012862455722410994,
      0.06201150739232491,
      0.05993999838956118
    ],
    [
      2.175274793990075,
      -0.48411789414389156,
      2.6897330886729964,
      0.2964659726046739,
      -0.014042936912100927,
      0.16009041318408848,
      0.9026591669290495,
      0.1504251485863462,
      -0.0026437566313605946,
      0.03638308158754345,
      0.0373491490638466
    ],
    [
      1.38045892689966,
      -0.4446477097923297,
      13.523844736820712,
      0.31052373902271896,
      -0.042915557366058496,
      0.11348892759492146,
      0.1504251485863462,
      3.876178332928122,
      -0.005688096579534315,
      0.040350996318833404,
      0.04616993296961354
    ],
    [
      0.08919930391998354,
      0.08549423924025137,
      4.6619146414603,
      0.004667360489214541,
      0.0032061081350727213,
      -0.0012862455722410994,
      -0.0026437566313605946,
      -0.005688096579534315,
      0.016037580865205986,
      -0.00019824897535380005,
      -0.00013735654401511675
    ],
    [
      2.09159832522797,
      0.5791801664942866,
      20.69542061216337,
      0.08380911039889763,
      0.003980415031377674,
      0.06201150739232491,
      0.03638308158754345,
      0.040350996318833404,
      -0.00019824897535380005,
      0.07936155298126348,
      0.015104829844433957
    ],
    [
      1.0867505046397508,
      0.1788526971353484,
      0.6219479321163103,
      0.12978676496615665,
      0.012243108705313298,
      0.05993999838956118,
      0.0373491490638466,
      0.04616993296961354,
      -0.00013735654401511675,
      0.015104829844433957,
      0.08189125958973478
    ]
  ],
  "correlation": [
    [
      1.0,
      -0.36734430908878535,
      0.06307291447112964,
      0.12200137460050703,
      0.03736083237888457,
      0.2317888890869958,
      0.12802919709872387,
      0.03920833567414767,
      0.0393866304863876,
      0.4151738577699195,
      0.21235762907204805
    ],
    [
      -0.3673443090887853,
      0.9999999999999998,
      0.3454055922189399,
      -0.05016969661549762,
      0.015527695088606588,
      -0.054128173702295314,
      -0.05869510201605756,
      -0.02601517847965269,
      0.07776426066297693,
      0.2368215544218993,
      0.07199284611423597
    ],
    [
      0.06307291447112964,
      0.3454055922189399,
      1.0,
      0.08507740564125041,
      0.016510142287033933,
      -0.004898279256126653,
      0.008076545847403532,
      0.019596417203259085,
      0.10502030214501985,
      0.20957889882465963,
      0.006200313205596878
    ],
    [
      0.12200137460050703,
      -0.05016969661549762,
      0.08507740564125041,
      0.9999999999999998,
      0.04005142677986836,
      0.15206882127849985,
      0.15339481177970757,
      0.07753372468235815,
      0.018117556799691986,
      0.1462459566310112,
      0.22295096043924822
    ],
    [
      0.03736083237888458,
      0.015527695088606592,
      0.016510142287033933,
      0.040051426779868365,
      1.0,
      0.02064036523462381,
      -0.027077640521794382,
      -0.039932606125738186,
      0.046379227267040746,
      0.02588439691840577,
      0.07837683141300726
    ],
    [
      0.2317888890869958,
      -0.05412817370229532,
      -0.004898279256126653,
      0.15206882127849985,
      0.02064036523462381,
      1.0,
      0.22032719179763718,
      0.07537308470939269,
      -0.013280644002847062,
      0.28782723236167274,
      0.2738814531613493
    ],
    [
      0.12802919709872385,
      -0.05869510201605756,
      0.008076545847403532,
      0.15339481177970754,
      -0.027077640521794382,
      0.22032719179763718,
      1.0,
      0.08041863103835029,
      -0.02197303998312706,
      0.13593537918605603,
      0.1373725745338014
    ],
    [
      0.03920833567414767,
      -0.02601517847965269,
      0.019596417203259085,
      0.07753372468235814,
      -0.039932606125738186,
      0.07537308470939269,
      0.08041863103835029,
      1.0,
      -0.02281369638017685,
      0.07275239734970954,
      0.08194804432178006
    ],
    [
      0.0393866304863876,
      0.07776426066297693,
      0.10502030214501987,
      0.018117556799691986,
      0.046379227267040746,
      -0.013280644002847062,
      -0.02197303998312706,
      -0.02281369638017685,
      1.0,
      -0.00555694940849534,
      -0.003790191470739961
    ],
    [
      0.4151738577699195,
      0.23682155442189934,
      0.2095788988246596,
      0.14624595663101117,
      0.02588439691840577,
      0.28782723236167274,
      0.13593537918605603,
      0.07275239734970954,
      -0.005556949408495341,
      1.0,
      0.1873665166688904
    ],
    [
      0.21235762907204805,
      0.07199284611423597,
      0.006200313205596878,
      0.22295096043924822,
      0.07837683141300726,
      0.2738814531613493,
      0.13737257453380142,
      0.08194804432178007,
      -0.003790191470739961,
      0.1873665166688904,
      1.0
    ]
  ],
  "diagnostics": {
    "runtime": {
      "preprocess_s": 0.053,
      "gwosc_fetch_s": null,
      "encode_s": 0.007,
      "sampling_s": 6.699,
      "total_s": 6.706
    },
    "memory": {
      "rss_mb": 1411.2,
      "mps_allocated_mb": 33.1
    },
    "n_effective": 10000,
    "boundary_railing_frac": 0.1074,
    "log_prob": {
      "median": -15.82623291015625,
      "max": 49.39185333251953
    },
    "ood_flags": [
      "10.7% of samples rail at the parameter bounds \u2014 the event may lie outside the training prior (out-of-distribution)"
    ],
    "context_ood": {
      "mahalanobis": 9.72,
      "percentile_vs_validation": 70.2
    },
    "verdict": {
      "confidence": "MEDIUM",
      "reasons": [
        "11% boundary railing"
      ]
    }
  },
  "config": {
    "model_path": "model/lean_npe_v3/best_model.pth",
    "model_epoch": 20,
    "model_val_nll": -0.7119142274837941,
    "premerger": false,
    "device": "mps",
    "num_samples": 10000,
    "rank": 0,
    "seed": 0,
    "event": null,
    "event_type": "BBH",
    "source": "real",
    "detectors_present": [
      "H1",
      "L1",
      "V1"
    ]
  },
  "reproducibility": {
    "git_commit": "ece3a0f52ab84627ddf97e05fe430a015d6b5523",
    "model_path": "model/lean_npe_v3/best_model.pth",
    "model_epoch": 20,
    "model_val_nll": -0.7119142274837941,
    "premerger": false
  },
  "preprocessing": {
    "source": "real",
    "detectors_present": [
      "H1",
      "L1",
      "V1"
    ],
    "warnings": [],
    "quality": {
      "H1": {
        "finite": true,
        "std": 0.9792155623435974,
        "max_abs": 4.176636695861816,
        "excess_kurtosis": -0.002106904983520508,
        "repeated_frac": 0.0,
        "whitening_norm": 47.013954239307466
      },
      "L1": {
        "finite": true,
        "std": 0.9994204640388489,
        "max_abs": 3.956414222717285,
        "excess_kurtosis": -0.017106056213378906,
        "repeated_frac": 0.0,
        "whitening_norm": 45.957458531049234
      },
      "V1": {
        "finite": true,
        "std": 0.9578981399536133,
        "max_abs": 3.727754592895508,
        "excess_kurtosis": 0.03925657272338867,
        "repeated_frac": 0.0,
        "whitening_norm": 46.65500712608488
      }
    },
    "timings": {
      "preprocess_s": 0.053
    }
  }
}