{
  "param_names": [
    "mass_1",
    "mass_2",
    "luminosity_distance",
    "ra",
    "dec",
    "theta_jn",
    "psi",
    "phase",
    "geocent_time",
    "a1",
    "a2"
  ],
  "trigger_gps": 1135136350.6,
  "truth": null,
  "summary": {
    "n_samples": 3000,
    "trigger_gps": 1135136350.6,
    "parameters": [
      {
        "param": "mass_1",
        "median": 25.313727378845215,
        "mean": 31.92060052104791,
        "map": 1.3880902528762817,
        "std": 22.574559372667405,
        "ci50%": [
          14.870417833328247,
          46.034186363220215
        ],
        "ci68%": [
          12.048378295898438,
          56.575772094726574
        ],
        "ci90%": [
          2.3922311902046203,
          77.54828720092765
        ],
        "ci95%": [
          1.7130823969841007,
          85.78378162384034
        ]
      },
      {
        "param": "mass_2",
        "median": 6.96436333656311,
        "mean": 7.336916372219721,
        "map": 1.291731595993042,
        "std": 6.60176072796002,
        "ci50%": [
          2.238647699356079,
          10.052065372467041
        ],
        "ci68%": [
          1.824881429672241,
          11.568502044677736
        ],
        "ci90%": [
          1.2138229906558988,
          15.178817558288568
        ],
        "ci95%": [
          1.0697045773267746,
          18.023503637313844
        ]
      },
      {
        "param": "luminosity_distance",
        "median": 892.2799682617188,
        "mean": 950.9266891187032,
        "map": 205.5863800048828,
        "std": 473.4981425336246,
        "ci50%": [
          590.2857971191406,
          1294.1535339355469
        ],
        "ci68%": [
          479.9410852050781,
          1480.1228515625003
        ],
        "ci90%": [
          233.3796035766601,
          1810.1621582031248
        ],
        "ci95%": [
          168.30408020019533,
          1922.493359375
        ]
      },
      {
        "param": "ra",
        "median": 3.488775849342346,
        "mean": 3.407660348566404,
        "map": 4.614972114562988,
        "std": 1.8427789625755746,
        "ci50%": [
          1.8278409242630005,
          5.079334616661072
        ],
        "ci68%": [
          1.2491113758087158,
          5.520674533843994
        ],
        "ci90%": [
          0.35485389232635484,
          6.0188050031661975
        ],
        "ci95%": [
          0.13505610898137135,
          6.12203813791275
        ]
      },
      {
        "param": "dec",
        "median": 0.06905901432037354,
        "mean": 0.017330583612124126,
        "map": 0.6208058595657349,
        "std": 0.7490945608146373,
        "ci50%": [
          -0.6420294642448425,
          0.6221296191215515
        ],
        "ci68%": [
          -0.846828866004944,
          0.829417147636414
        ],
        "ci90%": [
          -1.1631513953208925,
          1.1890209317207332
        ],
        "ci95%": [
          -1.241626253724098,
          1.2840763330459597
        ]
      },
      {
        "param": "theta_jn",
        "median": 1.4677485823631287,
        "mean": 1.543679881788868,
        "map": 2.666447877883911,
        "std": 0.7941292753266773,
        "ci50%": [
          0.8816632330417633,
          2.2599522471427917
        ],
        "ci68%": [
          0.6587980628013611,
          2.4709230422973634
        ],
        "ci90%": [
          0.33043958246707916,
          2.761857879161834
        ],
        "ci95%": [
          0.22148985229432597,
          2.8427296221256255
        ]
      },
      {
        "param": "psi",
        "median": 1.6069331169128418,
        "mean": 1.6005696423154634,
        "map": 1.3810431957244873,
        "std": 0.8521691499910276,
        "ci50%": [
          0.9179735481739044,
          2.303036391735077
        ],
        "ci68%": [
          0.6295293855667112,
          2.579639883041382
        ],
        "ci90%": [
          0.20834138691425322,
          2.936087334156036
        ],
        "ci95%": [
          0.09903784468770048,
          3.0534954547882083
        ]
      },
      {
        "param": "phase",
        "median": 2.9532653093338013,
        "mean": 3.0426654965690494,
        "map": 6.223808765411377,
        "std": 1.7879908273565654,
        "ci50%": [
          1.5638491809368134,
          4.529915809631348
        ],
        "ci68%": [
          1.0296926832199096,
          5.225419673919678
        ],
        "ci90%": [
          0.28984813541173926,
          6.011690282821655
        ],
        "ci95%": [
          0.17427998371422296,
          6.152995407581329
        ]
      },
      {
        "param": "geocent_time",
        "median": 0.06622827053070068,
        "mean": 0.06677190828323364,
        "map": 0.2765219211578369,
        "std": 0.35870424760593056,
        "ci50%": [
          0.030979275703430176,
          0.11248907446861267
        ],
        "ci68%": [
          0.01198655605316162,
          0.15249427795410156
        ],
        "ci90%": [
          -0.5021483421325684,
          0.5460206270217886
        ],
        "ci95%": [
          -1.0055401533842074,
          1.0480224013328556
        ]
      },
      {
        "param": "a1",
        "median": 0.49137549102306366,
        "mean": 0.4825197394589583,
        "map": 0.04172137379646301,
        "std": 0.29130809786198436,
        "ci50%": [
          0.23589660972356796,
          0.7205217927694321
        ],
        "ci68%": [
          0.12650791287422178,
          0.815881657600403
        ],
        "ci90%": [
          0.02133634239435196,
          0.9386408507823943
        ],
        "ci95%": [
          0.010888325423002245,
          0.9685224995017052
        ]
      },
      {
        "param": "a2",
        "median": 0.30568094551563263,
        "mean": 0.3648186529080073,
        "map": 0.0006900429725646973,
        "std": 0.32937024469415244,
        "ci50%": [
          0.031276069581508636,
          0.6628026962280273
        ],
        "ci68%": [
          0.017976574897766107,
          0.772505512237549
        ],
        "ci90%": [
          0.005102400481700895,
          0.9168961018323898
        ],
        "ci95%": [
          0.002342228591442112,
          0.9574588596820832
        ]
      }
    ],
    "diagnostics": {
      "runtime": {
        "preprocess_s": 0.028,
        "gwosc_fetch_s": 4.66,
        "encode_s": 0.004,
        "sampling_s": 1.226,
        "total_s": 5.917
      },
      "memory": {
        "rss_mb": 4347.3,
        "mps_allocated_mb": 85.7
      },
      "n_effective": 3000,
      "boundary_railing_frac": 0.0347,
      "log_prob": {
        "median": -17.110583305358887,
        "max": -3.925053596496582
      },
      "ood_flags": [
        "V1: no data \u2014 filled with unit white noise (posterior uses remaining detectors only)"
      ],
      "context_ood": {
        "mahalanobis": 10.13,
        "percentile_vs_validation": 73.2
      },
      "verdict": {
        "confidence": "HIGH",
        "reasons": [
          "V1: no data \u2014 filled with unit white noise (posterior uses remaining detectors only)"
        ]
      },
      "refinement": {
        "refine": true,
        "refine_global": true,
        "untrusted_params": [],
        "strong_indicators": [
          "chirp-mass posterior uninformative (90% width 169% of median)"
        ],
        "moderate_indicators": [
          "V1: no data \u2014 filled with unit white noise (posterior uses remaining detectors only)"
        ],
        "indicators": {
          "confidence": "HIGH",
          "ood_percentile": 73.2,
          "bias_region": {
            "q_in_attractor": false,
            "cell": {
              "mc": 10,
              "q": 0.4,
              "theta_jn": 1.57
            },
            "m1_bias": 1.22,
            "dl_bias": 1.64,
            "severe_mass_bias": false
          },
          "mc_width_frac": 1.688,
          "railing_frac": 0.0347
        },
        "recommendation": "run sampler refinement (compare_to_dynesty) before quoting these posteriors"
      }
    }
  },
  "covariance": [
    [
      509.78065775600396,
      -5.194426218215598,
      503.24729415802096,
      -3.1788555336010536,
      0.7389738476929082,
      0.15373140466660357,
      -0.32054657465560243,
      -0.37194090293480014,
      -0.4797151382384006,
      1.5602879534790524,
      -1.5712506499078676
    ],
    [
      -5.194426218215598,
      43.597777301669055,
      1707.8768523449755,
      -0.29538560243050077,
      -0.05097357529205159,
      -0.1117298765528655,
      -0.36436733268461174,
      0.09947249228365017,
      -0.07919630619685793,
      0.379120121396722,
      0.8664047141236567
    ],
    [
      503.24729415802096,
      1707.8768523449755,
      224275.24939925902,
      46.4291216866328,
      -0.8243011119174412,
      -11.615645552347297,
      -32.34262413533557,
      15.946219633925812,
      -4.867478062411759,
      47.48260187035814,
      74.81832411299365
    ],
    [
      -3.1788555336010536,
      -0.29538560243050077,
      46.4291216866328,
      3.396966627120149,
      0.3429268271694627,
      -0.012732830483572804,
      0.031001362902520316,
      0.05950107100527803,
      0.02298429563705159,
      -0.003321815213145755,
      0.042978375062191584
    ],
    [
      0.7389738476929082,
      -0.05097357529205159,
      -0.8243011119174412,
      0.3429268271694627,
      0.5613297709657294,
      -0.01709444808493073,
      -0.006787178152484161,
      -0.017731219356108475,
      0.008097010455965491,
      -0.008176924234177008,
      0.0021101308403073523
    ],
    [
      0.15373140466660357,
      -0.1117298765528655,
      -11.615645552347297,
      -0.012732830483572804,
      -0.01709444808493073,
      0.6308515897941399,
      -0.006746559551863646,
      -0.03602558207967902,
      0.001671331763507929,
      0.006159281497542224,
      -0.00843051286703078
    ],
    [
      -0.32054657465560243,
      -0.36436733268461174,
      -32.34262413533557,
      0.031001362902520316,
      -0.006787178152484161,
      -0.006746559551863646,
      0.7264344049980974,
      0.06359684632870884,
      0.002719355246714182,
      -0.012128551747673744,
      -0.023599101275777204
    ],
    [
      -0.37194090293480014,
      0.09947249228365017,
      15.946219633925812,
      0.05950107100527803,
      -0.017731219356108475,
      -0.03602558207967902,
      0.06359684632870884,
      3.197977191108253,
      0.009869231577206221,
      -0.014380125816536393,
      -0.005204086209285663
    ],
    [
      -0.4797151382384006,
      -0.07919630619685793,
      -4.867478062411759,
      0.02298429563705159,
      0.008097010455965491,
      0.001671331763507929,
      0.002719355246714182,
      0.009869231577206221,
      0.12871164113091352,
      0.004236967508124822,
      -0.0049827486286712136
    ],
    [
      1.5602879534790524,
      0.379120121396722,
      47.48260187035814,
      -0.003321815213145755,
      -0.008176924234177008,
      0.006159281497542224,
      -0.012128551747673744,
      -0.014380125816536393,
      0.004236967508124822,
      0.08488870411467245,
      0.020910823511875072
    ],
    [
      -1.5712506499078676,
      0.8664047141236567,
      74.81832411299365,
      0.042978375062191584,
      0.0021101308403073523,
      -0.00843051286703078,
      -0.023599101275777204,
      -0.005204086209285663,
      -0.0049827486286712136,
      0.020910823511875072,
      0.10852093173379684
    ]
  ],
  "correlation": [
    [
      1.0,
      -0.03484285478607789,
      0.04706511212497447,
      -0.07638946608979676,
      0.043684599068365054,
      0.00857249652673561,
      -0.016657171658144353,
      -0.00921180176315132,
      -0.05922196769215644,
      0.23718549527666535,
      -0.21125015522776427
    ],
    [
      -0.03484285478607789,
      1.0,
      0.5461773725483549,
      -0.024272332279829275,
      -0.010303953346208334,
      -0.02130460780270155,
      -0.06474542062849192,
      0.00842428680591895,
      -0.03343211390927121,
      0.19706963331855745,
      0.3983197818079311
    ],
    [
      0.04706511212497446,
      0.5461773725483549,
      1.0,
      0.053192959492238776,
      -0.0023231977231069774,
      -0.030880837932049952,
      -0.080128382710229,
      0.01882909238959132,
      -0.02864866669711075,
      0.3441271063034029,
      0.4795794275465691
    ],
    [
      -0.07638946608979676,
      -0.024272332279829275,
      0.05319295949223877,
      1.0,
      0.2483400607591755,
      -0.008697926154122352,
      0.019734991535676937,
      0.018052670770338813,
      0.03475975007204709,
      -0.0061859282406614875,
      0.07078603630452754
    ],
    [
      0.04368459906836506,
      -0.010303953346208334,
      -0.0023231977231069774,
      0.2483400607591755,
      1.0,
      -0.028726482089927556,
      -0.010628745502491198,
      -0.013234022950832581,
      0.030123591393697333,
      -0.03745898311971589,
      0.008549556561532737
    ],
    [
      0.00857249652673561,
      -0.021304607802701547,
      -0.03088083793204995,
      -0.008697926154122352,
      -0.028726482089927556,
      1.0,
      -0.009965992474519094,
      -0.025363531626767775,
      0.005865298942901454,
      0.026615921088687867,
      -0.03222060106001858
    ],
    [
      -0.01665717165814435,
      -0.06474542062849192,
      -0.080128382710229,
      0.019734991535676937,
      -0.010628745502491198,
      -0.009965992474519092,
      1.0,
      0.041725321993946844,
      0.008893215774301681,
      -0.04884113987981239,
      -0.08405053936505374
    ],
    [
      -0.009211801763151319,
      0.008424286805918951,
      0.01882909238959132,
      0.018052670770338813,
      -0.013234022950832581,
      -0.025363531626767775,
      0.041725321993946844,
      1.0,
      0.015382847859436817,
      -0.02759942619575089,
      -0.008833850485203572
    ],
    [
      -0.059221967692156444,
      -0.03343211390927121,
      -0.02864866669711075,
      0.03475975007204709,
      0.030123591393697333,
      0.005865298942901454,
      0.008893215774301681,
      0.015382847859436817,
      0.9999999999999999,
      0.04053416842792623,
      -0.042160262620099385
    ],
    [
      0.23718549527666535,
      0.19706963331855745,
      0.3441271063034029,
      -0.006185928240661487,
      -0.03745898311971589,
      0.026615921088687863,
      -0.04884113987981239,
      -0.02759942619575089,
      0.04053416842792623,
      1.0,
      0.2178659838809648
    ],
    [
      -0.21125015522776427,
      0.39831978180793115,
      0.47957942754656907,
      0.07078603630452754,
      0.008549556561532737,
      -0.03222060106001858,
      -0.08405053936505376,
      -0.008833850485203572,
      -0.042160262620099385,
      0.2178659838809648,
      1.0
    ]
  ],
  "diagnostics": {
    "runtime": {
      "preprocess_s": 0.028,
      "gwosc_fetch_s": 4.66,
      "encode_s": 0.004,
      "sampling_s": 1.226,
      "total_s": 5.917
    },
    "memory": {
      "rss_mb": 4347.3,
      "mps_allocated_mb": 85.7
    },
    "n_effective": 3000,
    "boundary_railing_frac": 0.0347,
    "log_prob": {
      "median": -17.110583305358887,
      "max": -3.925053596496582
    },
    "ood_flags": [
      "V1: no data \u2014 filled with unit white noise (posterior uses remaining detectors only)"
    ],
    "context_ood": {
      "mahalanobis": 10.13,
      "percentile_vs_validation": 73.2
    },
    "verdict": {
      "confidence": "HIGH",
      "reasons": [
        "V1: no data \u2014 filled with unit white noise (posterior uses remaining detectors only)"
      ]
    },
    "refinement": {
      "refine": true,
      "refine_global": true,
      "untrusted_params": [],
      "strong_indicators": [
        "chirp-mass posterior uninformative (90% width 169% of median)"
      ],
      "moderate_indicators": [
        "V1: no data \u2014 filled with unit white noise (posterior uses remaining detectors only)"
      ],
      "indicators": {
        "confidence": "HIGH",
        "ood_percentile": 73.2,
        "bias_region": {
          "q_in_attractor": false,
          "cell": {
            "mc": 10,
            "q": 0.4,
            "theta_jn": 1.57
          },
          "m1_bias": 1.22,
          "dl_bias": 1.64,
          "severe_mass_bias": false
        },
        "mc_width_frac": 1.688,
        "railing_frac": 0.0347
      },
      "recommendation": "run sampler refinement (compare_to_dynesty) before quoting these posteriors"
    }
  },
  "config": {
    "model_path": "model/lean_npe_v4/best_model.pth",
    "model_epoch": 2,
    "model_val_nll": -0.5246524548158049,
    "premerger": false,
    "device": "mps",
    "num_samples": 3000,
    "rank": 0,
    "seed": 0,
    "event": "GW151226",
    "event_type": "BBH",
    "source": "real",
    "detectors_present": [
      "H1",
      "L1"
    ]
  },
  "reproducibility": {
    "git_commit": "ece3a0f52ab84627ddf97e05fe430a015d6b5523",
    "model_path": "model/lean_npe_v4/best_model.pth",
    "model_epoch": 2,
    "model_val_nll": -0.5246524548158049,
    "premerger": false
  },
  "preprocessing": {
    "source": "real",
    "detectors_present": [
      "H1",
      "L1"
    ],
    "warnings": [
      "V1: no data \u2014 filled with unit white noise (posterior uses remaining detectors only)"
    ],
    "quality": {
      "H1": {
        "finite": true,
        "std": 0.9907671213150024,
        "max_abs": 4.321092128753662,
        "excess_kurtosis": -0.0051190853118896484,
        "repeated_frac": 0.0,
        "whitening_norm": 45.69708645162901
      },
      "L1": {
        "finite": true,
        "std": 1.0031466484069824,
        "max_abs": 4.014796733856201,
        "excess_kurtosis": -0.035155534744262695,
        "repeated_frac": 0.0,
        "whitening_norm": 45.946058344444324
      }
    },
    "timings": {
      "preprocess_s": 0.028,
      "gwosc_fetch_s": 4.66
    }
  }
}