{
  "param_names": [
    "mass_1",
    "mass_2",
    "luminosity_distance",
    "ra",
    "dec",
    "theta_jn",
    "psi",
    "phase",
    "geocent_time",
    "a1",
    "a2"
  ],
  "trigger_gps": 1186741861.5,
  "truth": null,
  "summary": {
    "n_samples": 3000,
    "trigger_gps": 1186741861.5,
    "parameters": [
      {
        "param": "mass_1",
        "median": 30.03926658630371,
        "mean": 42.01813135528565,
        "map": 30.76422691345215,
        "std": 18.103382903048466,
        "ci50%": [
          29.91056537628174,
          51.95122051239014
        ],
        "ci68%": [
          29.873486633300782,
          59.78995590209963
        ],
        "ci90%": [
          29.804043197631835,
          82.31519775390622
        ],
        "ci95%": [
          29.75558958053589,
          91.08233127593998
        ]
      },
      {
        "param": "mass_2",
        "median": 29.77787685394287,
        "mean": 28.13236006975174,
        "map": 29.081920623779297,
        "std": 7.676321123262604,
        "ci50%": [
          26.396448612213135,
          29.89917802810669
        ],
        "ci68%": [
          21.890098037719724,
          30.399156417846683
        ],
        "ci90%": [
          14.268476343154907,
          39.31976566314695
        ],
        "ci95%": [
          8.568326354026798,
          43.0335506439209
        ]
      },
      {
        "param": "luminosity_distance",
        "median": 1288.8311157226562,
        "mean": 1320.9668171450296,
        "map": 1250.564208984375,
        "std": 321.28793304201434,
        "ci50%": [
          1168.4874267578125,
          1466.2823181152344
        ],
        "ci68%": [
          1083.0828564453125,
          1635.3158056640625
        ],
        "ci90%": [
          860.9046813964844,
          1920.7203430175782
        ],
        "ci95%": [
          620.1884643554688,
          1995.9424377441405
        ]
      },
      {
        "param": "ra",
        "median": 6.060579299926758,
        "mean": 4.6147330795975465,
        "map": 0.015901943668723106,
        "std": 2.2373534396986083,
        "ci50%": [
          3.0691052079200745,
          6.2800058126449585
        ],
        "ci68%": [
          1.9496529483795166,
          6.28099250793457
        ],
        "ci90%": [
          0.001553876569960266,
          6.282406425476074
        ],
        "ci95%": [
          0.0005069795675808572,
          6.282735919952392
        ]
      },
      {
        "param": "dec",
        "median": -0.0002894401550292969,
        "mean": -0.0106603511373202,
        "map": 0.008025288581848145,
        "std": 0.4115502543988867,
        "ci50%": [
          -0.023483961820602417,
          0.0029251575469970703
        ],
        "ci68%": [
          -0.2797323036193849,
          0.20830955505371232
        ],
        "ci90%": [
          -0.7522541582584382,
          0.7212543845176685
        ],
        "ci95%": [
          -1.020709067583084,
          1.0392738878726964
        ]
      },
      {
        "param": "theta_jn",
        "median": 0.0017988041508942842,
        "mean": 0.7035737187722015,
        "map": 0.0043205940164625645,
        "std": 0.9012916276246299,
        "ci50%": [
          0.000236969324760139,
          1.3178779184818268
        ],
        "ci68%": [
          0.0,
          1.8859111881256103
        ],
        "ci90%": [
          0.0,
          2.4907485842704764
        ],
        "ci95%": [
          0.0,
          2.6603821098804477
        ]
      },
      {
        "param": "psi",
        "median": 1.0379515290260315,
        "mean": 1.3176362427580537,
        "map": 0.011570582166314125,
        "std": 1.2794006340014412,
        "ci50%": [
          0.0004499936258071102,
          2.685215950012207
        ],
        "ci68%": [
          0.0002653869113419205,
          3.1409551239013673
        ],
        "ci90%": [
          8.856155327521264e-05,
          3.1414835453033447
        ],
        "ci95%": [
          4.435099699549035e-05,
          3.141545778512955
        ]
      },
      {
        "param": "phase",
        "median": 1.6148033738136292,
        "mean": 2.4526825406686346,
        "map": 0.006924635265022516,
        "std": 2.5512945556221025,
        "ci50%": [
          0.001540487864986062,
          5.318678379058838
        ],
        "ci68%": [
          0.0009604233200661834,
          6.2601640510559085
        ],
        "ci90%": [
          0.00032998750975821156,
          6.28276641368866
        ],
        "ci95%": [
          0.00016889798716874794,
          6.283004796504974
        ]
      },
      {
        "param": "geocent_time",
        "median": 0.04381304979324341,
        "mean": 0.038988774557908376,
        "map": -0.015375137329101562,
        "std": 0.1569989610552926,
        "ci50%": [
          0.03653079271316528,
          0.04968860745429993
        ],
        "ci68%": [
          0.028820428848266594,
          0.05484246253967285
        ],
        "ci90%": [
          0.007383102178573608,
          0.08558448553085325
        ],
        "ci95%": [
          -0.012122517824172877,
          0.12425463795661938
        ]
      },
      {
        "param": "a1",
        "median": 0.0003248155117034912,
        "mean": 0.22372146848837535,
        "map": 0.0010336041450500488,
        "std": 0.3071211135327067,
        "ci50%": [
          2.164393663406372e-05,
          0.4365377426147461
        ],
        "ci68%": [
          0.0,
          0.612664194107056
        ],
        "ci90%": [
          0.0,
          0.8619548588991164
        ],
        "ci95%": [
          0.0,
          0.9340881615877152
        ]
      },
      {
        "param": "a2",
        "median": 0.0003896355628967285,
        "mean": 0.21913713318109512,
        "map": 0.0031251609325408936,
        "std": 0.30602806804180727,
        "ci50%": [
          0.0,
          0.43573518097400665
        ],
        "ci68%": [
          0.0,
          0.6029666233062745
        ],
        "ci90%": [
          0.0,
          0.8738858968019476
        ],
        "ci95%": [
          0.0,
          0.951163522899151
        ]
      }
    ],
    "diagnostics": {
      "runtime": {
        "preprocess_s": 0.041,
        "gwosc_fetch_s": 6.36,
        "encode_s": 0.004,
        "sampling_s": 2.736,
        "total_s": 9.145
      },
      "memory": {
        "rss_mb": 4347.3,
        "mps_allocated_mb": 85.7
      },
      "n_effective": 3000,
      "boundary_railing_frac": 0.559,
      "log_prob": {
        "median": -31.275341987609863,
        "max": 44.78081130981445
      },
      "ood_flags": [
        "55.9% of samples rail at the parameter bounds \u2014 the event may lie outside the training prior (out-of-distribution)"
      ],
      "context_ood": {
        "mahalanobis": 9.84,
        "percentile_vs_validation": 70.9
      },
      "verdict": {
        "confidence": "LOW",
        "reasons": [
          "56% of posterior samples rail at prior bounds"
        ]
      },
      "refinement": {
        "refine": true,
        "refine_global": true,
        "untrusted_params": [],
        "strong_indicators": [
          "confidence LOW: 56% of posterior samples rail at prior bounds",
          "posterior median in severe mass-bias cell {'mc': 30, 'q': 0.9, 'theta_jn': 0.5} (m1 x1.46)",
          "56% of samples rail at prior bounds"
        ],
        "moderate_indicators": [],
        "indicators": {
          "confidence": "LOW",
          "ood_percentile": 70.9,
          "bias_region": {
            "q_in_attractor": false,
            "cell": {
              "mc": 30,
              "q": 0.9,
              "theta_jn": 0.5
            },
            "m1_bias": 1.46,
            "dl_bias": 1.42,
            "severe_mass_bias": true
          },
          "mc_width_frac": 0.562,
          "railing_frac": 0.559
        },
        "recommendation": "run sampler refinement (compare_to_dynesty) before quoting these posteriors"
      }
    }
  },
  "covariance": [
    [
      327.84175311875975,
      -32.44634431138647,
      1850.705135136687,
      -9.659793996002753,
      -0.10056398960843442,
      9.90073619709072,
      3.2065922523867325,
      9.053630303857098,
      0.20686225879180706,
      3.5617809719929556,
      3.269902152068437
    ],
    [
      -32.44634431138647,
      58.945554505616315,
      910.4109892092107,
      1.9736221876198592,
      -0.09865202336691112,
      -1.375188139128745,
      -0.7477326565057155,
      -0.5817435236561015,
      0.15242436868855003,
      0.12252695125025033,
      -0.07007393630677007
    ],
    [
      1850.705135136687,
      910.4109892092107,
      103260.35603708899,
      -22.362378300574957,
      -9.442439117595704,
      67.98116509567936,
      25.089744301797577,
      87.40967533831527,
      7.199367150777575,
      32.67300914801759,
      28.895772968283527
    ],
    [
      -9.659793996002753,
      1.9736221876198592,
      -22.362378300574957,
      5.0074195539825315,
      0.04162475091853525,
      -0.530736586782892,
      -0.1802067430104184,
      -0.5256281479540507,
      0.019628493188902217,
      -0.15548670795891056,
      -0.1303298915663447
    ],
    [
      -0.10056398960843442,
      -0.09865202336691112,
      -9.442439117595704,
      0.04162475091853525,
      0.16943008859198555,
      -0.006595018578733918,
      -0.023399388016095563,
      -0.026977218612754258,
      0.0007633000376752187,
      -0.006930219144846924,
      0.001290097948411877
    ],
    [
      9.90073619709072,
      -1.375188139128745,
      67.98116509567936,
      -0.530736586782892,
      -0.006595018578733918,
      0.8125974638475356,
      0.23351693343879268,
      0.5068647063512193,
      -0.0017956400137682088,
      0.1897153063761802,
      0.18306260127112803
    ],
    [
      3.2065922523867325,
      -0.7477326565057155,
      25.089744301797577,
      -0.1802067430104184,
      -0.023399388016095563,
      0.23351693343879268,
      1.637411786212025,
      -0.0028211241937985986,
      -0.003124174757866746,
      0.05917391070889444,
      0.06114208407756195
    ],
    [
      9.053630303857098,
      -0.5817435236561015,
      87.40967533831527,
      -0.5256281479540507,
      -0.026977218612754258,
      0.5068647063512193,
      -0.0028211241937985986,
      6.511274334325089,
      0.002883066485833829,
      0.15492402490721946,
      0.16515549153610562
    ],
    [
      0.20686225879180706,
      0.15242436868855003,
      7.199367150777575,
      0.019628493188902217,
      0.0007633000376752187,
      -0.0017956400137682088,
      -0.003124174757866746,
      0.002883066485833829,
      0.024656892736686743,
      0.0006219177615192465,
      -0.00011396278958943373
    ],
    [
      3.5617809719929556,
      0.12252695125025033,
      32.67300914801759,
      -0.15548670795891056,
      -0.006930219144846924,
      0.1897153063761802,
      0.05917391070889444,
      0.15492402490721946,
      0.0006219177615192465,
      0.09435482998756552,
      0.06060812925784838
    ],
    [
      3.269902152068437,
      -0.07007393630677007,
      28.895772968283527,
      -0.1303298915663447,
      0.001290097948411877,
      0.18306260127112803,
      0.06114208407756195,
      0.16515549153610562,
      -0.00011396278958943373,
      0.06060812925784838,
      0.09368440656492245
    ]
  ],
  "correlation": [
    [
      1.0,
      -0.23340390189145482,
      0.31808141097944453,
      -0.23841234674135434,
      -0.013493204230812685,
      0.6065933236152664,
      0.1383989040718362,
      0.19595557691626644,
      0.07275786688056338,
      0.6404024865507618,
      0.5900230392467187
    ],
    [
      -0.23340390189145485,
      1.0,
      0.36901596304796697,
      0.11487658052854643,
      -0.031216571241461464,
      -0.19870045332246392,
      -0.07611002483126668,
      -0.029694295881252313,
      0.12643278464255334,
      0.05195460298079895,
      -0.029819292170141655
    ],
    [
      0.3180814109794445,
      0.36901596304796697,
      1.0,
      -0.03109884004255341,
      -0.07138749047994908,
      0.23468431413458904,
      0.06101694648626552,
      0.10660061281603055,
      0.14267843600961785,
      0.331009346670563,
      0.2937878644160146
    ],
    [
      -0.23841234674135434,
      0.11487658052854643,
      -0.031098840042553408,
      0.9999999999999998,
      0.045190733269003205,
      -0.2631081526996824,
      -0.06293396451571255,
      -0.09205314417515349,
      0.0558612691102946,
      -0.2262060467186815,
      -0.19028448904024534
    ],
    [
      -0.013493204230812683,
      -0.031216571241461464,
      -0.07138749047994908,
      0.0451907332690032,
      0.9999999999999999,
      -0.017773911897016756,
      -0.0444252902631115,
      -0.02568436929029977,
      0.011809481819552315,
      -0.054811240438993505,
      0.010239853907012719
    ],
    [
      0.6065933236152663,
      -0.1987004533224639,
      0.23468431413458904,
      -0.2631081526996824,
      -0.017773911897016756,
      0.9999999999999999,
      0.20244249982909956,
      0.2203541954765006,
      -0.012685639643187996,
      0.6851451251227121,
      0.6634806217128018
    ],
    [
      0.1383989040718362,
      -0.07611002483126668,
      0.06101694648626552,
      -0.06293396451571254,
      -0.0444252902631115,
      0.20244249982909954,
      1.0,
      -0.0008639930571562699,
      -0.015548453176357618,
      0.1505460093384908,
      0.15610888678593945
    ],
    [
      0.19595557691626644,
      -0.029694295881252313,
      0.10660061281603056,
      -0.0920531441751535,
      -0.02568436929029977,
      0.2203541954765006,
      -0.0008639930571562699,
      1.0,
      0.007195359344562539,
      0.19765313466833778,
      0.21145909395386783
    ],
    [
      0.07275786688056338,
      0.12643278464255334,
      0.14267843600961785,
      0.0558612691102946,
      0.011809481819552315,
      -0.012685639643187998,
      -0.015548453176357618,
      0.00719535934456254,
      1.0,
      0.01289382344015975,
      -0.0023711566329181507
    ],
    [
      0.6404024865507618,
      0.05195460298079895,
      0.331009346670563,
      -0.2262060467186815,
      -0.054811240438993505,
      0.6851451251227122,
      0.1505460093384908,
      0.1976531346683378,
      0.012893823440159751,
      1.0,
      0.6446368916074434
    ],
    [
      0.5900230392467188,
      -0.02981929217014166,
      0.2937878644160146,
      -0.19028448904024534,
      0.010239853907012717,
      0.6634806217128018,
      0.15610888678593945,
      0.21145909395386786,
      -0.0023711566329181507,
      0.6446368916074435,
      0.9999999999999998
    ]
  ],
  "diagnostics": {
    "runtime": {
      "preprocess_s": 0.041,
      "gwosc_fetch_s": 6.36,
      "encode_s": 0.004,
      "sampling_s": 2.736,
      "total_s": 9.145
    },
    "memory": {
      "rss_mb": 4347.3,
      "mps_allocated_mb": 85.7
    },
    "n_effective": 3000,
    "boundary_railing_frac": 0.559,
    "log_prob": {
      "median": -31.275341987609863,
      "max": 44.78081130981445
    },
    "ood_flags": [
      "55.9% of samples rail at the parameter bounds \u2014 the event may lie outside the training prior (out-of-distribution)"
    ],
    "context_ood": {
      "mahalanobis": 9.84,
      "percentile_vs_validation": 70.9
    },
    "verdict": {
      "confidence": "LOW",
      "reasons": [
        "56% of posterior samples rail at prior bounds"
      ]
    },
    "refinement": {
      "refine": true,
      "refine_global": true,
      "untrusted_params": [],
      "strong_indicators": [
        "confidence LOW: 56% of posterior samples rail at prior bounds",
        "posterior median in severe mass-bias cell {'mc': 30, 'q': 0.9, 'theta_jn': 0.5} (m1 x1.46)",
        "56% of samples rail at prior bounds"
      ],
      "moderate_indicators": [],
      "indicators": {
        "confidence": "LOW",
        "ood_percentile": 70.9,
        "bias_region": {
          "q_in_attractor": false,
          "cell": {
            "mc": 30,
            "q": 0.9,
            "theta_jn": 0.5
          },
          "m1_bias": 1.46,
          "dl_bias": 1.42,
          "severe_mass_bias": true
        },
        "mc_width_frac": 0.562,
        "railing_frac": 0.559
      },
      "recommendation": "run sampler refinement (compare_to_dynesty) before quoting these posteriors"
    }
  },
  "config": {
    "model_path": "model/lean_npe_v4/best_model.pth",
    "model_epoch": 2,
    "model_val_nll": -0.5246524548158049,
    "premerger": false,
    "device": "mps",
    "num_samples": 3000,
    "rank": 0,
    "seed": 0,
    "event": "GW170814",
    "event_type": "BBH",
    "source": "real",
    "detectors_present": [
      "H1",
      "L1",
      "V1"
    ]
  },
  "reproducibility": {
    "git_commit": "ece3a0f52ab84627ddf97e05fe430a015d6b5523",
    "model_path": "model/lean_npe_v4/best_model.pth",
    "model_epoch": 2,
    "model_val_nll": -0.5246524548158049,
    "premerger": false
  },
  "preprocessing": {
    "source": "real",
    "detectors_present": [
      "H1",
      "L1",
      "V1"
    ],
    "warnings": [],
    "quality": {
      "H1": {
        "finite": true,
        "std": 0.9792155623435974,
        "max_abs": 4.176636695861816,
        "excess_kurtosis": -0.002106904983520508,
        "repeated_frac": 0.0,
        "whitening_norm": 47.013954239306116
      },
      "L1": {
        "finite": true,
        "std": 0.9994204640388489,
        "max_abs": 3.956414222717285,
        "excess_kurtosis": -0.017106056213378906,
        "repeated_frac": 0.0,
        "whitening_norm": 45.957458531048935
      },
      "V1": {
        "finite": true,
        "std": 0.9578981399536133,
        "max_abs": 3.727754592895508,
        "excess_kurtosis": 0.03925657272338867,
        "repeated_frac": 0.0,
        "whitening_norm": 46.6550071260846
      }
    },
    "timings": {
      "preprocess_s": 0.041,
      "gwosc_fetch_s": 6.36
    }
  }
}