{
  "param_names": [
    "mass_1",
    "mass_2",
    "luminosity_distance",
    "ra",
    "dec",
    "theta_jn",
    "psi",
    "phase",
    "geocent_time",
    "a1",
    "a2"
  ],
  "trigger_gps": 1126259462.4,
  "truth": null,
  "summary": {
    "n_samples": 3000,
    "trigger_gps": 1126259462.4,
    "parameters": [
      {
        "param": "mass_1",
        "median": 65.54902648925781,
        "mean": 66.80740640155474,
        "map": 2.4284157752990723,
        "std": 17.702543983739716,
        "ci50%": [
          53.514198303222656,
          80.73842811584473
        ],
        "ci68%": [
          49.12122756958008,
          86.29798065185548
        ],
        "ci90%": [
          41.813775634765626,
          95.14736862182616
        ],
        "ci95%": [
          37.90479803085327,
          97.7385467529297
        ]
      },
      {
        "param": "mass_2",
        "median": 30.134721755981445,
        "mean": 30.691882810433707,
        "map": 2.4030306339263916,
        "std": 11.723578486099044,
        "ci50%": [
          22.709667682647705,
          38.63264179229736
        ],
        "ci68%": [
          19.502503128051753,
          42.09339370727539
        ],
        "ci90%": [
          13.784145116806027,
          49.06348781585693
        ],
        "ci95%": [
          7.565547096729288,
          52.998834228515626
        ]
      },
      {
        "param": "luminosity_distance",
        "median": 1505.3261108398438,
        "mean": 1472.6969998639424,
        "map": 172.65438842773438,
        "std": 351.61694745773013,
        "ci50%": [
          1283.6142883300781,
          1703.6611938476562
        ],
        "ci68%": [
          1152.47435546875,
          1813.1816455078128
        ],
        "ci90%": [
          885.029736328125,
          1992.0528747558592
        ],
        "ci95%": [
          699.4001770019544,
          2049.0863525390623
        ]
      },
      {
        "param": "ra",
        "median": 2.4663926362991333,
        "mean": 2.6639863862774025,
        "map": 0.6622447371482849,
        "std": 1.6334328976296635,
        "ci50%": [
          1.0983139872550964,
          4.14369809627533
        ],
        "ci68%": [
          0.8795522332191467,
          4.4064502334594735
        ],
        "ci90%": [
          0.5380717426538467,
          5.220642399787901
        ],
        "ci95%": [
          0.30535648167133345,
          5.559809494018555
        ]
      },
      {
        "param": "dec",
        "median": -0.08142220973968506,
        "mean": -0.012938326199849446,
        "map": -0.1653670072555542,
        "std": 0.9074022455200065,
        "ci50%": [
          -0.8560689389705658,
          0.8338886499404907
        ],
        "ci68%": [
          -1.0908558940887452,
          1.117973237037659
        ],
        "ci90%": [
          -1.289795470237732,
          1.3615937590599059
        ],
        "ci95%": [
          -1.3448386490345001,
          1.422883802652359
        ]
      },
      {
        "param": "theta_jn",
        "median": 1.3224629759788513,
        "mean": 1.4998843354118678,
        "map": 1.0903277397155762,
        "std": 0.7179722053163398,
        "ci50%": [
          0.9382501542568207,
          2.175265312194824
        ],
        "ci68%": [
          0.768451852798462,
          2.3492835807800296
        ],
        "ci90%": [
          0.46791265159845347,
          2.631225204467773
        ],
        "ci95%": [
          0.2953649334609513,
          2.734685611724854
        ]
      },
      {
        "param": "psi",
        "median": 1.5087642669677734,
        "mean": 1.5295695102804263,
        "map": 2.4986746311187744,
        "std": 0.8443745233314459,
        "ci50%": [
          0.8722069263458252,
          2.205805718898773
        ],
        "ci68%": [
          0.5623718929290772,
          2.508813190460206
        ],
        "ci90%": [
          0.19081566110253334,
          2.903178405761718
        ],
        "ci95%": [
          0.09178596921265153,
          3.00163089632988
        ]
      },
      {
        "param": "phase",
        "median": 3.600873589515686,
        "mean": 3.4619346705877687,
        "map": 5.861635684967041,
        "std": 1.8674370833072325,
        "ci50%": [
          1.967035710811615,
          5.2163097858428955
        ],
        "ci68%": [
          1.1525069761276243,
          5.609844589233399
        ],
        "ci90%": [
          0.2790579602122306,
          6.096676015853881
        ],
        "ci95%": [
          0.14862822704017167,
          6.1964951157569885
        ]
      },
      {
        "param": "geocent_time",
        "median": 0.01893216371536255,
        "mean": -0.0031875247359275816,
        "map": 0.14259552955627441,
        "std": 0.19092001523698265,
        "ci50%": [
          0.0026534199714660645,
          0.034306079149246216
        ],
        "ci68%": [
          -0.005866518020629885,
          0.04205388069152833
        ],
        "ci90%": [
          -0.05407226681709293,
          0.06343372464179993
        ],
        "ci95%": [
          -0.34828192591667145,
          0.08552792072296148
        ]
      },
      {
        "param": "a1",
        "median": 0.5326657891273499,
        "mean": 0.5243779498140018,
        "map": 0.02661198377609253,
        "std": 0.2498079822265067,
        "ci50%": [
          0.35872457921504974,
          0.713528037071228
        ],
        "ci68%": [
          0.26444423913955684,
          0.7909550380706788
        ],
        "ci90%": [
          0.07279012054204938,
          0.9319705665111541
        ],
        "ci95%": [
          0.03485758826136594,
          0.9561075136065483
        ]
      },
      {
        "param": "a2",
        "median": 0.5020588934421539,
        "mean": 0.5051525955299536,
        "map": 0.01625347137451172,
        "std": 0.2752384973897271,
        "ci50%": [
          0.27371005713939667,
          0.7359667271375656
        ],
        "ci68%": [
          0.19861617088317862,
          0.821088252067566
        ],
        "ci90%": [
          0.06163710802793502,
          0.9501070111989974
        ],
        "ci95%": [
          0.02852341607213023,
          0.9694763466715813
        ]
      }
    ],
    "diagnostics": {
      "runtime": {
        "preprocess_s": 0.035,
        "gwosc_fetch_s": 5.21,
        "encode_s": 0.055,
        "sampling_s": 3.949,
        "total_s": 9.373
      },
      "memory": {
        "rss_mb": 2452.7,
        "mps_allocated_mb": 120.1
      },
      "n_effective": 3000,
      "boundary_railing_frac": 0.0403,
      "log_prob": {
        "median": -17.475561141967773,
        "max": 12.971076965332031
      },
      "ood_flags": [
        "V1: no data \u2014 filled with unit white noise (posterior uses remaining detectors only)"
      ],
      "context_ood": {
        "mahalanobis": 12.71,
        "percentile_vs_validation": 92.9
      },
      "verdict": {
        "confidence": "HIGH",
        "reasons": [
          "V1: no data \u2014 filled with unit white noise (posterior uses remaining detectors only)"
        ]
      }
    }
  },
  "covariance": [
    [
      313.4845583490222,
      -47.008228606735535,
      725.077136532594,
      1.010055518752915,
      -0.31784629230245853,
      -0.6401621256797245,
      -0.4187089607694115,
      -3.521281734922797,
      0.38949175473145836,
      0.5639851707020554,
      0.41974375082406384
    ],
    [
      -47.008228606735535,
      137.48812189368894,
      1798.0522538237462,
      0.05438099520010648,
      0.1955671194190605,
      0.3688516041252956,
      0.1516326812303726,
      0.49691396567653107,
      0.20956525317565036,
      1.213406877892403,
      0.7566422470011681
    ],
    [
      725.077136532594,
      1798.0522538237462,
      123675.7029738167,
      16.009804065936716,
      -5.163956716170652,
      -0.47034473889039136,
      -12.538359506432519,
      42.258318201918634,
      11.500331808015964,
      27.24307045582432,
      14.691601733060539
    ],
    [
      1.010055518752915,
      0.05438099520010648,
      16.009804065936716,
      2.6689926952906022,
      0.04118887080367004,
      -0.007546616218541257,
      -0.021704944174442894,
      -0.05782709173482282,
      -0.0034099744520030856,
      -0.0030536683943105337,
      0.05858904913543857
    ],
    [
      -0.31784629230245853,
      0.1955671194190605,
      -5.163956716170652,
      0.04118887080367004,
      0.823653386303518,
      -0.006349266818276556,
      0.034029381987503084,
      -0.00207637822920615,
      0.005049770730965423,
      -0.0023715467690452754,
      0.01238089956714131
    ],
    [
      -0.6401621256797245,
      0.3688516041252956,
      -0.47034473889039136,
      -0.007546616218541257,
      -0.006349266818276556,
      0.5156559729311185,
      -0.012297009848037777,
      -0.09599794063670881,
      0.0008893052175240269,
      0.0009195774005402551,
      -0.011859573238675616
    ],
    [
      -0.4187089607694115,
      0.1516326812303726,
      -12.538359506432519,
      -0.021704944174442894,
      0.034029381987503084,
      -0.012297009848037777,
      0.7132060710082092,
      0.03442388700846799,
      -0.002887607350683517,
      -0.010781999666274347,
      0.006287119846581414
    ],
    [
      -3.521281734922797,
      0.49691396567653107,
      42.258318201918634,
      -0.05782709173482282,
      -0.00207637822920615,
      -0.09599794063670881,
      0.03442388700846799,
      3.4884840881404036,
      0.00437477091580286,
      0.014121728085135541,
      -0.005903965136937089
    ],
    [
      0.38949175473145836,
      0.20956525317565036,
      11.500331808015964,
      -0.0034099744520030856,
      0.005049770730965423,
      0.0008893052175240269,
      -0.002887607350683517,
      0.00437477091580286,
      0.036462606420229776,
      0.0028424774168577032,
      -0.0003046971089955506
    ],
    [
      0.5639851707020554,
      1.213406877892403,
      27.24307045582432,
      -0.0030536683943105337,
      -0.0023715467690452754,
      0.0009195774005402551,
      -0.010781999666274347,
      0.014121728085135541,
      0.0028424774168577032,
      0.062424836262832926,
      0.005381547273932505
    ],
    [
      0.41974375082406384,
      0.7566422470011681,
      14.691601733060539,
      0.05858904913543857,
      0.01238089956714131,
      -0.011859573238675616,
      0.006287119846581414,
      -0.005903965136937089,
      -0.0003046971089955506,
      0.005381547273932505,
      0.07578149094233556
    ]
  ],
  "correlation": [
    [
      0.9999999999999998,
      -0.22642961066561915,
      0.1164485112435758,
      0.03491913497402206,
      -0.01978048013019067,
      -0.05035027805245025,
      -0.02800249078835994,
      -0.1064815401688651,
      0.11520367597076683,
      0.12749140357119906,
      0.08611812978552055
    ],
    [
      -0.22642961066561915,
      1.0,
      0.4360411990638539,
      0.0028388396920061808,
      0.018377693536871634,
      0.04380655090453224,
      0.015312732963611084,
      0.022689777636334466,
      0.093597194606592,
      0.4141857534711497,
      0.2344101560241276
    ],
    [
      0.11644851124357582,
      0.43604119906385386,
      1.0,
      0.027865711119138343,
      -0.016179613966451845,
      -0.001862490518025176,
      -0.04221735384433636,
      0.06433564243006706,
      0.17125541881055964,
      0.3100524402824043,
      0.1517558285737963
    ],
    [
      0.03491913497402206,
      0.0028388396920061808,
      0.02786571111913834,
      1.0,
      0.027780109238682616,
      -0.0064327777315371995,
      -0.015731765527785307,
      -0.01895131216468546,
      -0.010930841017264017,
      -0.007481169172326357,
      0.13027503077276906
    ],
    [
      -0.01978048013019067,
      0.018377693536871634,
      -0.016179613966451845,
      0.027780109238682613,
      0.9999999999999999,
      -0.009742520034886482,
      0.04439911383213843,
      -0.001224942912774369,
      0.02913906161666518,
      -0.010458773159010417,
      0.04955624413394752
    ],
    [
      -0.05035027805245025,
      0.043806550904532233,
      -0.001862490518025176,
      -0.006432777731537199,
      -0.009742520034886484,
      1.0,
      -0.02027738648499029,
      -0.07157535604833731,
      0.006485552199959828,
      0.005125421157196003,
      -0.059993950770644795
    ],
    [
      -0.02800249078835994,
      0.015312732963611084,
      -0.04221735384433636,
      -0.015731765527785307,
      0.04439911383213844,
      -0.02027738648499029,
      1.0,
      0.021823983201740775,
      -0.017906337595671416,
      -0.051099081336966785,
      0.027043484611658633
    ],
    [
      -0.1064815401688651,
      0.022689777636334462,
      0.06433564243006706,
      -0.018951312164685458,
      -0.001224942912774369,
      -0.07157535604833731,
      0.02182398320174078,
      0.9999999999999999,
      0.012266286048186506,
      0.030261521909081872,
      -0.01148269523838355
    ],
    [
      0.11520367597076682,
      0.093597194606592,
      0.17125541881055964,
      -0.010930841017264017,
      0.02913906161666518,
      0.0064855521999598285,
      -0.017906337595671416,
      0.012266286048186506,
      1.0,
      0.05957917184229353,
      -0.005796460838231987
    ],
    [
      0.12749140357119906,
      0.4141857534711497,
      0.3100524402824043,
      -0.007481169172326357,
      -0.010458773159010417,
      0.005125421157196003,
      -0.05109908133696679,
      0.030261521909081872,
      0.05957917184229353,
      1.0,
      0.07824324991065217
    ],
    [
      0.08611812978552055,
      0.23441015602412757,
      0.1517558285737963,
      0.13027503077276906,
      0.04955624413394751,
      -0.059993950770644795,
      0.027043484611658633,
      -0.01148269523838355,
      -0.005796460838231988,
      0.07824324991065215,
      1.0
    ]
  ],
  "diagnostics": {
    "runtime": {
      "preprocess_s": 0.035,
      "gwosc_fetch_s": 5.21,
      "encode_s": 0.055,
      "sampling_s": 3.949,
      "total_s": 9.373
    },
    "memory": {
      "rss_mb": 2452.7,
      "mps_allocated_mb": 120.1
    },
    "n_effective": 3000,
    "boundary_railing_frac": 0.0403,
    "log_prob": {
      "median": -17.475561141967773,
      "max": 12.971076965332031
    },
    "ood_flags": [
      "V1: no data \u2014 filled with unit white noise (posterior uses remaining detectors only)"
    ],
    "context_ood": {
      "mahalanobis": 12.71,
      "percentile_vs_validation": 92.9
    },
    "verdict": {
      "confidence": "HIGH",
      "reasons": [
        "V1: no data \u2014 filled with unit white noise (posterior uses remaining detectors only)"
      ]
    }
  },
  "config": {
    "model_path": "model/lean_npe_v2/best_model.pth",
    "model_epoch": 29,
    "model_val_nll": 0.6907197057798102,
    "premerger": false,
    "device": "mps",
    "num_samples": 3000,
    "rank": 0,
    "seed": 0,
    "event": "GW150914",
    "event_type": "BBH",
    "source": "real",
    "detectors_present": [
      "H1",
      "L1"
    ]
  },
  "reproducibility": {
    "git_commit": "ece3a0f52ab84627ddf97e05fe430a015d6b5523",
    "model_path": "model/lean_npe_v2/best_model.pth",
    "model_epoch": 29,
    "model_val_nll": 0.6907197057798102,
    "premerger": false
  },
  "preprocessing": {
    "source": "real",
    "detectors_present": [
      "H1",
      "L1"
    ],
    "warnings": [
      "V1: no data \u2014 filled with unit white noise (posterior uses remaining detectors only)"
    ],
    "quality": {
      "H1": {
        "finite": true,
        "std": 1.0123380422592163,
        "max_abs": 4.5542802810668945,
        "excess_kurtosis": -0.046918630599975586,
        "repeated_frac": 0.0,
        "whitening_norm": 45.72268702782404
      },
      "L1": {
        "finite": true,
        "std": 0.9647899866104126,
        "max_abs": 3.8245933055877686,
        "excess_kurtosis": 0.05527663230895996,
        "repeated_frac": 0.0,
        "whitening_norm": 47.181583593158145
      }
    },
    "timings": {
      "preprocess_s": 0.035,
      "gwosc_fetch_s": 5.21
    }
  }
}