{
  "param_names": [
    "mass_1",
    "mass_2",
    "luminosity_distance",
    "ra",
    "dec",
    "theta_jn",
    "psi",
    "phase",
    "geocent_time",
    "a1",
    "a2"
  ],
  "trigger_gps": 1167559936.6,
  "truth": null,
  "summary": {
    "n_samples": 3000,
    "trigger_gps": 1167559936.6,
    "parameters": [
      {
        "param": "mass_1",
        "median": 51.281219482421875,
        "mean": 53.52912945274512,
        "map": 30.531957626342773,
        "std": 21.11149774493251,
        "ci50%": [
          34.58676624298096,
          69.6772575378418
        ],
        "ci68%": [
          30.07595947265625,
          78.16114990234375
        ],
        "ci90%": [
          29.052991104125976,
          91.39301147460937
        ],
        "ci95%": [
          22.16516890525818,
          94.39369163513184
        ]
      },
      {
        "param": "mass_2",
        "median": 23.50360107421875,
        "mean": 23.58053322605292,
        "map": 29.706228256225586,
        "std": 10.987346012714871,
        "ci50%": [
          15.573505640029907,
          29.91901683807373
        ],
        "ci68%": [
          12.632985267639159,
          31.98100463867188
        ],
        "ci90%": [
          6.963285732269286,
          42.2966655731201
        ],
        "ci95%": [
          2.275540620088581,
          47.47488374710084
        ]
      },
      {
        "param": "luminosity_distance",
        "median": 1442.8119506835938,
        "mean": 1414.8352513720195,
        "map": 926.820068359375,
        "std": 383.9775180374319,
        "ci50%": [
          1169.5047912597656,
          1715.9465026855469
        ],
        "ci68%": [
          1056.29958984375,
          1827.92171875
        ],
        "ci90%": [
          764.4148986816404,
          1966.607550048828
        ],
        "ci95%": [
          584.0811065673829,
          2017.3370086669922
        ]
      },
      {
        "param": "ra",
        "median": 3.113961935043335,
        "mean": 3.0515888743667334,
        "map": 0.01645134575664997,
        "std": 2.0716908067259743,
        "ci50%": [
          1.2426932752132416,
          4.944098353385925
        ],
        "ci68%": [
          0.3108032906055447,
          5.450450725555422
        ],
        "ci90%": [
          0.0030515208723954843,
          6.139271283149718
        ],
        "ci95%": [
          0.0016292273096041756,
          6.278947269916534
        ]
      },
      {
        "param": "dec",
        "median": -0.0009273886680603027,
        "mean": -0.039933528542518616,
        "map": 0.49379241466522217,
        "std": 0.6268526575884199,
        "ci50%": [
          -0.5033864080905914,
          0.35217565298080444
        ],
        "ci68%": [
          -0.7180958652496339,
          0.6221251153945925
        ],
        "ci90%": [
          -1.0875543951988222,
          1.072620606422424
        ],
        "ci95%": [
          -1.2143505454063412,
          1.2003124117851258
        ]
      },
      {
        "param": "theta_jn",
        "median": 1.300357162952423,
        "mean": 1.3132299692958922,
        "map": 0.002212025923654437,
        "std": 0.8268212947219631,
        "ci50%": [
          0.7560312747955322,
          2.01504784822464
        ],
        "ci68%": [
          0.25502895474433657,
          2.234974966049194
        ],
        "ci90%": [
          0.0,
          2.6033079504966734
        ],
        "ci95%": [
          0.0,
          2.764335900545121
        ]
      },
      {
        "param": "psi",
        "median": 1.7563698291778564,
        "mean": 1.7030067584543955,
        "map": 0.10901085287332535,
        "std": 1.0103196604538234,
        "ci50%": [
          0.8280452191829681,
          2.592613160610199
        ],
        "ci68%": [
          0.4867658305168151,
          2.909901981353761
        ],
        "ci90%": [
          0.03542717508971688,
          3.1411018848419188
        ],
        "ci95%": [
          0.0005023941848776309,
          3.1413538575172426
        ]
      },
      {
        "param": "phase",
        "median": 3.40009081363678,
        "mean": 3.3457880845938996,
        "map": 0.007583767641335726,
        "std": 2.0799215541726244,
        "ci50%": [
          1.4990960359573364,
          5.269222736358643
        ],
        "ci68%": [
          0.859874517917633,
          5.959991054534913
        ],
        "ci90%": [
          0.05236956793814896,
          6.281448817253112
        ],
        "ci95%": [
          0.0017583292647032082,
          6.282270157337189
        ]
      },
      {
        "param": "geocent_time",
        "median": 0.0051953792572021484,
        "mean": -0.011470662792523702,
        "map": 0.029503822326660156,
        "std": 0.23159460457486844,
        "ci50%": [
          -0.010609656572341919,
          0.019280582666397095
        ],
        "ci68%": [
          -0.018554830551147462,
          0.02390529155731201
        ],
        "ci90%": [
          -0.06757389903068549,
          0.054808610677719
        ],
        "ci95%": [
          -0.6793716818094242,
          0.13950130343437225
        ]
      },
      {
        "param": "a1",
        "median": 0.32747508585453033,
        "mean": 0.36321757117907205,
        "map": 0.0005725622177124023,
        "std": 0.3015149532170894,
        "ci50%": [
          0.06797970831394196,
          0.6214129328727722
        ],
        "ci68%": [
          0.00554825544357299,
          0.7279662561416627
        ],
        "ci90%": [
          0.0,
          0.8858599901199341
        ],
        "ci95%": [
          0.0,
          0.938149742782116
        ]
      },
      {
        "param": "a2",
        "median": 0.41190844774246216,
        "mean": 0.41611459184686345,
        "map": 0.0018545091152191162,
        "std": 0.3263721580732338,
        "ci50%": [
          0.07556666433811188,
          0.6947562098503113
        ],
        "ci68%": [
          0.005509127378463739,
          0.8127608060836793
        ],
        "ci90%": [
          9.283721446990965e-05,
          0.9520050078630446
        ],
        "ci95%": [
          0.0,
          0.975028994679451
        ]
      }
    ],
    "diagnostics": {
      "runtime": {
        "preprocess_s": 0.056,
        "gwosc_fetch_s": 5.22,
        "encode_s": 0.004,
        "sampling_s": 1.676,
        "total_s": 6.961
      },
      "memory": {
        "rss_mb": 4543.5,
        "mps_allocated_mb": 128.8
      },
      "n_effective": 3000,
      "boundary_railing_frac": 0.1737,
      "log_prob": {
        "median": -18.681753158569336,
        "max": 40.46786117553711
      },
      "ood_flags": [
        "V1: no data \u2014 filled with unit white noise (posterior uses remaining detectors only)",
        "17.4% of samples rail at the parameter bounds \u2014 the event may lie outside the training prior (out-of-distribution)"
      ],
      "context_ood": {
        "mahalanobis": 6.58,
        "percentile_vs_validation": 65.5
      },
      "verdict": {
        "confidence": "MEDIUM",
        "reasons": [
          "17% boundary railing"
        ]
      },
      "refinement": {
        "refine": true,
        "refine_global": true,
        "untrusted_params": [
          "mass_1",
          "mass_2"
        ],
        "strong_indicators": [
          "chirp-mass posterior uninformative (90% width 114% of median)"
        ],
        "moderate_indicators": [
          "confidence MEDIUM",
          "V1: no data \u2014 filled with unit white noise (posterior uses remaining detectors only)",
          "17% boundary railing"
        ],
        "indicators": {
          "confidence": "MEDIUM",
          "ood_percentile": 65.5,
          "bias_region": {
            "q_in_attractor": true,
            "cell": {
              "mc": 30,
              "q": 0.4,
              "theta_jn": 1.57
            },
            "m1_bias": 1.02,
            "dl_bias": 2.47,
            "severe_mass_bias": false
          },
          "mc_width_frac": 1.138,
          "railing_frac": 0.1737
        },
        "recommendation": "run sampler refinement (compare_to_dynesty) before quoting these posteriors"
      }
    }
  },
  "covariance": [
    [
      445.84395168485185,
      -29.01061502170923,
      2130.887297475269,
      5.825884718980728,
      -0.10428539198240587,
      4.640498403874502,
      -2.8097769200544613,
      -6.391431279059477,
      -0.29630992179467475,
      2.2610722902722045,
      1.9674131520176181
    ],
    [
      -29.01061502170923,
      120.76202641192512,
      1511.174325836501,
      -1.7503635452600423,
      0.17659121854763565,
      -1.222083637132226,
      0.6284708531656761,
      0.8754609215187651,
      0.17000978921584234,
      0.33168006909953146,
      0.02712407531206682
    ],
    [
      2130.887297475269,
      1511.174325836501,
      147487.89699051646,
      99.06171831863969,
      -2.3018643958860445,
      55.465573335984686,
      -29.59782965530924,
      -63.80557674473012,
      0.24123140072724228,
      35.943691601890194,
      33.87884920819797
    ],
    [
      5.825884718980728,
      -1.7503635452600423,
      99.06171831863969,
      4.29333390997624,
      -0.012629887992933622,
      0.43793942185513873,
      -0.0651756974125319,
      -0.29527885011244415,
      0.009183119785275385,
      0.11907934050989104,
      0.17464650187858127
    ],
    [
      -0.10428539198240587,
      0.17659121854763565,
      -2.3018643958860445,
      -0.012629887992933622,
      0.3930752794188039,
      -0.01465437982548854,
      0.015536052954326562,
      0.04626270500713065,
      0.008349677687273727,
      0.005463062621042569,
      0.002435950599233648
    ],
    [
      4.640498403874502,
      -1.222083637132226,
      55.465573335984686,
      0.43793942185513873,
      -0.01465437982548854,
      0.6838614072081074,
      -0.11488290113832644,
      -0.30871606796915224,
      -0.004359973572311178,
      0.08499658658221101,
      0.0909087878515292
    ],
    [
      -2.8097769200544613,
      0.6284708531656761,
      -29.59782965530924,
      -0.0651756974125319,
      0.015536052954326562,
      -0.11488290113832644,
      1.02108617835898,
      0.20478304210658108,
      0.0010588080061627947,
      -0.03670166545937167,
      -0.03901839045832387
    ],
    [
      -6.391431279059477,
      0.8754609215187651,
      -63.80557674473012,
      -0.29527885011244415,
      0.04626270500713065,
      -0.30871606796915224,
      0.20478304210658108,
      4.327516176904169,
      0.010425549233142099,
      -0.08785022952609323,
      -0.10420338406182428
    ],
    [
      -0.29630992179467475,
      0.17000978921584234,
      0.24123140072724228,
      0.009183119785275385,
      0.008349677687273727,
      -0.004359973572311178,
      0.0010588080061627947,
      0.010425549233142099,
      0.05365394551669529,
      0.0005954890455714241,
      -0.0008592519054496417
    ],
    [
      2.2610722902722045,
      0.33168006909953146,
      35.943691601890194,
      0.11907934050989104,
      0.005463062621042569,
      0.08499658658221101,
      -0.03670166545937167,
      -0.08785022952609323,
      0.0005954890455714241,
      0.09094158087379471,
      0.030331445358569707
    ],
    [
      1.9674131520176181,
      0.02712407531206682,
      33.87884920819797,
      0.17464650187858127,
      0.002435950599233648,
      0.0909087878515292,
      -0.03901839045832387,
      -0.10420338406182428,
      -0.0008592519054496417,
      0.030331445358569707,
      0.10655430366660233
    ]
  ],
  "correlation": [
    [
      1.0,
      -0.12502598945000104,
      0.2627791171728872,
      0.13315979370606984,
      -0.007877604487055366,
      0.2657597093489358,
      -0.13168890980937312,
      -0.145508155002787,
      -0.06058343898978327,
      0.3550927115384337,
      0.28544249772461133
    ],
    [
      -0.12502598945000104,
      0.9999999999999999,
      0.35807267358091815,
      -0.07687156634803725,
      0.02563102896908519,
      -0.1344781374629888,
      0.056596392045551704,
      0.0382958945834302,
      0.06678945520264498,
      0.10008590707451676,
      0.007561435430358682
    ],
    [
      0.2627791171728872,
      0.3580726735809182,
      1.0,
      0.1244888147528591,
      -0.009560127361423228,
      0.17464705519561285,
      -0.07626942566745,
      -0.07986584612651791,
      0.0027117822584750754,
      0.3103582097547434,
      0.27024953828455744
    ],
    [
      0.13315979370606984,
      -0.07687156634803725,
      0.1244888147528591,
      1.0,
      -0.009722194379641799,
      0.25558340963108406,
      -0.031128425547762167,
      -0.06850395687608435,
      0.01913339705479152,
      0.1905714496980528,
      0.25821237976205247
    ],
    [
      -0.007877604487055366,
      0.02563102896908519,
      -0.009560127361423228,
      -0.009722194379641799,
      1.0,
      -0.02826477483353155,
      0.02452288876406635,
      0.035471030580906227,
      0.05749512379202653,
      0.028894625038925963,
      0.011902689734283406
    ],
    [
      0.2657597093489358,
      -0.13447813746298878,
      0.17464705519561283,
      0.2555834096310841,
      -0.02826477483353155,
      1.0,
      -0.1374801976108336,
      -0.1794551128451131,
      -0.0227614003194429,
      0.34082872310346385,
      0.33677226793276477
    ],
    [
      -0.13168890980937312,
      0.056596392045551704,
      -0.07626942566745,
      -0.03112842554776217,
      0.02452288876406635,
      -0.1374801976108336,
      1.0,
      0.09741894936054804,
      0.004523610316333104,
      -0.1204407146413802,
      -0.11829125896866402
    ],
    [
      -0.14550815500278702,
      0.0382958945834302,
      -0.07986584612651791,
      -0.06850395687608435,
      0.035471030580906227,
      -0.1794551128451131,
      0.09741894936054804,
      1.0,
      0.021636089115027447,
      -0.1400368395643135,
      -0.15345356258491616
    ],
    [
      -0.060583438989783266,
      0.06678945520264498,
      0.002711782258475075,
      0.01913339705479152,
      0.05749512379202653,
      -0.0227614003194429,
      0.004523610316333105,
      0.021636089115027447,
      0.9999999999999999,
      0.00852494714566534,
      -0.011364077171366673
    ],
    [
      0.35509271153843375,
      0.10008590707451677,
      0.31035820975474343,
      0.1905714496980528,
      0.02889462503892596,
      0.34082872310346385,
      -0.12044071464138019,
      -0.1400368395643135,
      0.00852494714566534,
      0.9999999999999998,
      0.30812458982629315
    ],
    [
      0.2854424977246113,
      0.007561435430358683,
      0.27024953828455744,
      0.2582123797620525,
      0.011902689734283408,
      0.33677226793276477,
      -0.11829125896866402,
      -0.15345356258491616,
      -0.011364077171366673,
      0.30812458982629315,
      1.0
    ]
  ],
  "diagnostics": {
    "runtime": {
      "preprocess_s": 0.056,
      "gwosc_fetch_s": 5.22,
      "encode_s": 0.004,
      "sampling_s": 1.676,
      "total_s": 6.961
    },
    "memory": {
      "rss_mb": 4543.5,
      "mps_allocated_mb": 128.8
    },
    "n_effective": 3000,
    "boundary_railing_frac": 0.1737,
    "log_prob": {
      "median": -18.681753158569336,
      "max": 40.46786117553711
    },
    "ood_flags": [
      "V1: no data \u2014 filled with unit white noise (posterior uses remaining detectors only)",
      "17.4% of samples rail at the parameter bounds \u2014 the event may lie outside the training prior (out-of-distribution)"
    ],
    "context_ood": {
      "mahalanobis": 6.58,
      "percentile_vs_validation": 65.5
    },
    "verdict": {
      "confidence": "MEDIUM",
      "reasons": [
        "17% boundary railing"
      ]
    },
    "refinement": {
      "refine": true,
      "refine_global": true,
      "untrusted_params": [
        "mass_1",
        "mass_2"
      ],
      "strong_indicators": [
        "chirp-mass posterior uninformative (90% width 114% of median)"
      ],
      "moderate_indicators": [
        "confidence MEDIUM",
        "V1: no data \u2014 filled with unit white noise (posterior uses remaining detectors only)",
        "17% boundary railing"
      ],
      "indicators": {
        "confidence": "MEDIUM",
        "ood_percentile": 65.5,
        "bias_region": {
          "q_in_attractor": true,
          "cell": {
            "mc": 30,
            "q": 0.4,
            "theta_jn": 1.57
          },
          "m1_bias": 1.02,
          "dl_bias": 2.47,
          "severe_mass_bias": false
        },
        "mc_width_frac": 1.138,
        "railing_frac": 0.1737
      },
      "recommendation": "run sampler refinement (compare_to_dynesty) before quoting these posteriors"
    }
  },
  "config": {
    "model_path": "model/lean_v6/best_model.pth",
    "model_epoch": 38,
    "model_val_nll": -0.017256081197410823,
    "premerger": false,
    "device": "mps",
    "num_samples": 3000,
    "rank": 0,
    "seed": 0,
    "event": "GW170104",
    "event_type": "BBH",
    "source": "real",
    "detectors_present": [
      "H1",
      "L1"
    ]
  },
  "reproducibility": {
    "git_commit": "d6c307609f9e58de343f817c5bb3044b3fcc8171",
    "model_path": "model/lean_v6/best_model.pth",
    "model_epoch": 38,
    "model_val_nll": -0.017256081197410823,
    "premerger": false
  },
  "preprocessing": {
    "source": "real",
    "detectors_present": [
      "H1",
      "L1"
    ],
    "warnings": [
      "V1: no data \u2014 filled with unit white noise (posterior uses remaining detectors only)"
    ],
    "quality": {
      "H1": {
        "finite": true,
        "std": 0.977746307849884,
        "max_abs": 4.0638837814331055,
        "excess_kurtosis": -0.06703996658325195,
        "repeated_frac": 0.0,
        "whitening_norm": 46.741788915438214
      },
      "L1": {
        "finite": true,
        "std": 0.9818301796913147,
        "max_abs": 3.961163282394409,
        "excess_kurtosis": 0.0051500797271728516,
        "repeated_frac": 0.0,
        "whitening_norm": 46.30542302813522
      }
    },
    "timings": {
      "preprocess_s": 0.056,
      "gwosc_fetch_s": 5.22
    }
  }
}