{
  "param_names": [
    "mass_1",
    "mass_2",
    "luminosity_distance",
    "ra",
    "dec",
    "theta_jn",
    "psi",
    "phase",
    "geocent_time",
    "a1",
    "a2"
  ],
  "trigger_gps": 1126259462.4,
  "truth": null,
  "summary": {
    "n_samples": 3000,
    "trigger_gps": 1126259462.4,
    "parameters": [
      {
        "param": "mass_1",
        "median": 65.25233459472656,
        "mean": 67.54571256391208,
        "map": 49.29907989501953,
        "std": 14.87945321596325,
        "ci50%": [
          56.587904930114746,
          79.29140663146973
        ],
        "ci68%": [
          53.74519729614258,
          84.44757385253907
        ],
        "ci90%": [
          48.02522983551025,
          92.12730064392089
        ],
        "ci95%": [
          45.31816396713257,
          94.92675323486328
        ]
      },
      {
        "param": "mass_2",
        "median": 38.466352462768555,
        "mean": 38.35600563895702,
        "map": 44.48063659667969,
        "std": 10.69518693414439,
        "ci50%": [
          31.374974727630615,
          45.49086666107178
        ],
        "ci68%": [
          28.454962005615233,
          48.51179977416992
        ],
        "ci90%": [
          22.587157726287842,
          54.44933605194091
        ],
        "ci95%": [
          19.586440324783325,
          57.36905431747437
        ]
      },
      {
        "param": "luminosity_distance",
        "median": 1539.5050659179688,
        "mean": 1495.4833264935812,
        "map": 1775.4542236328125,
        "std": 354.3004154197187,
        "ci50%": [
          1287.1249389648438,
          1743.5553283691406
        ],
        "ci68%": [
          1145.9901806640626,
          1844.078369140625
        ],
        "ci90%": [
          867.1390197753906,
          2001.1625549316404
        ],
        "ci95%": [
          759.2715545654299,
          2053.223809814453
        ]
      },
      {
        "param": "ra",
        "median": 3.9024537801742554,
        "mean": 3.1935879528311393,
        "map": 4.576407432556152,
        "std": 1.7393765569613138,
        "ci50%": [
          1.3798326551914215,
          4.70565128326416
        ],
        "ci68%": [
          1.133880157470703,
          4.899114093780518
        ],
        "ci90%": [
          0.6728432148694992,
          5.449867701530455
        ],
        "ci95%": [
          0.42173118293285383,
          5.730135834217072
        ]
      },
      {
        "param": "dec",
        "median": 0.06890678405761719,
        "mean": 0.09925174746910731,
        "map": 0.8723593950271606,
        "std": 0.8313745195133354,
        "ci50%": [
          -0.6238372474908829,
          0.8419376015663147
        ],
        "ci68%": [
          -0.8413746595382691,
          1.0110812807083132
        ],
        "ci90%": [
          -1.17929248213768,
          1.316279101371765
        ],
        "ci95%": [
          -1.240492969751358,
          1.4001349747180938
        ]
      },
      {
        "param": "theta_jn",
        "median": 1.345796287059784,
        "mean": 1.556951792700216,
        "map": 0.712033212184906,
        "std": 0.7486784238576547,
        "ci50%": [
          0.9350745230913162,
          2.299011468887329
        ],
        "ci68%": [
          0.7826866054534912,
          2.4485774898529056
        ],
        "ci90%": [
          0.5073433011770249,
          2.6708671569824216
        ],
        "ci95%": [
          0.3509602263569835,
          2.753665578365326
        ]
      },
      {
        "param": "psi",
        "median": 1.7035760283470154,
        "mean": 1.6285384624224002,
        "map": 3.0102696418762207,
        "std": 0.880774255374433,
        "ci50%": [
          0.9201275557279587,
          2.397962987422943
        ],
        "ci68%": [
          0.6223533391952513,
          2.644798955917359
        ],
        "ci90%": [
          0.1615377552807331,
          2.9478176593780514
        ],
        "ci95%": [
          0.07534422744065525,
          3.0324237883090976
        ]
      },
      {
        "param": "phase",
        "median": 4.161742448806763,
        "mean": 3.893625863703584,
        "map": 5.587913513183594,
        "std": 1.820359822771556,
        "ci50%": [
          2.516809403896332,
          5.546330451965332
        ],
        "ci68%": [
          1.7732311153411864,
          5.787873058319092
        ],
        "ci90%": [
          0.42507360279560086,
          6.156516647338867
        ],
        "ci95%": [
          0.18699006251990796,
          6.228352880477905
        ]
      },
      {
        "param": "geocent_time",
        "median": 0.027944624423980713,
        "mean": 0.020171197990576425,
        "map": 0.032392144203186035,
        "std": 0.11703905390517143,
        "ci50%": [
          0.012430459260940552,
          0.03890585899353027
        ],
        "ci68%": [
          0.007733464241027831,
          0.042679128646850584
        ],
        "ci90%": [
          0.0001392781734466502,
          0.05170698761939999
        ],
        "ci95%": [
          -0.0065020501613616746,
          0.05829905569553375
        ]
      },
      {
        "param": "a1",
        "median": 0.624321848154068,
        "mean": 0.5981496650675933,
        "map": 0.4454743266105652,
        "std": 0.21842780495522693,
        "ci50%": [
          0.46374695003032684,
          0.7555746883153915
        ],
        "ci68%": [
          0.3786742603778839,
          0.813426880836487
        ],
        "ci90%": [
          0.17724767625331878,
          0.9313796788454055
        ],
        "ci95%": [
          0.09413057267665881,
          0.9497049257159234
        ]
      },
      {
        "param": "a2",
        "median": 0.5362233519554138,
        "mean": 0.5251605308055878,
        "map": 0.7992983460426331,
        "std": 0.26372800622753373,
        "ci50%": [
          0.32183603942394257,
          0.733689159154892
        ],
        "ci68%": [
          0.22873423218727104,
          0.8000079369544983
        ],
        "ci90%": [
          0.06209867298603057,
          0.9515592664480209
        ],
        "ci95%": [
          0.03597657829523092,
          0.9716096684336663
        ]
      }
    ],
    "diagnostics": {
      "runtime": {
        "preprocess_s": 0.069,
        "gwosc_fetch_s": 5.26,
        "encode_s": 0.059,
        "sampling_s": 4.184,
        "total_s": 9.708
      },
      "memory": {
        "rss_mb": 2978.4,
        "mps_allocated_mb": 123.0
      },
      "n_effective": 3000,
      "boundary_railing_frac": 0.0303,
      "log_prob": {
        "median": -14.70192575454712,
        "max": -8.337410926818848
      },
      "ood_flags": [
        "V1: no data \u2014 filled with unit white noise (posterior uses remaining detectors only)"
      ],
      "context_ood": {
        "mahalanobis": 15.17,
        "percentile_vs_validation": 96.9
      },
      "verdict": {
        "confidence": "HIGH",
        "reasons": [
          "V1: no data \u2014 filled with unit white noise (posterior uses remaining detectors only)"
        ]
      }
    }
  },
  "covariance": [
    [
      221.47195199003573,
      -24.269149913323194,
      1215.5470435033344,
      0.42608664418528197,
      0.6117261725941265,
      -0.27577659456221637,
      -0.6698871001940305,
      -1.324629549190432,
      0.17438514118716533,
      0.9826111112592075,
      0.5682573901752452
    ],
    [
      -24.269149913323194,
      114.42516527805223,
      1481.8740290307194,
      0.6445739393814774,
      -0.12801656680815868,
      1.0426881701153665,
      0.4579284180856842,
      1.7528655533555855,
      0.11081153496694846,
      1.1626371971312588,
      0.6714635967276461
    ],
    [
      1215.5470435033344,
      1481.8740290307194,
      125570.64124700088,
      33.6554220993052,
      6.762832295913148,
      1.7841599293932175,
      -6.065245877236799,
      53.42003770076723,
      5.4275636075220435,
      26.604471218751222,
      13.964537294803831
    ],
    [
      0.42608664418528197,
      0.6445739393814774,
      33.6554220993052,
      3.026439620113298,
      0.7970840176175528,
      -0.05663355532647125,
      0.013540429334509479,
      -0.029179060425683162,
      0.010097360660967582,
      0.02804706331774433,
      0.10090310734469243
    ],
    [
      0.6117261725941265,
      -0.12801656680815868,
      6.762832295913148,
      0.7970840176175528,
      0.6914140630503792,
      -0.005571045146201827,
      0.009953982461535978,
      0.015696463481876328,
      0.0069003176096279605,
      0.012678038609563931,
      0.03458795811259914
    ],
    [
      -0.27577659456221637,
      1.0426881701153665,
      1.7841599293932175,
      -0.05663355532647125,
      -0.005571045146201827,
      0.560706284444797,
      -0.011521119592272184,
      -0.09828181975195392,
      7.330765155478655e-05,
      0.013526178432747444,
      0.0065709982919329914
    ],
    [
      -0.6698871001940305,
      0.4579284180856842,
      -6.065245877236799,
      0.013540429334509479,
      0.009953982461535978,
      -0.011521119592272184,
      0.776021962918026,
      -0.05940659030492369,
      0.0011455378606789006,
      -0.006403961756344797,
      0.009038943514392382
    ],
    [
      -1.324629549190432,
      1.7528655533555855,
      53.42003770076723,
      -0.029179060425683162,
      0.015696463481876328,
      -0.09828181975195392,
      -0.05940659030492369,
      3.3148148226351037,
      -0.001120626065710088,
      0.004310159479190759,
      0.012693293185392694
    ],
    [
      0.17438514118716533,
      0.11081153496694846,
      5.4275636075220435,
      0.010097360660967582,
      0.0069003176096279605,
      7.330765155478655e-05,
      0.0011455378606789006,
      -0.001120626065710088,
      0.01370270770825371,
      0.001110255380532363,
      0.0011267374095133501
    ],
    [
      0.9826111112592075,
      1.1626371971312588,
      26.604471218751222,
      0.02804706331774433,
      0.012678038609563931,
      0.013526178432747444,
      -0.006403961756344797,
      0.004310159479190759,
      0.001110255380532363,
      0.04772661484917504,
      0.0034953300283666255
    ],
    [
      0.5682573901752452,
      0.6714635967276461,
      13.964537294803831,
      0.10090310734469243,
      0.03458795811259914,
      0.0065709982919329914,
      0.009038943514392382,
      0.012693293185392694,
      0.0011267374095133501,
      0.0034953300283666255,
      0.06957565315313444
    ]
  ],
  "correlation": [
    [
      1.0,
      -0.1524524553821992,
      0.23049863009351582,
      0.016457829079532756,
      0.04943432302011821,
      -0.024747442611849173,
      -0.05109815762766857,
      -0.04888835631955657,
      0.10010295863306357,
      0.30223307385472586,
      0.14476283502034365
    ],
    [
      -0.1524524553821992,
      1.0,
      0.3909367124962118,
      0.034637453962885194,
      -0.014392501965354597,
      0.13017451257603788,
      0.048595920753197956,
      0.09000325087444151,
      0.08849546174513997,
      0.49751149942471157,
      0.23797594070094305
    ],
    [
      0.23049863009351582,
      0.39093671249621176,
      1.0,
      0.054594007971164,
      0.022951731654491696,
      0.006723911883351279,
      -0.019429756095276883,
      0.08280003074923216,
      0.13084516187606846,
      0.34366100793029747,
      0.14940111826718727
    ],
    [
      0.016457829079532756,
      0.034637453962885194,
      0.054594007971163996,
      0.9999999999999999,
      0.5510220649130096,
      -0.04347505176005058,
      0.008835465220714673,
      -0.009212460958529475,
      0.04958366959561466,
      0.07379740185400092,
      0.21989223209471354
    ],
    [
      0.0494343230201182,
      -0.014392501965354597,
      0.022951731654491693,
      0.5510220649130095,
      1.0,
      -0.00894746198086687,
      0.013589102062597187,
      0.010368193017569078,
      0.07089192669561094,
      0.06979151884194691,
      0.1576983589647124
    ],
    [
      -0.02474744261184917,
      0.13017451257603788,
      0.00672391188335128,
      -0.04347505176005058,
      -0.00894746198086687,
      1.0,
      -0.017465859669452806,
      -0.07209013539186955,
      0.000836331391201535,
      0.0826850673343261,
      0.03326863608190646
    ],
    [
      -0.05109815762766857,
      0.048595920753197956,
      -0.019429756095276883,
      0.008835465220714673,
      0.013589102062597187,
      -0.017465859669452806,
      1.0,
      -0.03703974463778131,
      0.01110885361802719,
      -0.03327602235447433,
      0.038900216643930695
    ],
    [
      -0.04888835631955657,
      0.09000325087444151,
      0.08280003074923216,
      -0.009212460958529475,
      0.010368193017569078,
      -0.07209013539186955,
      -0.03703974463778132,
      1.0,
      -0.005258088443546799,
      0.010836359080876623,
      0.026431148166064077
    ],
    [
      0.10010295863306357,
      0.08849546174513997,
      0.13084516187606846,
      0.04958366959561466,
      0.07089192669561094,
      0.000836331391201535,
      0.01110885361802719,
      -0.005258088443546799,
      0.9999999999999999,
      0.04341495684413076,
      0.03649142902069916
    ],
    [
      0.30223307385472586,
      0.49751149942471157,
      0.3436610079302975,
      0.07379740185400092,
      0.06979151884194691,
      0.0826850673343261,
      -0.03327602235447433,
      0.010836359080876623,
      0.043414956844130756,
      1.0,
      0.060656762438467696
    ],
    [
      0.14476283502034365,
      0.23797594070094305,
      0.14940111826718724,
      0.21989223209471354,
      0.1576983589647124,
      0.03326863608190646,
      0.03890021664393069,
      0.026431148166064077,
      0.03649142902069916,
      0.060656762438467696,
      1.0
    ]
  ],
  "diagnostics": {
    "runtime": {
      "preprocess_s": 0.069,
      "gwosc_fetch_s": 5.26,
      "encode_s": 0.059,
      "sampling_s": 4.184,
      "total_s": 9.708
    },
    "memory": {
      "rss_mb": 2978.4,
      "mps_allocated_mb": 123.0
    },
    "n_effective": 3000,
    "boundary_railing_frac": 0.0303,
    "log_prob": {
      "median": -14.70192575454712,
      "max": -8.337410926818848
    },
    "ood_flags": [
      "V1: no data \u2014 filled with unit white noise (posterior uses remaining detectors only)"
    ],
    "context_ood": {
      "mahalanobis": 15.17,
      "percentile_vs_validation": 96.9
    },
    "verdict": {
      "confidence": "HIGH",
      "reasons": [
        "V1: no data \u2014 filled with unit white noise (posterior uses remaining detectors only)"
      ]
    }
  },
  "config": {
    "model_path": "model/lean_npe_v3/best_model.pth",
    "model_epoch": 20,
    "model_val_nll": -0.7119142274837941,
    "premerger": false,
    "device": "mps",
    "num_samples": 3000,
    "rank": 0,
    "seed": 0,
    "event": "GW150914",
    "event_type": "BBH",
    "source": "real",
    "detectors_present": [
      "H1",
      "L1"
    ]
  },
  "reproducibility": {
    "git_commit": "ece3a0f52ab84627ddf97e05fe430a015d6b5523",
    "model_path": "model/lean_npe_v3/best_model.pth",
    "model_epoch": 20,
    "model_val_nll": -0.7119142274837941,
    "premerger": false
  },
  "preprocessing": {
    "source": "real",
    "detectors_present": [
      "H1",
      "L1"
    ],
    "warnings": [
      "V1: no data \u2014 filled with unit white noise (posterior uses remaining detectors only)"
    ],
    "quality": {
      "H1": {
        "finite": true,
        "std": 1.0123380422592163,
        "max_abs": 4.5542802810668945,
        "excess_kurtosis": -0.046918630599975586,
        "repeated_frac": 0.0,
        "whitening_norm": 45.72268702782404
      },
      "L1": {
        "finite": true,
        "std": 0.9647899866104126,
        "max_abs": 3.8245933055877686,
        "excess_kurtosis": 0.05527663230895996,
        "repeated_frac": 0.0,
        "whitening_norm": 47.181583593158145
      }
    },
    "timings": {
      "preprocess_s": 0.069,
      "gwosc_fetch_s": 5.26
    }
  }
}