{
  "param_names": [
    "mass_1",
    "mass_2",
    "luminosity_distance",
    "ra",
    "dec",
    "theta_jn",
    "psi",
    "phase",
    "geocent_time",
    "a1",
    "a2"
  ],
  "trigger_gps": 1126259462.4,
  "truth": null,
  "summary": {
    "n_samples": 3000,
    "trigger_gps": 1126259462.4,
    "parameters": [
      {
        "param": "mass_1",
        "median": 31.116280555725098,
        "mean": 45.487473363637925,
        "map": 36.53303909301758,
        "std": 20.029596464668188,
        "ci50%": [
          30.37928867340088,
          59.69301891326904
        ],
        "ci68%": [
          30.210513076782227,
          69.74786285400393
        ],
        "ci90%": [
          29.947811317443847,
          86.03791618347165
        ],
        "ci95%": [
          29.78822226524353,
          90.66758251190186
        ]
      },
      {
        "param": "mass_2",
        "median": 30.058588981628418,
        "mean": 33.63688928365708,
        "map": 30.76900291442871,
        "std": 10.93359355734637,
        "ci50%": [
          29.698585510253906,
          37.043701171875
        ],
        "ci68%": [
          29.438091659545897,
          43.034278869628906
        ],
        "ci90%": [
          21.412196826934814,
          55.53570365905762
        ],
        "ci95%": [
          14.19373247623447,
          60.850302410125735
        ]
      },
      {
        "param": "luminosity_distance",
        "median": 1120.140380859375,
        "mean": 1167.245187295278,
        "map": 890.90283203125,
        "std": 328.1676197858339,
        "ci50%": [
          950.3831024169922,
          1339.8591918945312
        ],
        "ci68%": [
          883.4250170898438,
          1484.3662255859379
        ],
        "ci90%": [
          774.2416076660155,
          1797.6893432617185
        ],
        "ci95%": [
          580.7024551391602,
          1934.9206329345704
        ]
      },
      {
        "param": "ra",
        "median": 2.4596781730651855,
        "mean": 2.8365899260572722,
        "map": 0.043208375573158264,
        "std": 2.6414570276076943,
        "ci50%": [
          0.0105700867716223,
          5.868769884109497
        ],
        "ci68%": [
          0.005871424004435538,
          6.274467887878418
        ],
        "ci90%": [
          0.001496258622501045,
          6.281448531150818
        ],
        "ci95%": [
          0.0007069428989780139,
          6.282392537593841
        ]
      },
      {
        "param": "dec",
        "median": 0.0015432238578796387,
        "mean": 0.00022329773505528767,
        "map": 0.11900126934051514,
        "std": 0.46252418175652565,
        "ci50%": [
          -0.024735093116760254,
          0.028893113136291504
        ],
        "ci68%": [
          -0.3068724679946901,
          0.3454866743087773
        ],
        "ci90%": [
          -0.8844681233167648,
          0.8889841318130492
        ],
        "ci95%": [
          -1.1182090520858763,
          1.0635582506656647
        ]
      },
      {
        "param": "theta_jn",
        "median": 0.009989039041101933,
        "mean": 0.6788371596246249,
        "map": 0.18879760801792145,
        "std": 0.8733121133735524,
        "ci50%": [
          0.001600619638338685,
          1.2296801209449768
        ],
        "ci68%": [
          0.0,
          1.8138741302490238
        ],
        "ci90%": [
          0.0,
          2.454793214797972
        ],
        "ci95%": [
          0.0,
          2.6588694691658024
        ]
      },
      {
        "param": "psi",
        "median": 3.130239725112915,
        "mean": 2.289744011056665,
        "map": 0.07484307885169983,
        "std": 1.0946340283734817,
        "ci50%": [
          1.3637561798095703,
          3.136367917060852
        ],
        "ci68%": [
          0.8201227331161498,
          3.1374843978881835
        ],
        "ci90%": [
          0.12623480670154075,
          3.1391460418701174
        ],
        "ci95%": [
          0.04283226113766438,
          3.139921045303345
        ]
      },
      {
        "param": "phase",
        "median": 0.48838095366954803,
        "mean": 1.9166933445940304,
        "map": 0.086764857172966,
        "std": 2.2967687114607793,
        "ci50%": [
          0.01773403212428093,
          3.8979283571243286
        ],
        "ci68%": [
          0.012578006088733672,
          5.110761127471925
        ],
        "ci90%": [
          0.004469254636205731,
          6.277197957038879
        ],
        "ci95%": [
          0.002237440866883847,
          6.2808713555336
        ]
      },
      {
        "param": "geocent_time",
        "median": 0.044159114360809326,
        "mean": 0.034379521628220874,
        "map": 0.10314369201660156,
        "std": 0.1902407303915004,
        "ci50%": [
          0.010861724615097046,
          0.06667253375053406
        ],
        "ci68%": [
          -0.006542558670043953,
          0.07751806259155274
        ],
        "ci90%": [
          -0.05630345940589905,
          0.13077107071876526
        ],
        "ci95%": [
          -0.15301350951194737,
          0.2439471691846854
        ]
      },
      {
        "param": "a1",
        "median": 0.00012990832328796387,
        "mean": 0.22118108396728833,
        "map": 0.0672721266746521,
        "std": 0.31572593394039405,
        "ci50%": [
          0.0,
          0.4275536835193634
        ],
        "ci68%": [
          0.0,
          0.6483694696426392
        ],
        "ci90%": [
          0.0,
          0.8848296463489531
        ],
        "ci95%": [
          0.0,
          0.9467015907168389
        ]
      },
      {
        "param": "a2",
        "median": 0.0016038119792938232,
        "mean": 0.2495087192952633,
        "map": 0.023045480251312256,
        "std": 0.3308493791922061,
        "ci50%": [
          0.0,
          0.5203315019607544
        ],
        "ci68%": [
          0.0,
          0.7055932140350343
        ],
        "ci90%": [
          0.0,
          0.9039360731840131
        ],
        "ci95%": [
          0.0,
          0.9622809603810311
        ]
      }
    ],
    "diagnostics": {
      "runtime": {
        "preprocess_s": 0.063,
        "gwosc_fetch_s": 5.55,
        "encode_s": 2.995,
        "sampling_s": 3.947,
        "total_s": 13.13
      },
      "memory": {
        "rss_mb": 2291.9,
        "mps_allocated_mb": 151.7
      },
      "n_effective": 3000,
      "boundary_railing_frac": 0.5513,
      "log_prob": {
        "median": -35.63544464111328,
        "max": 21.263608932495117
      },
      "ood_flags": [
        "V1: no data \u2014 filled with unit white noise (posterior uses remaining detectors only)",
        "55.1% of samples rail at the parameter bounds \u2014 the event may lie outside the training prior (out-of-distribution)"
      ],
      "context_ood": {
        "mahalanobis": 9.7,
        "percentile_vs_validation": 97.6
      },
      "verdict": {
        "confidence": "LOW",
        "reasons": [
          "55% of posterior samples rail at prior bounds"
        ]
      },
      "refinement": {
        "refine": true,
        "refine_global": true,
        "untrusted_params": [],
        "strong_indicators": [
          "confidence LOW: 55% of posterior samples rail at prior bounds",
          "posterior median in severe mass-bias cell {'mc': 30, 'q': 0.9, 'theta_jn': 0.5} (m1 x1.46)",
          "chirp-mass posterior uninformative (90% width 107% of median)",
          "55% of samples rail at prior bounds"
        ],
        "moderate_indicators": [
          "V1: no data \u2014 filled with unit white noise (posterior uses remaining detectors only)"
        ],
        "indicators": {
          "confidence": "LOW",
          "ood_percentile": 97.6,
          "bias_region": {
            "q_in_attractor": false,
            "cell": {
              "mc": 30,
              "q": 0.9,
              "theta_jn": 0.5
            },
            "m1_bias": 1.46,
            "dl_bias": 1.42,
            "severe_mass_bias": true
          },
          "mc_width_frac": 1.074,
          "railing_frac": 0.5513
        },
        "recommendation": "run sampler refinement (compare_to_dynesty) before quoting these posteriors"
      }
    }
  },
  "covariance": [
    [
      401.3185073732394,
      88.7282047796364,
      2932.8319691471133,
      9.999763183808476,
      0.6691992732821571,
      12.18820178589739,
      -13.148185084646466,
      18.238556959683176,
      -0.35945713119884576,
      4.421864142289672,
      4.214531859551798
    ],
    [
      88.7282047796364,
      119.58332918697539,
      2098.909998293308,
      2.893994332175768,
      -0.031612887612219066,
      3.5488555817273393,
      -3.498566916454722,
      5.346407775499466,
      0.0009400071582867136,
      1.8554814276610223,
      1.222025693000532
    ],
    [
      2932.8319691471133,
      2098.909998293308,
      107729.89664144674,
      139.1337120881241,
      0.339643819004824,
      95.43718519457065,
      -112.2337308875994,
      179.7801335258865,
      0.9956103692922627,
      48.423230736909794,
      39.128507250243366
    ],
    [
      9.999763183808476,
      2.893994332175768,
      139.1337120881241,
      6.97962176928786,
      0.018572586349001746,
      0.4874091937149341,
      -0.4816492088877212,
      0.2552802400207259,
      -0.0017404741494575413,
      0.14601195882521942,
      0.19644487996069265
    ],
    [
      0.6691992732821571,
      -0.031612887612219066,
      0.339643819004824,
      0.018572586349001746,
      0.21399995202688607,
      0.006733781439738475,
      -0.011351185237653404,
      0.007762723281880508,
      0.007786313039760727,
      0.0004221887854121579,
      0.0017388791072151136
    ],
    [
      12.18820178589739,
      3.5488555817273393,
      95.43718519457065,
      0.4874091937149341,
      0.006733781439738475,
      0.7629283568172576,
      -0.5768307015479364,
      0.8052406452435821,
      -0.008100419658591833,
      0.17979447180415736,
      0.18007073750769553
    ],
    [
      -13.148185084646466,
      -3.498566916454722,
      -112.2337308875994,
      -0.4816492088877212,
      -0.011351185237653404,
      -0.5768307015479364,
      1.1986231971388686,
      -0.9412918406817226,
      0.012631833400604767,
      -0.1886361572625976,
      -0.21951652742798847
    ],
    [
      18.238556959683176,
      5.346407775499466,
      179.7801335258865,
      0.2552802400207259,
      0.007762723281880508,
      0.8052406452435821,
      -0.9412918406817226,
      5.276905482439352,
      -0.02704068337796133,
      0.2673857310342375,
      0.2922732993181096
    ],
    [
      -0.35945713119884576,
      0.0009400071582867136,
      0.9956103692922627,
      -0.0017404741494575413,
      0.007786313039760727,
      -0.008100419658591833,
      0.012631833400604767,
      -0.02704068337796133,
      0.036203603367680776,
      -0.004186854936347574,
      -0.005567845348707586
    ],
    [
      4.421864142289672,
      1.8554814276610223,
      48.423230736909794,
      0.14601195882521942,
      0.0004221887854121579,
      0.17979447180415736,
      -0.1886361572625976,
      0.2673857310342375,
      -0.004186854936347574,
      0.09971610406388783,
      0.06034225129021532
    ],
    [
      4.214531859551798,
      1.222025693000532,
      39.128507250243366,
      0.19644487996069265,
      0.0017388791072151136,
      0.18007073750769553,
      -0.21951652742798847,
      0.2922732993181096,
      -0.005567845348707586,
      0.06034225129021532,
      0.1094978109821969
    ]
  ],
  "correlation": [
    [
      0.9999999999999998,
      0.4050249531746272,
      0.44604067657824215,
      0.18894229083477565,
      0.07221111127619156,
      0.6965513895863065,
      -0.5994871460583447,
      0.3963293381265248,
      -0.09430323923148447,
      0.6990015679413306,
      0.6357729241057023
    ],
    [
      0.4050249531746272,
      1.0,
      0.5847771236416883,
      0.10017201548705704,
      -0.006249165254077428,
      0.3715447489529597,
      -0.29222241517494557,
      0.21283208620848365,
      0.00045177265645198687,
      0.5373269712170322,
      0.3377087384717871
    ],
    [
      0.44604067657824215,
      0.5847771236416883,
      1.0,
      0.16045317175009033,
      0.0022369112614618845,
      0.3328952678583551,
      -0.31233017119057227,
      0.23844263876910696,
      0.015942094912569763,
      0.46720016661858826,
      0.360265304958762
    ],
    [
      0.18894229083477565,
      0.10017201548705704,
      0.16045317175009033,
      1.0,
      0.015196710981329289,
      0.21122041612654963,
      -0.16652274750560733,
      0.042064099646718756,
      -0.0034623879996236104,
      0.17502086743055634,
      0.2247098196893643
    ],
    [
      0.07221111127619156,
      -0.006249165254077428,
      0.002236911261461884,
      0.015196710981329289,
      1.0,
      0.016665191160171698,
      -0.022412640944688915,
      0.00730495608513802,
      0.08846044564078277,
      0.0028901288410361683,
      0.011359516138398834
    ],
    [
      0.6965513895863065,
      0.37154474895295964,
      0.33289526785835516,
      0.21122041612654963,
      0.016665191160171698,
      1.0,
      -0.6032053012128283,
      0.4013230940951373,
      -0.048740473195843834,
      0.6518562059150951,
      0.623015061792137
    ],
    [
      -0.5994871460583447,
      -0.29222241517494557,
      -0.31233017119057227,
      -0.16652274750560733,
      -0.022412640944688915,
      -0.6032053012128282,
      1.0,
      -0.3742771357441541,
      0.060638597894609826,
      -0.5456334043117299,
      -0.6059309918599343
    ],
    [
      0.3963293381265248,
      0.21283208620848365,
      0.23844263876910693,
      0.042064099646718756,
      0.00730495608513802,
      0.4013230940951373,
      -0.3742771357441541,
      1.0,
      -0.06186600981868363,
      0.3686089864069226,
      0.3845003733952185
    ],
    [
      -0.09430323923148447,
      0.00045177265645198687,
      0.015942094912569763,
      -0.00346238799962361,
      0.08846044564078276,
      -0.048740473195843834,
      0.060638597894609826,
      -0.06186600981868363,
      1.0,
      -0.0696834049888347,
      -0.08843181653005056
    ],
    [
      0.6990015679413307,
      0.5373269712170322,
      0.4672001666185883,
      0.17502086743055634,
      0.002890128841036168,
      0.6518562059150951,
      -0.5456334043117299,
      0.3686089864069226,
      -0.0696834049888347,
      0.9999999999999998,
      0.5774789251679056
    ],
    [
      0.6357729241057023,
      0.3377087384717871,
      0.360265304958762,
      0.2247098196893643,
      0.011359516138398834,
      0.6230150617921371,
      -0.6059309918599343,
      0.3845003733952184,
      -0.08843181653005054,
      0.5774789251679056,
      1.0
    ]
  ],
  "diagnostics": {
    "runtime": {
      "preprocess_s": 0.063,
      "gwosc_fetch_s": 5.55,
      "encode_s": 2.995,
      "sampling_s": 3.947,
      "total_s": 13.13
    },
    "memory": {
      "rss_mb": 2291.9,
      "mps_allocated_mb": 151.7
    },
    "n_effective": 3000,
    "boundary_railing_frac": 0.5513,
    "log_prob": {
      "median": -35.63544464111328,
      "max": 21.263608932495117
    },
    "ood_flags": [
      "V1: no data \u2014 filled with unit white noise (posterior uses remaining detectors only)",
      "55.1% of samples rail at the parameter bounds \u2014 the event may lie outside the training prior (out-of-distribution)"
    ],
    "context_ood": {
      "mahalanobis": 9.7,
      "percentile_vs_validation": 97.6
    },
    "verdict": {
      "confidence": "LOW",
      "reasons": [
        "55% of posterior samples rail at prior bounds"
      ]
    },
    "refinement": {
      "refine": true,
      "refine_global": true,
      "untrusted_params": [],
      "strong_indicators": [
        "confidence LOW: 55% of posterior samples rail at prior bounds",
        "posterior median in severe mass-bias cell {'mc': 30, 'q': 0.9, 'theta_jn': 0.5} (m1 x1.46)",
        "chirp-mass posterior uninformative (90% width 107% of median)",
        "55% of samples rail at prior bounds"
      ],
      "moderate_indicators": [
        "V1: no data \u2014 filled with unit white noise (posterior uses remaining detectors only)"
      ],
      "indicators": {
        "confidence": "LOW",
        "ood_percentile": 97.6,
        "bias_region": {
          "q_in_attractor": false,
          "cell": {
            "mc": 30,
            "q": 0.9,
            "theta_jn": 0.5
          },
          "m1_bias": 1.46,
          "dl_bias": 1.42,
          "severe_mass_bias": true
        },
        "mc_width_frac": 1.074,
        "railing_frac": 0.5513
      },
      "recommendation": "run sampler refinement (compare_to_dynesty) before quoting these posteriors"
    }
  },
  "config": {
    "model_path": "model/lean_v8_psdcond/best_model.pth",
    "model_epoch": 17,
    "model_val_nll": 1.005021550040692,
    "premerger": false,
    "psd_cond": true,
    "device": "mps",
    "num_samples": 3000,
    "rank": 0,
    "seed": 0,
    "event": "GW150914",
    "event_type": "BBH",
    "source": "real",
    "detectors_present": [
      "H1",
      "L1"
    ]
  },
  "reproducibility": {
    "git_commit": "995121aff136ae38385b8720269d5a16cb7438f5",
    "model_path": "model/lean_v8_psdcond/best_model.pth",
    "model_epoch": 17,
    "model_val_nll": 1.005021550040692,
    "premerger": false
  },
  "preprocessing": {
    "source": "real",
    "detectors_present": [
      "H1",
      "L1"
    ],
    "warnings": [
      "V1: no data \u2014 filled with unit white noise (posterior uses remaining detectors only)"
    ],
    "quality": {
      "H1": {
        "finite": true,
        "std": 1.0123380422592163,
        "max_abs": 4.5542802810668945,
        "excess_kurtosis": -0.046918630599975586,
        "repeated_frac": 0.0,
        "whitening_norm": 45.72268702782366
      },
      "L1": {
        "finite": true,
        "std": 0.9647899866104126,
        "max_abs": 3.8245933055877686,
        "excess_kurtosis": 0.05527663230895996,
        "repeated_frac": 0.0,
        "whitening_norm": 47.181583593158
      }
    },
    "timings": {
      "preprocess_s": 0.063,
      "gwosc_fetch_s": 5.55
    }
  }
}