{
  "param_names": [
    "mass_1",
    "mass_2",
    "luminosity_distance",
    "ra",
    "dec",
    "theta_jn",
    "psi",
    "phase",
    "geocent_time",
    "a1",
    "a2"
  ],
  "trigger_gps": 1186741861.5,
  "truth": null,
  "summary": {
    "n_samples": 3000,
    "trigger_gps": 1186741861.5,
    "parameters": [
      {
        "param": "mass_1",
        "median": 42.74147605895996,
        "mean": 49.355770039518674,
        "map": 1.620548129081726,
        "std": 21.6830434016283,
        "ci50%": [
          30.305380821228027,
          64.41388511657715
        ],
        "ci68%": [
          30.214967575073242,
          75.94674102783205
        ],
        "ci90%": [
          30.072718811035156,
          91.96592636108399
        ],
        "ci95%": [
          29.983714962005614,
          95.67059631347657
        ]
      },
      {
        "param": "mass_2",
        "median": 29.83321475982666,
        "mean": 27.0210060612758,
        "map": 1.2104281187057495,
        "std": 9.003638237296816,
        "ci50%": [
          22.426148414611816,
          30.13059711456299
        ],
        "ci68%": [
          18.29044532775879,
          31.396092605590823
        ],
        "ci90%": [
          11.14974031448364,
          40.47481441497801
        ],
        "ci95%": [
          6.16712590456009,
          45.29209032058717
        ]
      },
      {
        "param": "luminosity_distance",
        "median": 1315.4171752929688,
        "mean": 1354.0319631525676,
        "map": 153.55569458007812,
        "std": 347.96558785027446,
        "ci50%": [
          1147.127197265625,
          1588.2090759277344
        ],
        "ci68%": [
          1056.4948974609374,
          1732.5235107421877
        ],
        "ci90%": [
          837.8458221435545,
          1948.709710693359
        ],
        "ci95%": [
          653.938171386719,
          2006.6823669433595
        ]
      },
      {
        "param": "ra",
        "median": 5.347516059875488,
        "mean": 4.4515836864032705,
        "map": 2.124875783920288,
        "std": 2.0598046403516883,
        "ci50%": [
          2.764574348926544,
          6.26038122177124
        ],
        "ci68%": [
          1.8649619770050048,
          6.263910999298096
        ],
        "ci90%": [
          0.30940644294023495,
          6.270214104652405
        ],
        "ci95%": [
          0.08867794461548333,
          6.273001503944397
        ]
      },
      {
        "param": "dec",
        "median": -0.0018225908279418945,
        "mean": -0.032533945480982464,
        "map": 0.19765090942382812,
        "std": 0.4939829720532899,
        "ci50%": [
          -0.21393391489982605,
          0.08893710374832153
        ],
        "ci68%": [
          -0.47586072921752953,
          0.3628327226638797
        ],
        "ci90%": [
          -0.9744656443595887,
          0.8688261151313766
        ],
        "ci95%": [
          -1.1537846893072128,
          1.0990973174571992
        ]
      },
      {
        "param": "theta_jn",
        "median": 0.7852997183799744,
        "mean": 0.8689560305140932,
        "map": 1.154059886932373,
        "std": 0.8785374740275127,
        "ci50%": [
          0.0010570227459538728,
          1.5240806341171265
        ],
        "ci68%": [
          0.0001810629217652596,
          1.9648947048187255
        ],
        "ci90%": [
          0.0,
          2.4555907249450684
        ],
        "ci95%": [
          0.0,
          2.6036213457584383
        ]
      },
      {
        "param": "psi",
        "median": 1.8833393454551697,
        "mean": 1.762811108414417,
        "map": 1.5964411497116089,
        "std": 1.1915833107231133,
        "ci50%": [
          0.6069458872079849,
          3.1386027932167053
        ],
        "ci68%": [
          0.15250047743320463,
          3.1404188823699952
        ],
        "ci90%": [
          0.0004810262151295319,
          3.1412019968032836
        ],
        "ci95%": [
          0.00022943940057302834,
          3.1413767635822296
        ]
      },
      {
        "param": "phase",
        "median": 4.555486440658569,
        "mean": 3.9819222599788713,
        "map": 3.356684923171997,
        "std": 2.2881702041903114,
        "ci50%": [
          1.8468826413154602,
          6.276766538619995
        ],
        "ci68%": [
          0.9780388665199278,
          6.278510398864746
        ],
        "ci90%": [
          0.06772659309208391,
          6.280973553657532
        ],
        "ci95%": [
          0.0026252287323586705,
          6.2817081093788145
        ]
      },
      {
        "param": "geocent_time",
        "median": 0.03313636779785156,
        "mean": 0.018829225500424703,
        "map": -0.8029804229736328,
        "std": 0.221991448510594,
        "ci50%": [
          0.01888108253479004,
          0.041602760553359985
        ],
        "ci68%": [
          0.009216609001159656,
          0.045854105949401855
        ],
        "ci90%": [
          -0.02574353814125062,
          0.0745278656482696
        ],
        "ci95%": [
          -0.4690827399492253,
          0.14645257890224522
        ]
      },
      {
        "param": "a1",
        "median": 0.12284287810325623,
        "mean": 0.28287190035978954,
        "map": 0.0022368133068084717,
        "std": 0.32361644157547503,
        "ci50%": [
          0.0,
          0.5532020926475525
        ],
        "ci68%": [
          0.0,
          0.7058374953269959
        ],
        "ci90%": [
          0.0,
          0.8972445070743561
        ],
        "ci95%": [
          0.0,
          0.9427711680531502
        ]
      },
      {
        "param": "a2",
        "median": 0.13368156552314758,
        "mean": 0.2878337284326553,
        "map": 0.0074204206466674805,
        "std": 0.3284227403201526,
        "ci50%": [
          4.318356513977051e-05,
          0.5693254768848419
        ],
        "ci68%": [
          0.0,
          0.7069138002395631
        ],
        "ci90%": [
          0.0,
          0.9142877012491225
        ],
        "ci95%": [
          0.0,
          0.9635653525590897
        ]
      }
    ],
    "diagnostics": {
      "runtime": {
        "preprocess_s": 0.094,
        "gwosc_fetch_s": 7.78,
        "encode_s": 0.034,
        "sampling_s": 9.07,
        "total_s": 16.982
      },
      "memory": {
        "rss_mb": 4132.2,
        "mps_allocated_mb": 128.8
      },
      "n_effective": 3000,
      "boundary_railing_frac": 0.422,
      "log_prob": {
        "median": -21.63692569732666,
        "max": 23.766082763671875
      },
      "ood_flags": [
        "42.2% of samples rail at the parameter bounds \u2014 the event may lie outside the training prior (out-of-distribution)"
      ],
      "context_ood": {
        "mahalanobis": 7.4,
        "percentile_vs_validation": 72.0
      },
      "verdict": {
        "confidence": "LOW",
        "reasons": [
          "42% of posterior samples rail at prior bounds"
        ]
      },
      "refinement": {
        "refine": true,
        "refine_global": true,
        "untrusted_params": [
          "mass_1",
          "mass_2"
        ],
        "strong_indicators": [
          "confidence LOW: 42% of posterior samples rail at prior bounds",
          "42% of samples rail at prior bounds"
        ],
        "moderate_indicators": [
          "chirp-mass posterior wide (85% of median)"
        ],
        "indicators": {
          "confidence": "LOW",
          "ood_percentile": 72.0,
          "bias_region": {
            "q_in_attractor": true,
            "cell": {
              "mc": 30,
              "q": 0.7,
              "theta_jn": 0.5
            },
            "m1_bias": 1.27,
            "dl_bias": 0.69,
            "severe_mass_bias": false
          },
          "mc_width_frac": 0.853,
          "railing_frac": 0.422
        },
        "recommendation": "run sampler refinement (compare_to_dynesty) before quoting these posteriors"
      }
    }
  },
  "covariance": [
    [
      470.3111415374101,
      -51.92567044736417,
      2359.7356450100165,
      -19.51613997276159,
      -0.23203981393424045,
      10.468481022834453,
      -4.235881851540471,
      -20.050386432279065,
      -0.11359038679216601,
      4.176929276228042,
      3.8286682772120235
    ],
    [
      -51.92567044736417,
      81.09253235223056,
      1007.3636032383664,
      3.1443913544777327,
      0.247560441969794,
      -1.4312425601578997,
      0.868714994108906,
      2.3936341144930555,
      0.19112016791590997,
      0.11728097402217505,
      -0.2592569083745799
    ],
    [
      2359.7356450100165,
      1007.3636032383664,
      121120.42380258799,
      -137.25698949289628,
      -6.224779972558844,
      81.20091955882523,
      -21.067267077098382,
      -168.31885580093905,
      4.053935084335018,
      44.41276895674129,
      33.06680743116986
    ],
    [
      -19.51613997276159,
      3.1443913544777327,
      -137.25698949289628,
      4.244209893045367,
      0.026634688026949276,
      -0.8666343355516167,
      0.4283895083810508,
      1.9480610536737162,
      0.031752592231745494,
      -0.273085340524898,
      -0.24234161126632656
    ],
    [
      -0.23203981393424045,
      0.247560441969794,
      -6.224779972558844,
      0.026634688026949276,
      0.2441005435264435,
      -0.027403659529173913,
      0.026817427044049276,
      0.049777986955712006,
      0.00308210607054425,
      0.0012971674984176911,
      -0.0013640240412561668
    ],
    [
      10.468481022834453,
      -1.4312425601578997,
      81.20091955882523,
      -0.8666343355516167,
      -0.027403659529173913,
      0.7720854550890139,
      -0.1814183644328416,
      -0.9375580193179314,
      -0.010009960009769876,
      0.1606404837348191,
      0.1611640403026379
    ],
    [
      -4.235881851540471,
      0.868714994108906,
      -21.067267077098382,
      0.4283895083810508,
      0.026817427044049276,
      -0.1814183644328416,
      1.4203442344720114,
      0.4961676799512333,
      -0.0004379435083676855,
      -0.06159683916642408,
      -0.06585581562637982
    ],
    [
      -20.050386432279065,
      2.3936341144930555,
      -168.31885580093905,
      1.9480610536737162,
      0.049777986955712006,
      -0.9375580193179314,
      0.4961676799512333,
      5.237468706246426,
      0.02796095916621567,
      -0.30641881929281856,
      -0.30812745844478984
    ],
    [
      -0.11359038679216601,
      0.19112016791590997,
      4.053935084335018,
      0.031752592231745494,
      0.00308210607054425,
      -0.010009960009769876,
      -0.0004379435083676855,
      0.02796095916621567,
      0.04929663542363966,
      -0.0001481859542730135,
      -0.00038651307364983683
    ],
    [
      4.176929276228042,
      0.11728097402217505,
      44.41276895674129,
      -0.273085340524898,
      0.0012971674984176911,
      0.1606404837348191,
      -0.06159683916642408,
      -0.30641881929281856,
      -0.0001481859542730135,
      0.1047625220986716,
      0.05770939966184002
    ],
    [
      3.8286682772120235,
      -0.2592569083745799,
      33.06680743116986,
      -0.24234161126632656,
      -0.0013640240412561668,
      0.1611640403026379,
      -0.06585581562637982,
      -0.30812745844478984,
      -0.00038651307364983683,
      0.05770939966184002,
      0.10789746218012437
    ]
  ],
  "correlation": [
    [
      1.0,
      -0.26588819007196807,
      0.3126525883044882,
      -0.436820351526266,
      -0.021656361970240505,
      0.5493616654046155,
      -0.16389073321745604,
      -0.4039888632469709,
      -0.02359067161988437,
      0.5950610381877393,
      0.5374641378457403
    ],
    [
      -0.26588819007196807,
      0.9999999999999998,
      0.32143053650647074,
      0.16949142672611678,
      0.05564247569537051,
      -0.18087982336514113,
      0.08094500976969546,
      0.11614663018974797,
      0.09558889636869745,
      0.04023779374281486,
      -0.08764644216501709
    ],
    [
      0.3126525883044883,
      0.3214305365064707,
      1.0,
      -0.19143764873301697,
      -0.03620186469990241,
      0.26553365350189806,
      -0.05079286425362381,
      -0.2113310733438136,
      0.05246376568649241,
      0.3942722279714403,
      0.28925305889783703
    ],
    [
      -0.436820351526266,
      0.16949142672611675,
      -0.19143764873301694,
      1.0,
      0.0261676555439069,
      -0.47874558212744145,
      0.1744791725702309,
      0.41318392479501187,
      0.06941800367028626,
      -0.4095406244276624,
      -0.3581161851031319
    ],
    [
      -0.0216563619702405,
      0.05564247569537051,
      -0.03620186469990241,
      0.026167655543906897,
      1.0,
      -0.063123562962225,
      0.04554449891008407,
      0.04402427734628476,
      0.028096651724689618,
      0.008111640831952578,
      -0.008404890054725242
    ],
    [
      0.5493616654046155,
      -0.18087982336514113,
      0.26553365350189806,
      -0.47874558212744145,
      -0.063123562962225,
      1.0,
      -0.17324142819294433,
      -0.46623486487584204,
      -0.05130870074167741,
      0.5648320673777285,
      0.5583799891048377
    ],
    [
      -0.163890733217456,
      0.08094500976969546,
      -0.050792864253623816,
      0.1744791725702309,
      0.04554449891008407,
      -0.1732414281929443,
      1.0,
      0.1819160193477053,
      -0.001655055825916922,
      -0.15968298704932682,
      -0.16822545498182023
    ],
    [
      -0.4039888632469709,
      0.11614663018974797,
      -0.2113310733438136,
      0.4131839247950118,
      0.04402427734628476,
      -0.46623486487584204,
      0.1819160193477053,
      1.0,
      0.05502787033221819,
      -0.41366782380803013,
      -0.4098869261971318
    ],
    [
      -0.023590671619884374,
      0.09558889636869745,
      0.052463765686492414,
      0.06941800367028626,
      0.028096651724689618,
      -0.051308700741677406,
      -0.001655055825916922,
      0.05502787033221819,
      1.0,
      -0.00206203213495288,
      -0.005299683497874546
    ],
    [
      0.5950610381877393,
      0.04023779374281486,
      0.3942722279714403,
      -0.4095406244276624,
      0.008111640831952578,
      0.5648320673777285,
      -0.15968298704932682,
      -0.41366782380803013,
      -0.00206203213495288,
      0.9999999999999998,
      0.542797662652517
    ],
    [
      0.5374641378457403,
      -0.08764644216501709,
      0.2892530588978371,
      -0.3581161851031319,
      -0.008404890054725242,
      0.5583799891048377,
      -0.16822545498182023,
      -0.4098869261971318,
      -0.005299683497874546,
      0.542797662652517,
      1.0
    ]
  ],
  "diagnostics": {
    "runtime": {
      "preprocess_s": 0.094,
      "gwosc_fetch_s": 7.78,
      "encode_s": 0.034,
      "sampling_s": 9.07,
      "total_s": 16.982
    },
    "memory": {
      "rss_mb": 4132.2,
      "mps_allocated_mb": 128.8
    },
    "n_effective": 3000,
    "boundary_railing_frac": 0.422,
    "log_prob": {
      "median": -21.63692569732666,
      "max": 23.766082763671875
    },
    "ood_flags": [
      "42.2% of samples rail at the parameter bounds \u2014 the event may lie outside the training prior (out-of-distribution)"
    ],
    "context_ood": {
      "mahalanobis": 7.4,
      "percentile_vs_validation": 72.0
    },
    "verdict": {
      "confidence": "LOW",
      "reasons": [
        "42% of posterior samples rail at prior bounds"
      ]
    },
    "refinement": {
      "refine": true,
      "refine_global": true,
      "untrusted_params": [
        "mass_1",
        "mass_2"
      ],
      "strong_indicators": [
        "confidence LOW: 42% of posterior samples rail at prior bounds",
        "42% of samples rail at prior bounds"
      ],
      "moderate_indicators": [
        "chirp-mass posterior wide (85% of median)"
      ],
      "indicators": {
        "confidence": "LOW",
        "ood_percentile": 72.0,
        "bias_region": {
          "q_in_attractor": true,
          "cell": {
            "mc": 30,
            "q": 0.7,
            "theta_jn": 0.5
          },
          "m1_bias": 1.27,
          "dl_bias": 0.69,
          "severe_mass_bias": false
        },
        "mc_width_frac": 0.853,
        "railing_frac": 0.422
      },
      "recommendation": "run sampler refinement (compare_to_dynesty) before quoting these posteriors"
    }
  },
  "config": {
    "model_path": "model/lean_v7_aux/best_model.pth",
    "model_epoch": 7,
    "model_val_nll": -0.04277825942263007,
    "premerger": false,
    "device": "mps",
    "num_samples": 3000,
    "rank": 0,
    "seed": 0,
    "event": "GW170814",
    "event_type": "BBH",
    "source": "real",
    "detectors_present": [
      "H1",
      "L1",
      "V1"
    ]
  },
  "reproducibility": {
    "git_commit": "995121aff136ae38385b8720269d5a16cb7438f5",
    "model_path": "model/lean_v7_aux/best_model.pth",
    "model_epoch": 7,
    "model_val_nll": -0.04277825942263007,
    "premerger": false
  },
  "preprocessing": {
    "source": "real",
    "detectors_present": [
      "H1",
      "L1",
      "V1"
    ],
    "warnings": [],
    "quality": {
      "H1": {
        "finite": true,
        "std": 0.9792155623435974,
        "max_abs": 4.176636695861816,
        "excess_kurtosis": -0.002106904983520508,
        "repeated_frac": 0.0,
        "whitening_norm": 47.013954239306116
      },
      "L1": {
        "finite": true,
        "std": 0.9994204640388489,
        "max_abs": 3.956414222717285,
        "excess_kurtosis": -0.017106056213378906,
        "repeated_frac": 0.0,
        "whitening_norm": 45.957458531048935
      },
      "V1": {
        "finite": true,
        "std": 0.9578981399536133,
        "max_abs": 3.727754592895508,
        "excess_kurtosis": 0.03925657272338867,
        "repeated_frac": 0.0,
        "whitening_norm": 46.6550071260846
      }
    },
    "timings": {
      "preprocess_s": 0.094,
      "gwosc_fetch_s": 7.78
    }
  }
}