{
  "param_names": [
    "mass_1",
    "mass_2",
    "luminosity_distance",
    "ra",
    "dec",
    "theta_jn",
    "psi",
    "phase",
    "geocent_time",
    "a1",
    "a2"
  ],
  "trigger_gps": 1135136350.6,
  "truth": null,
  "summary": {
    "n_samples": 3000,
    "trigger_gps": 1135136350.6,
    "parameters": [
      {
        "param": "mass_1",
        "median": 15.83701229095459,
        "mean": 22.413808528224628,
        "map": 1.1202753782272339,
        "std": 18.622957402373277,
        "ci50%": [
          10.829149723052979,
          27.402172088623047
        ],
        "ci68%": [
          9.111340141296386,
          36.27325607299805
        ],
        "ci90%": [
          5.686300253868103,
          62.86025505065914
        ],
        "ci95%": [
          2.17769733667374,
          80.14575653076176
        ]
      },
      {
        "param": "mass_2",
        "median": 6.422415256500244,
        "mean": 6.905278176387151,
        "map": 1.0395056009292603,
        "std": 5.3563444527206405,
        "ci50%": [
          4.97603976726532,
          8.597830057144165
        ],
        "ci68%": [
          2.051881713867187,
          9.981637763977055
        ],
        "ci90%": [
          1.2938866853713988,
          13.21869583129882
        ],
        "ci95%": [
          1.1161321491003038,
          17.08751621246338
        ]
      },
      {
        "param": "luminosity_distance",
        "median": 420.65185546875,
        "mean": 505.0324392712911,
        "map": 40.48427963256836,
        "std": 347.10249274913946,
        "ci50%": [
          257.18914794921875,
          667.4794006347656
        ],
        "ci68%": [
          205.90807495117187,
          778.3594067382813
        ],
        "ci90%": [
          104.8410701751709,
          1199.7341491699203
        ],
        "ci95%": [
          71.66833076477053,
          1444.6482116699224
        ]
      },
      {
        "param": "ra",
        "median": 4.119020223617554,
        "mean": 3.801241345894843,
        "map": 5.355762958526611,
        "std": 1.853534034032037,
        "ci50%": [
          2.23678457736969,
          5.530586004257202
        ],
        "ci68%": [
          1.7196025514602653,
          5.752080249786377
        ],
        "ci90%": [
          0.49450904577970445,
          6.106280589103698
        ],
        "ci95%": [
          0.22635480277240289,
          6.1984601497650145
        ]
      },
      {
        "param": "dec",
        "median": -0.011989235877990723,
        "mean": -0.06439029802878697,
        "map": -0.44852983951568604,
        "std": 0.6448812536196855,
        "ci50%": [
          -0.5432056784629822,
          0.44593435525894165
        ],
        "ci68%": [
          -0.7800251984596254,
          0.6098967599868776
        ],
        "ci90%": [
          -1.1940219581127167,
          0.9261414051055905
        ],
        "ci95%": [
          -1.291772076487541,
          1.04999977350235
        ]
      },
      {
        "param": "theta_jn",
        "median": 1.3263075947761536,
        "mean": 1.376578460522423,
        "map": 1.2950884103775024,
        "std": 0.7342923111456889,
        "ci50%": [
          0.8016747087240219,
          1.9409442245960236
        ],
        "ci68%": [
          0.5880547142028808,
          2.1906395530700684
        ],
        "ci90%": [
          0.24245504438877086,
          2.621156525611877
        ],
        "ci95%": [
          0.12010356057435277,
          2.8026838123798377
        ]
      },
      {
        "param": "psi",
        "median": 1.6031154990196228,
        "mean": 1.5703185559835522,
        "map": 1.2674833536148071,
        "std": 0.9731058748953363,
        "ci50%": [
          0.6826423108577728,
          2.4391095638275146
        ],
        "ci68%": [
          0.4161465048789978,
          2.70473669052124
        ],
        "ci90%": [
          0.0737118534743785,
          3.0664422869682313
        ],
        "ci95%": [
          0.02927667023614063,
          3.1146112442016602
        ]
      },
      {
        "param": "phase",
        "median": 3.1315531730651855,
        "mean": 3.1477534973993073,
        "map": 1.3600609302520752,
        "std": 1.7757166244848404,
        "ci50%": [
          1.6786542236804962,
          4.66243302822113
        ],
        "ci68%": [
          1.127910776138305,
          5.218880310058594
        ],
        "ci90%": [
          0.3365515321493147,
          5.937353944778442
        ],
        "ci95%": [
          0.12236053347587637,
          6.1248605132102965
        ]
      },
      {
        "param": "geocent_time",
        "median": 0.036247968673706055,
        "mean": 0.015633784472942353,
        "map": -0.18172180652618408,
        "std": 0.2879478487691923,
        "ci50%": [
          -0.016214191913604736,
          0.08398839831352234
        ],
        "ci68%": [
          -0.051740140914917,
          0.11262794017791751
        ],
        "ci90%": [
          -0.3546636521816255,
          0.26298381686210626
        ],
        "ci95%": [
          -0.8299991413950916,
          0.5412950158119203
        ]
      },
      {
        "param": "a1",
        "median": 0.4288264364004135,
        "mean": 0.4424948157866796,
        "map": 0.02135905623435974,
        "std": 0.3005398797029075,
        "ci50%": [
          0.16696885973215103,
          0.6959922760725021
        ],
        "ci68%": [
          0.09067728638648986,
          0.8121305561065674
        ],
        "ci90%": [
          0.02242669910192489,
          0.9334746718406676
        ],
        "ci95%": [
          0.008253369480371529,
          0.9614332601428033
        ]
      },
      {
        "param": "a2",
        "median": 0.29234476387500763,
        "mean": 0.3574069878757,
        "map": 0.017277836799621582,
        "std": 0.3175769831708014,
        "ci50%": [
          0.03993050754070282,
          0.6197490394115448
        ],
        "ci68%": [
          0.020166350603103633,
          0.7588948392868043
        ],
        "ci90%": [
          0.006201635301113127,
          0.9262448787689206
        ],
        "ci95%": [
          0.0025071948766708396,
          0.9584033325314524
        ]
      }
    ],
    "diagnostics": {
      "runtime": {
        "preprocess_s": 0.047,
        "gwosc_fetch_s": 4.49,
        "encode_s": 0.013,
        "sampling_s": 4.329,
        "total_s": 8.883
      },
      "memory": {
        "rss_mb": 1725.1,
        "mps_allocated_mb": 138.1
      },
      "n_effective": 3000,
      "boundary_railing_frac": 0.0453,
      "log_prob": {
        "median": -17.0158634185791,
        "max": 4.772562026977539
      },
      "ood_flags": [
        "V1: no data \u2014 filled with unit white noise (posterior uses remaining detectors only)"
      ],
      "context_ood": {
        "mahalanobis": 17.74,
        "percentile_vs_validation": 99.7
      },
      "verdict": {
        "confidence": "MEDIUM",
        "reasons": [
          "context in the top 0.3% distance tail"
        ]
      },
      "refinement": {
        "refine": true,
        "refine_global": true,
        "untrusted_params": [
          "mass_1",
          "mass_2"
        ],
        "strong_indicators": [
          "chirp-mass posterior uninformative (90% width 151% of median)"
        ],
        "moderate_indicators": [
          "confidence MEDIUM",
          "context in top 0.3% OOD tail",
          "V1: no data \u2014 filled with unit white noise (posterior uses remaining detectors only)"
        ],
        "indicators": {
          "confidence": "MEDIUM",
          "ood_percentile": 99.7,
          "bias_region": {
            "q_in_attractor": true,
            "cell": {
              "mc": 10,
              "q": 0.4,
              "theta_jn": 1.57
            },
            "m1_bias": 1.22,
            "dl_bias": 1.64,
            "severe_mass_bias": false
          },
          "mc_width_frac": 1.507,
          "railing_frac": 0.0453
        },
        "recommendation": "run sampler refinement (compare_to_dynesty) before quoting these posteriors"
      }
    }
  },
  "covariance": [
    [
      346.93018580587807,
      0.1405878334358386,
      576.7367691792127,
      -1.0707181442892442,
      -0.28319205389975133,
      0.014507367417166257,
      0.19785371635804255,
      3.5626339874503916,
      -0.5744251477133994,
      1.2443801849731113,
      -1.4455160581445496
    ],
    [
      0.1405878334358386,
      28.699992560377932,
      891.1427992450726,
      -0.14805435550578838,
      0.10627023738929885,
      -0.25237191085545346,
      -0.06745556763847868,
      0.06646767286603815,
      -0.023677736510117803,
      -0.04853579998830501,
      0.4762375784249888
    ],
    [
      576.7367691792127,
      891.1427992450726,
      120520.31391063653,
      2.680233683789218,
      -2.88471062640026,
      -21.71212405284153,
      1.2516933303312245,
      37.964608868678226,
      -1.4846597544505766,
      11.286516052700994,
      26.616868013587414
    ],
    [
      -1.0707181442892442,
      -0.14805435550578838,
      2.680233683789218,
      3.4367339933128465,
      0.15920778003833183,
      0.002389056681929638,
      0.16113665095654894,
      0.09933797001972867,
      0.030865166549187882,
      -0.011167722679239414,
      -0.02804925190818912
    ],
    [
      -0.28319205389975133,
      0.10627023738929885,
      -2.88471062640026,
      0.15920778003833183,
      0.41601050143724316,
      -0.011683960850268911,
      -0.02915552239692612,
      0.06395479676233365,
      0.006878798063744669,
      -0.0032042519662282202,
      0.017289325685682436
    ],
    [
      0.014507367417166257,
      -0.25237191085545346,
      -21.71212405284153,
      0.002389056681929638,
      -0.011683960850268911,
      0.539364986536522,
      -0.025513257442804048,
      0.04665446194296733,
      -0.0001545888529199465,
      0.0005916279409736659,
      -0.002164273433774175
    ],
    [
      0.19785371635804255,
      -0.06745556763847868,
      1.2516933303312245,
      0.16113665095654894,
      -0.02915552239692612,
      -0.025513257442804048,
      0.9472507940204901,
      0.049387689025652604,
      0.005670175186420751,
      -0.006011317838692963,
      -0.01875729407121958
    ],
    [
      3.5626339874503916,
      0.06646767286603815,
      37.964608868678226,
      0.09933797001972867,
      0.06395479676233365,
      0.04665446194296733,
      0.049387689025652604,
      3.154220937450991,
      -0.019351259456833202,
      0.014287432515057923,
      0.0005146647201126978
    ],
    [
      -0.5744251477133994,
      -0.023677736510117803,
      -1.4846597544505766,
      0.030865166549187882,
      0.006878798063744669,
      -0.0001545888529199465,
      0.005670175186420751,
      -0.019351259456833202,
      0.08294161081441037,
      0.0005546689208429353,
      0.003473084188057861
    ],
    [
      1.2443801849731113,
      -0.04853579998830501,
      11.286516052700994,
      -0.011167722679239414,
      -0.0032042519662282202,
      0.0005916279409736659,
      -0.006011317838692963,
      0.014287432515057923,
      0.0005546689208429353,
      0.09035433740430622,
      0.013780913414119135
    ],
    [
      -1.4455160581445496,
      0.4762375784249888,
      26.616868013587414,
      -0.02804925190818912,
      0.017289325685682436,
      -0.002164273433774175,
      -0.01875729407121958,
      0.0005146647201126978,
      0.003473084188057861,
      0.013780913414119135,
      0.1008887698298108
    ]
  ],
  "correlation": [
    [
      1.0,
      0.0014089182729576611,
      0.08919211630946972,
      -0.03100852858389754,
      -0.023572620912473356,
      0.001060537893612641,
      0.010914169113722866,
      0.1076971243605713,
      -0.10708439009007616,
      0.22225807055909935,
      -0.24433206356403567
    ],
    [
      0.0014089182729576611,
      0.9999999999999999,
      0.47915528535258006,
      -0.01490758645712574,
      0.030755203979550057,
      -0.06414440024167875,
      -0.012937322971567423,
      0.006985918690344468,
      -0.015346631267750472,
      -0.030140246334343545,
      0.2798732273533017
    ],
    [
      0.08919211630946972,
      0.47915528535258006,
      1.0,
      0.0041645643249068115,
      -0.012883088209643418,
      -0.085159050282554,
      0.003704548816155628,
      0.061574762827520904,
      -0.014849457103885081,
      0.1081571597000979,
      0.2413822941881298
    ],
    [
      -0.031008528583897542,
      -0.014907586457125742,
      0.0041645643249068115,
      1.0,
      0.13314938980397223,
      0.0017547373462824534,
      0.08930769587593715,
      0.03017145584918932,
      0.05781086035330449,
      -0.020040897131584256,
      -0.04763508124147276
    ],
    [
      -0.023572620912473356,
      0.030755203979550054,
      -0.012883088209643416,
      0.13314938980397223,
      1.0,
      -0.02466587754324513,
      -0.04644470315312547,
      0.05583093758880017,
      0.03703174529376184,
      -0.016527227675934994,
      0.08439262490944495
    ],
    [
      0.0010605378936126408,
      -0.06414440024167875,
      -0.085159050282554,
      0.0017547373462824536,
      -0.02466587754324513,
      0.9999999999999999,
      -0.03569373928833129,
      0.0357689140319524,
      -0.0007308875542918123,
      0.002679987685562859,
      -0.009277892583903902
    ],
    [
      0.010914169113722866,
      -0.012937322971567423,
      0.0037045488161556285,
      0.08930769587593715,
      -0.04644470315312547,
      -0.03569373928833129,
      1.0,
      0.02857196837809983,
      0.020229155618170534,
      -0.020547675546701498,
      -0.060675908106489956
    ],
    [
      0.10769712436057129,
      0.006985918690344469,
      0.06157476282752091,
      0.03017145584918932,
      0.05583093758880017,
      0.035768914031952405,
      0.02857196837809983,
      1.0,
      -0.037833537284441394,
      0.026762928525598546,
      0.0009123404498143176
    ],
    [
      -0.10708439009007616,
      -0.015346631267750472,
      -0.01484945710388508,
      0.05781086035330449,
      0.03703174529376184,
      -0.0007308875542918124,
      0.020229155618170534,
      -0.037833537284441394,
      1.0,
      0.006407271052231383,
      0.03796712085620356
    ],
    [
      0.22225807055909938,
      -0.030140246334343545,
      0.1081571597000979,
      -0.020040897131584252,
      -0.016527227675934994,
      0.002679987685562859,
      -0.020547675546701498,
      0.026762928525598546,
      0.006407271052231383,
      0.9999999999999998,
      0.14433846687956708
    ],
    [
      -0.2443320635640357,
      0.2798732273533017,
      0.24138229418812976,
      -0.04763508124147276,
      0.08439262490944494,
      -0.009277892583903902,
      -0.06067590810648996,
      0.0009123404498143177,
      0.03796712085620356,
      0.14433846687956708,
      1.0
    ]
  ],
  "diagnostics": {
    "runtime": {
      "preprocess_s": 0.047,
      "gwosc_fetch_s": 4.49,
      "encode_s": 0.013,
      "sampling_s": 4.329,
      "total_s": 8.883
    },
    "memory": {
      "rss_mb": 1725.1,
      "mps_allocated_mb": 138.1
    },
    "n_effective": 3000,
    "boundary_railing_frac": 0.0453,
    "log_prob": {
      "median": -17.0158634185791,
      "max": 4.772562026977539
    },
    "ood_flags": [
      "V1: no data \u2014 filled with unit white noise (posterior uses remaining detectors only)"
    ],
    "context_ood": {
      "mahalanobis": 17.74,
      "percentile_vs_validation": 99.7
    },
    "verdict": {
      "confidence": "MEDIUM",
      "reasons": [
        "context in the top 0.3% distance tail"
      ]
    },
    "refinement": {
      "refine": true,
      "refine_global": true,
      "untrusted_params": [
        "mass_1",
        "mass_2"
      ],
      "strong_indicators": [
        "chirp-mass posterior uninformative (90% width 151% of median)"
      ],
      "moderate_indicators": [
        "confidence MEDIUM",
        "context in top 0.3% OOD tail",
        "V1: no data \u2014 filled with unit white noise (posterior uses remaining detectors only)"
      ],
      "indicators": {
        "confidence": "MEDIUM",
        "ood_percentile": 99.7,
        "bias_region": {
          "q_in_attractor": true,
          "cell": {
            "mc": 10,
            "q": 0.4,
            "theta_jn": 1.57
          },
          "m1_bias": 1.22,
          "dl_bias": 1.64,
          "severe_mass_bias": false
        },
        "mc_width_frac": 1.507,
        "railing_frac": 0.0453
      },
      "recommendation": "run sampler refinement (compare_to_dynesty) before quoting these posteriors"
    }
  },
  "config": {
    "model_path": "model/long_run/best_model.pth",
    "model_epoch": 18,
    "model_val_nll": 0.941044722834753,
    "premerger": false,
    "psd_cond": true,
    "device": "mps",
    "num_samples": 3000,
    "rank": 0,
    "seed": 0,
    "event": "GW151226",
    "event_type": "BBH",
    "source": "real",
    "detectors_present": [
      "H1",
      "L1"
    ]
  },
  "reproducibility": {
    "git_commit": "995121aff136ae38385b8720269d5a16cb7438f5",
    "model_path": "model/long_run/best_model.pth",
    "model_epoch": 18,
    "model_val_nll": 0.941044722834753,
    "premerger": false
  },
  "preprocessing": {
    "source": "real",
    "detectors_present": [
      "H1",
      "L1"
    ],
    "warnings": [
      "V1: no data \u2014 filled with unit white noise (posterior uses remaining detectors only)"
    ],
    "quality": {
      "H1": {
        "finite": true,
        "std": 0.9907671213150024,
        "max_abs": 4.321092128753662,
        "excess_kurtosis": -0.0051190853118896484,
        "repeated_frac": 0.0,
        "whitening_norm": 45.69708645162901
      },
      "L1": {
        "finite": true,
        "std": 1.0031466484069824,
        "max_abs": 4.014796733856201,
        "excess_kurtosis": -0.035155534744262695,
        "repeated_frac": 0.0,
        "whitening_norm": 45.946058344444324
      }
    },
    "timings": {
      "preprocess_s": 0.047,
      "gwosc_fetch_s": 4.49
    }
  }
}