{
  "param_names": [
    "mass_1",
    "mass_2",
    "luminosity_distance",
    "ra",
    "dec",
    "theta_jn",
    "psi",
    "phase",
    "geocent_time",
    "a1",
    "a2"
  ],
  "trigger_gps": 1126259462.4,
  "truth": null,
  "summary": {
    "n_samples": 3000,
    "trigger_gps": 1126259462.4,
    "parameters": [
      {
        "param": "mass_1",
        "median": 50.594316482543945,
        "mean": 53.30929505757491,
        "map": 30.4094295501709,
        "std": 23.498102804896547,
        "ci50%": [
          30.313737392425537,
          73.09539031982422
        ],
        "ci68%": [
          30.238282470703126,
          82.12077270507812
        ],
        "ci90%": [
          30.11402826309204,
          94.62430686950682
        ],
        "ci95%": [
          30.05768404006958,
          97.55446701049804
        ]
      },
      {
        "param": "mass_2",
        "median": 30.047131538391113,
        "mean": 32.5181238556703,
        "map": 29.8945369720459,
        "std": 10.144569600961526,
        "ci50%": [
          29.670220375061035,
          36.227688789367676
        ],
        "ci68%": [
          26.642180557250974,
          41.52835235595705
        ],
        "ci90%": [
          17.477168560028076,
          51.266309547424285
        ],
        "ci95%": [
          13.439890623092667,
          56.873651504516616
        ]
      },
      {
        "param": "luminosity_distance",
        "median": 1144.2457885742188,
        "mean": 1242.0239142112732,
        "map": 896.9095458984375,
        "std": 378.6766550170142,
        "ci50%": [
          946.9090881347656,
          1538.4864501953125
        ],
        "ci68%": [
          884.0661352539063,
          1675.613364257813
        ],
        "ci90%": [
          774.2840545654296,
          1920.0983642578124
        ],
        "ci95%": [
          692.9115493774419,
          1990.0470428466797
        ]
      },
      {
        "param": "ra",
        "median": 5.249840497970581,
        "mean": 4.454737922720025,
        "map": 0.009501992724835873,
        "std": 2.0522814562758014,
        "ci50%": [
          2.711650252342224,
          6.262102842330933
        ],
        "ci68%": [
          1.760537538528442,
          6.265599670410157
        ],
        "ci90%": [
          0.41148669719696024,
          6.27156183719635
        ],
        "ci95%": [
          0.08849687501788146,
          6.273967802524567
        ]
      },
      {
        "param": "dec",
        "median": -0.0022547245025634766,
        "mean": -0.02420278020699819,
        "map": -0.0047653913497924805,
        "std": 0.5421473411123817,
        "ci50%": [
          -0.24437811970710754,
          0.10496723651885986
        ],
        "ci68%": [
          -0.5455084037780763,
          0.4579267740249639
        ],
        "ci90%": [
          -1.0208379685878755,
          1.0062919735908504
        ],
        "ci95%": [
          -1.1754081428050993,
          1.2035855770111086
        ]
      },
      {
        "param": "theta_jn",
        "median": 0.7629095911979675,
        "mean": 0.9029038299957607,
        "map": 0.0077025797218084335,
        "std": 0.9381027544402288,
        "ci50%": [
          0.0012731132446788251,
          1.6713763773441315
        ],
        "ci68%": [
          0.0004372819140553469,
          2.1132380294799806
        ],
        "ci90%": [
          0.0,
          2.5815632343292236
        ],
        "ci95%": [
          0.0,
          2.7348916411399844
        ]
      },
      {
        "param": "psi",
        "median": 1.8508414030075073,
        "mean": 1.7565847156902243,
        "map": 0.3477044999599457,
        "std": 1.198943396716906,
        "ci50%": [
          0.5842481851577759,
          3.139019250869751
        ],
        "ci68%": [
          0.14678012847900385,
          3.1404633808135984
        ],
        "ci90%": [
          0.0004622961598215623,
          3.141234338283539
        ],
        "ci95%": [
          0.0002147306389815641,
          3.141370099782944
        ]
      },
      {
        "param": "phase",
        "median": 4.420512676239014,
        "mean": 3.8923723146777,
        "map": 0.003939439542591572,
        "std": 2.324367488080394,
        "ci50%": [
          1.7554822266101837,
          6.277620911598206
        ],
        "ci68%": [
          0.8201954889297484,
          6.27940372467041
        ],
        "ci90%": [
          0.003350330691318959,
          6.281779408454895
        ],
        "ci95%": [
          0.001176204936928117,
          6.282357811927795
        ]
      },
      {
        "param": "geocent_time",
        "median": 0.0275801420211792,
        "mean": 0.017046351710955303,
        "map": 0.041277527809143066,
        "std": 0.1975463460133357,
        "ci50%": [
          0.00952225923538208,
          0.036935508251190186
        ],
        "ci68%": [
          0.0008046054840087849,
          0.040210962295532234
        ],
        "ci90%": [
          -0.023719859123229985,
          0.05900048613548276
        ],
        "ci95%": [
          -0.13070448040962182,
          0.11085863709449788
        ]
      },
      {
        "param": "a1",
        "median": 0.13533633947372437,
        "mean": 0.29832001253962515,
        "map": 0.0009869933128356934,
        "std": 0.3336915149719409,
        "ci50%": [
          0.0,
          0.5977449268102646
        ],
        "ci68%": [
          0.0,
          0.7293500065803529
        ],
        "ci90%": [
          0.0,
          0.912868270277977
        ],
        "ci95%": [
          0.0,
          0.9466068297624588
        ]
      },
      {
        "param": "a2",
        "median": 0.1650150567293167,
        "mean": 0.30099988719820975,
        "map": 0.0011876225471496582,
        "std": 0.3348795828586519,
        "ci50%": [
          0.0,
          0.5953769683837891
        ],
        "ci68%": [
          0.0,
          0.7270438265800476
        ],
        "ci90%": [
          0.0,
          0.9255842953920361
        ],
        "ci95%": [
          0.0,
          0.9673083186149598
        ]
      }
    ],
    "diagnostics": {
      "runtime": {
        "preprocess_s": 0.048,
        "gwosc_fetch_s": 5.33,
        "encode_s": 0.071,
        "sampling_s": 2.942,
        "total_s": 8.657
      },
      "memory": {
        "rss_mb": 4132.2,
        "mps_allocated_mb": 154.4
      },
      "n_effective": 3000,
      "boundary_railing_frac": 0.433,
      "log_prob": {
        "median": -21.679712295532227,
        "max": 24.741241455078125
      },
      "ood_flags": [
        "V1: no data \u2014 filled with unit white noise (posterior uses remaining detectors only)",
        "43.3% of samples rail at the parameter bounds \u2014 the event may lie outside the training prior (out-of-distribution)"
      ],
      "context_ood": {
        "mahalanobis": 7.82,
        "percentile_vs_validation": 77.0
      },
      "verdict": {
        "confidence": "LOW",
        "reasons": [
          "43% of posterior samples rail at prior bounds"
        ]
      },
      "refinement": {
        "refine": true,
        "refine_global": true,
        "untrusted_params": [
          "mass_1",
          "mass_2"
        ],
        "strong_indicators": [
          "confidence LOW: 43% of posterior samples rail at prior bounds",
          "43% of samples rail at prior bounds"
        ],
        "moderate_indicators": [
          "V1: no data \u2014 filled with unit white noise (posterior uses remaining detectors only)",
          "chirp-mass posterior wide (88% of median)"
        ],
        "indicators": {
          "confidence": "LOW",
          "ood_percentile": 77.0,
          "bias_region": {
            "q_in_attractor": true,
            "cell": {
              "mc": 30,
              "q": 0.7,
              "theta_jn": 0.5
            },
            "m1_bias": 1.27,
            "dl_bias": 0.69,
            "severe_mass_bias": false
          },
          "mc_width_frac": 0.876,
          "railing_frac": 0.433
        },
        "recommendation": "run sampler refinement (compare_to_dynesty) before quoting these posteriors"
      }
    }
  },
  "covariance": [
    [
      552.3449504129576,
      41.57115306112285,
      5010.575184168014,
      -23.797933503119605,
      -0.19823918869747253,
      14.001510941939348,
      -5.610088194446923,
      -20.723500503431442,
      -0.16032932303239314,
      5.4971792306452425,
      5.178073821704331
    ],
    [
      41.57115306112285,
      102.94660792472779,
      1932.9445201326353,
      -2.132641843962586,
      0.15772739559458715,
      2.130367110328716,
      -0.302704331106007,
      -2.9353036505230317,
      0.1722702237533037,
      1.5022421770197776,
      0.90303774862038
    ],
    [
      5010.575184168014,
      1932.9445201326353,
      143443.8236627622,
      -272.7364679767533,
      -8.59736104514008,
      169.7182372217289,
      -54.28486118081554,
      -248.88695343527664,
      3.100288194711141,
      76.13223319101002,
      61.95075181721435
    ],
    [
      -23.797933503119605,
      -2.132641843962586,
      -272.7364679767533,
      4.2132635969725065,
      0.03260179011775283,
      -0.9433875750486227,
      0.47644351426309234,
      1.7041750105920361,
      0.02800645465538013,
      -0.30076459430948266,
      -0.2683490166226519
    ],
    [
      -0.19823918869747253,
      0.15772739559458715,
      -8.59736104514008,
      0.03260179011775283,
      0.294021746724133,
      -0.02539746140851344,
      0.02957255120124431,
      0.04031350468071206,
      0.005486847308617178,
      0.0010115477183780253,
      -0.0011933778412980967
    ],
    [
      14.001510941939348,
      2.130367110328716,
      169.7182372217289,
      -0.9433875750486227,
      -0.02539746140851344,
      0.8803302212954495,
      -0.2039276909105221,
      -0.8334229034331359,
      -0.011194813070578812,
      0.18707219408463813,
      0.18452628628171625
    ],
    [
      -5.610088194446923,
      -0.302704331106007,
      -54.28486118081554,
      0.47644351426309234,
      0.02957255120124431,
      -0.2039276909105221,
      1.4379445833922022,
      0.4603567210767164,
      0.0035016172057428653,
      -0.07307016291991324,
      -0.07403355319041265
    ],
    [
      -20.723500503431442,
      -2.9353036505230317,
      -248.88695343527664,
      1.7041750105920361,
      0.04031350468071206,
      -0.8334229034331359,
      0.4603567210767164,
      5.404485714883453,
      0.02770819622922752,
      -0.2748190700830518,
      -0.2669664363026993
    ],
    [
      -0.16032932303239314,
      0.1722702237533037,
      3.100288194711141,
      0.02800645465538013,
      0.005486847308617178,
      -0.011194813070578812,
      0.0035016172057428653,
      0.02770819622922752,
      0.039037571347002954,
      -0.001225658442684075,
      -0.0016794647018370037
    ],
    [
      5.4971792306452425,
      1.5022421770197776,
      76.13223319101002,
      -0.30076459430948266,
      0.0010115477183780253,
      0.18707219408463813,
      -0.07307016291991324,
      -0.2748190700830518,
      -0.001225658442684075,
      0.11138715621634128,
      0.06570658928379956
    ],
    [
      5.178073821704331,
      0.90303774862038,
      61.95075181721435,
      -0.2683490166226519,
      -0.0011933778412980967,
      0.18452628628171625,
      -0.07403355319041265,
      -0.2669664363026993,
      -0.0016794647018370037,
      0.06570658928379956,
      0.11218172892522496
    ]
  ],
  "correlation": [
    [
      1.0,
      0.17433350270962433,
      0.5629132385412589,
      -0.49331547266316234,
      -0.015555880240753753,
      0.6349607854421166,
      -0.19906431790444343,
      -0.37929815950780055,
      -0.034527598217360116,
      0.7008371983707277,
      0.6578122839359459
    ],
    [
      0.17433350270962433,
      1.0,
      0.5030051616929192,
      -0.10240062090673141,
      0.028668923448932696,
      0.22378224292910195,
      -0.024879493786178295,
      -0.12444281522524597,
      0.08593355957463865,
      0.4436253677002196,
      0.265728918432427
    ],
    [
      0.562913238541259,
      0.5030051616929192,
      0.9999999999999999,
      -0.35082696773404815,
      -0.04186340140890347,
      0.4776005079780145,
      -0.1195271956802459,
      -0.28267279840145226,
      0.04143045896648625,
      0.6022961462237695,
      0.48836506584875355
    ],
    [
      -0.49331547266316234,
      -0.10240062090673141,
      -0.35082696773404815,
      1.0,
      0.029291553474323443,
      -0.4898442685482214,
      0.19356687077189047,
      0.35713111570699585,
      0.06905695487562881,
      -0.4390357004553595,
      -0.3903279297333135
    ],
    [
      -0.015555880240753755,
      0.028668923448932696,
      -0.04186340140890347,
      0.029291553474323447,
      0.9999999999999998,
      -0.049920367841872024,
      0.0454807890966967,
      0.03198038164443293,
      0.051214360291884364,
      0.005589578889736566,
      -0.006570935110079365
    ],
    [
      0.6349607854421165,
      0.22378224292910195,
      0.4776005079780145,
      -0.4898442685482214,
      -0.04992036784187203,
      0.9999999999999999,
      -0.1812517971985496,
      -0.382089795373199,
      -0.060388277918231266,
      0.5974050316930984,
      0.5871842138075852
    ],
    [
      -0.19906431790444343,
      -0.0248794937861783,
      -0.11952719568024592,
      0.19356687077189047,
      0.0454807890966967,
      -0.18125179719854959,
      0.9999999999999998,
      0.16513769822645227,
      0.014779379382578336,
      -0.1825792601651942,
      -0.18433018308846688
    ],
    [
      -0.3792981595078006,
      -0.12444281522524597,
      -0.28267279840145226,
      0.35713111570699585,
      0.03198038164443293,
      -0.382089795373199,
      0.16513769822645227,
      1.0,
      0.06032393627974878,
      -0.35420290682129146,
      -0.3428612570388017
    ],
    [
      -0.034527598217360116,
      0.08593355957463863,
      0.04143045896648625,
      0.06905695487562881,
      0.05121436029188437,
      -0.06038827791823126,
      0.014779379382578334,
      0.060323936279748774,
      1.0,
      -0.018587051723443035,
      -0.025378644397422132
    ],
    [
      0.7008371983707277,
      0.4436253677002196,
      0.6022961462237695,
      -0.43903570045535956,
      0.005589578889736566,
      0.5974050316930984,
      -0.18257926016519418,
      -0.35420290682129146,
      -0.018587051723443035,
      1.0,
      0.5878009743852892
    ],
    [
      0.6578122839359459,
      0.265728918432427,
      0.4883650658487536,
      -0.39032792973331343,
      -0.006570935110079365,
      0.5871842138075852,
      -0.18433018308846685,
      -0.3428612570388017,
      -0.025378644397422132,
      0.5878009743852892,
      1.0
    ]
  ],
  "diagnostics": {
    "runtime": {
      "preprocess_s": 0.048,
      "gwosc_fetch_s": 5.33,
      "encode_s": 0.071,
      "sampling_s": 2.942,
      "total_s": 8.657
    },
    "memory": {
      "rss_mb": 4132.2,
      "mps_allocated_mb": 154.4
    },
    "n_effective": 3000,
    "boundary_railing_frac": 0.433,
    "log_prob": {
      "median": -21.679712295532227,
      "max": 24.741241455078125
    },
    "ood_flags": [
      "V1: no data \u2014 filled with unit white noise (posterior uses remaining detectors only)",
      "43.3% of samples rail at the parameter bounds \u2014 the event may lie outside the training prior (out-of-distribution)"
    ],
    "context_ood": {
      "mahalanobis": 7.82,
      "percentile_vs_validation": 77.0
    },
    "verdict": {
      "confidence": "LOW",
      "reasons": [
        "43% of posterior samples rail at prior bounds"
      ]
    },
    "refinement": {
      "refine": true,
      "refine_global": true,
      "untrusted_params": [
        "mass_1",
        "mass_2"
      ],
      "strong_indicators": [
        "confidence LOW: 43% of posterior samples rail at prior bounds",
        "43% of samples rail at prior bounds"
      ],
      "moderate_indicators": [
        "V1: no data \u2014 filled with unit white noise (posterior uses remaining detectors only)",
        "chirp-mass posterior wide (88% of median)"
      ],
      "indicators": {
        "confidence": "LOW",
        "ood_percentile": 77.0,
        "bias_region": {
          "q_in_attractor": true,
          "cell": {
            "mc": 30,
            "q": 0.7,
            "theta_jn": 0.5
          },
          "m1_bias": 1.27,
          "dl_bias": 0.69,
          "severe_mass_bias": false
        },
        "mc_width_frac": 0.876,
        "railing_frac": 0.433
      },
      "recommendation": "run sampler refinement (compare_to_dynesty) before quoting these posteriors"
    }
  },
  "config": {
    "model_path": "model/lean_v7_aux/best_model.pth",
    "model_epoch": 7,
    "model_val_nll": -0.04277825942263007,
    "premerger": false,
    "device": "mps",
    "num_samples": 3000,
    "rank": 0,
    "seed": 0,
    "event": "GW150914",
    "event_type": "BBH",
    "source": "real",
    "detectors_present": [
      "H1",
      "L1"
    ]
  },
  "reproducibility": {
    "git_commit": "995121aff136ae38385b8720269d5a16cb7438f5",
    "model_path": "model/lean_v7_aux/best_model.pth",
    "model_epoch": 7,
    "model_val_nll": -0.04277825942263007,
    "premerger": false
  },
  "preprocessing": {
    "source": "real",
    "detectors_present": [
      "H1",
      "L1"
    ],
    "warnings": [
      "V1: no data \u2014 filled with unit white noise (posterior uses remaining detectors only)"
    ],
    "quality": {
      "H1": {
        "finite": true,
        "std": 1.0123380422592163,
        "max_abs": 4.5542802810668945,
        "excess_kurtosis": -0.046918630599975586,
        "repeated_frac": 0.0,
        "whitening_norm": 45.72268702782366
      },
      "L1": {
        "finite": true,
        "std": 0.9647899866104126,
        "max_abs": 3.8245933055877686,
        "excess_kurtosis": 0.05527663230895996,
        "repeated_frac": 0.0,
        "whitening_norm": 47.181583593158
      }
    },
    "timings": {
      "preprocess_s": 0.048,
      "gwosc_fetch_s": 5.33
    }
  }
}