{
  "param_names": [
    "mass_1",
    "mass_2",
    "luminosity_distance",
    "ra",
    "dec",
    "theta_jn",
    "psi",
    "phase",
    "geocent_time",
    "a1",
    "a2"
  ],
  "trigger_gps": 1186741861.5,
  "truth": null,
  "summary": {
    "n_samples": 3000,
    "trigger_gps": 1186741861.5,
    "parameters": [
      {
        "param": "mass_1",
        "median": 30.03804588317871,
        "mean": 34.17408386075497,
        "map": 35.989173889160156,
        "std": 12.702533609242858,
        "ci50%": [
          30.01337432861328,
          30.075093746185303
        ],
        "ci68%": [
          30.002591094970704,
          30.18936889648438
        ],
        "ci90%": [
          29.982581233978273,
          64.30656623840326
        ],
        "ci95%": [
          29.9647536277771,
          76.67091922760011
        ]
      },
      {
        "param": "mass_2",
        "median": 29.988595962524414,
        "mean": 29.477066690365472,
        "map": 33.60544204711914,
        "std": 4.99191698529314,
        "ci50%": [
          29.96090602874756,
          30.013975143432617
        ],
        "ci68%": [
          29.941252365112305,
          30.027317962646485
        ],
        "ci90%": [
          21.867336177825926,
          32.46553306579588
        ],
        "ci95%": [
          16.536579275131224,
          36.953620433807394
        ]
      },
      {
        "param": "luminosity_distance",
        "median": 1083.6865844726562,
        "mean": 1093.7784718322755,
        "map": 1219.646240234375,
        "std": 203.12693974796716,
        "ci50%": [
          1016.3396148681641,
          1151.2531433105469
        ],
        "ci68%": [
          980.8166284179688,
          1191.4771044921874
        ],
        "ci90%": [
          869.4176666259765,
          1406.4104553222649
        ],
        "ci95%": [
          744.9149475097661,
          1625.9047851562511
        ]
      },
      {
        "param": "ra",
        "median": 0.001480239036027342,
        "mean": 2.1398982257267543,
        "map": 5.894710063934326,
        "std": 2.8155111947335367,
        "ci50%": [
          0.0006142851489130408,
          6.245394825935364
        ],
        "ci68%": [
          0.0003929552529007196,
          6.282430248260498
        ],
        "ci90%": [
          0.00012260423718544184,
          6.283007216453552
        ],
        "ci95%": [
          6.216816836968064e-05,
          6.283095836639404
        ]
      },
      {
        "param": "dec",
        "median": 9.316205978393555e-05,
        "mean": -0.018929222921530407,
        "map": -0.2613394260406494,
        "std": 0.25462816604727884,
        "ci50%": [
          -0.000664442777633667,
          0.0008054375648498535
        ],
        "ci68%": [
          -0.0010818910598754884,
          0.0012981843948364278
        ],
        "ci90%": [
          -0.3724923312664032,
          0.10123850703239358
        ],
        "ci95%": [
          -0.7177179977297782,
          0.5218492925167085
        ]
      },
      {
        "param": "theta_jn",
        "median": 7.630580739714787e-06,
        "mean": 0.24118253187120445,
        "map": 2.3271989822387695,
        "std": 0.6392853912233953,
        "ci50%": [
          0.0,
          0.00031709041650174186
        ],
        "ci68%": [
          0.0,
          0.0011475007887929752
        ],
        "ci90%": [
          0.0,
          2.0321759700775144
        ],
        "ci95%": [
          0.0,
          2.471935969591141
        ]
      },
      {
        "param": "psi",
        "median": 2.761175751686096,
        "mean": 1.746808879892306,
        "map": 3.0976762771606445,
        "std": 1.4832892284715202,
        "ci50%": [
          0.0001636361630517058,
          3.141425907611847
        ],
        "ci68%": [
          9.314364520832896e-05,
          3.1414998722076417
        ],
        "ci90%": [
          2.7797784787253468e-05,
          3.141566038131714
        ],
        "ci95%": [
          1.5347766043305474e-05,
          3.1415791511535645
        ]
      },
      {
        "param": "phase",
        "median": 0.3653945326805115,
        "mean": 2.7550456665565726,
        "map": 2.682309627532959,
        "std": 2.9600509141142877,
        "ci50%": [
          0.0006778109091101214,
          6.282217979431152
        ],
        "ci68%": [
          0.00038531531696207806,
          6.282731056213379
        ],
        "ci90%": [
          0.00012199566190247417,
          6.283044910430908
        ],
        "ci95%": [
          5.691570695489647e-05,
          6.2831130027771
        ]
      },
      {
        "param": "geocent_time",
        "median": 0.03814667463302612,
        "mean": 0.019239387452602386,
        "map": 0.04231071472167969,
        "std": 0.16859573838071523,
        "ci50%": [
          0.03431820869445801,
          0.041321396827697754
        ],
        "ci68%": [
          0.031258587837219236,
          0.0428349781036377
        ],
        "ci90%": [
          0.00423057079315185,
          0.047251057624816885
        ],
        "ci95%": [
          -0.03472573757171615,
          0.05312392711639405
        ]
      },
      {
        "param": "a1",
        "median": 1.5273690223693848e-05,
        "mean": 0.07308574332793553,
        "map": 0.030142933130264282,
        "std": 0.20978412713637798,
        "ci50%": [
          0.0,
          7.0914626121521e-05
        ],
        "ci68%": [
          0.0,
          0.00021452188491821289
        ],
        "ci90%": [
          0.0,
          0.6599522590637201
        ],
        "ci95%": [
          0.0,
          0.8351065918803221
        ]
      },
      {
        "param": "a2",
        "median": 3.628432750701904e-05,
        "mean": 0.07164947152137756,
        "map": 0.31804659962654114,
        "std": 0.2055359163129371,
        "ci50%": [
          0.0,
          0.00012821704149246216
        ],
        "ci68%": [
          0.0,
          0.00030707001686096347
        ],
        "ci90%": [
          0.0,
          0.6303956985473617
        ],
        "ci95%": [
          0.0,
          0.834127251803875
        ]
      }
    ],
    "diagnostics": {
      "runtime": {
        "preprocess_s": 0.039,
        "gwosc_fetch_s": 6.34,
        "encode_s": 0.005,
        "sampling_s": 1.636,
        "total_s": 8.017
      },
      "memory": {
        "rss_mb": 4605.6,
        "mps_allocated_mb": 125.4
      },
      "n_effective": 3000,
      "boundary_railing_frac": 0.86,
      "log_prob": {
        "median": -54.02165222167969,
        "max": 55.84611511230469
      },
      "ood_flags": [
        "86.0% of samples rail at the parameter bounds \u2014 the event may lie outside the training prior (out-of-distribution)"
      ],
      "context_ood": {
        "mahalanobis": 9.0,
        "percentile_vs_validation": 82.3
      },
      "verdict": {
        "confidence": "LOW",
        "reasons": [
          "86% of posterior samples rail at prior bounds"
        ]
      },
      "refinement": {
        "refine": true,
        "refine_global": true,
        "untrusted_params": [],
        "strong_indicators": [
          "confidence LOW: 86% of posterior samples rail at prior bounds",
          "posterior median in severe mass-bias cell {'mc': 30, 'q': 0.9, 'theta_jn': 0.5} (m1 x1.46)",
          "86% of samples rail at prior bounds"
        ],
        "moderate_indicators": [],
        "indicators": {
          "confidence": "LOW",
          "ood_percentile": 82.3,
          "bias_region": {
            "q_in_attractor": false,
            "cell": {
              "mc": 30,
              "q": 0.9,
              "theta_jn": 0.5
            },
            "m1_bias": 1.46,
            "dl_bias": 1.42,
            "severe_mass_bias": true
          },
          "mc_width_frac": 0.353,
          "railing_frac": 0.86
        },
        "recommendation": "run sampler refinement (compare_to_dynesty) before quoting these posteriors"
      }
    }
  },
  "covariance": [
    [
      161.40816281488247,
      -9.006470828425496,
      710.0643132099905,
      6.047579378593232,
      -0.007043215998449274,
      5.666365523084017,
      -0.40994036636724035,
      3.135106632939178,
      -0.2769272718395014,
      1.9906482979967794,
      1.6945727260671515
    ],
    [
      -9.006470828425496,
      24.927544369514717,
      507.6494900291978,
      -0.44088108609829396,
      0.21325294249237547,
      -0.24350136059017644,
      -0.02393284350537591,
      -0.10811001136960598,
      0.28933628955753465,
      0.07236995190658088,
      -0.13416106533967126
    ],
    [
      710.0643132099905,
      507.6494900291978,
      41274.31175529278,
      44.91580918993722,
      1.1134723556243935,
      30.883581065873205,
      -0.46028679793720095,
      62.8805982496114,
      7.319585460355669,
      14.178983355538941,
      6.5455055671113955
    ],
    [
      6.047579378593232,
      -0.44088108609829396,
      44.91580918993722,
      7.9297465365153945,
      -0.013721989858703551,
      0.40610442459703733,
      0.008020970422222584,
      -1.3965044321365332,
      -0.0062310626971235255,
      0.1259494782877223,
      0.12180005132928687
    ],
    [
      -0.007043215998449274,
      0.21325294249237547,
      1.1134723556243935,
      -0.013721989858703551,
      0.06485712198526221,
      -0.014346930743988087,
      -0.001333594396715128,
      0.0011508530190933286,
      0.005393217758977494,
      -0.0014889486134475611,
      -0.004467841556836089
    ],
    [
      5.666365523084017,
      -0.24350136059017644,
      30.883581065873205,
      0.40610442459703733,
      -0.014346930743988087,
      0.40882208546014626,
      0.007466269771810343,
      0.130594713199355,
      -0.01199585474447929,
      0.1049754228720119,
      0.09204896507457798
    ],
    [
      -0.40994036636724035,
      -0.02393284350537591,
      -0.46028679793720095,
      0.008020970422222584,
      -0.001333594396715128,
      0.007466269771810343,
      2.2008805621536838,
      -0.5248957979943354,
      -0.005951489223376681,
      -0.0022295042551355878,
      0.0052966598984256355
    ],
    [
      3.135106632939178,
      -0.10811001136960598,
      62.8805982496114,
      -1.3965044321365332,
      0.0011508530190933286,
      0.130594713199355,
      -0.5248957979943354,
      8.764823021822775,
      -0.015629224647049453,
      0.045638892731067075,
      0.05254698810051438
    ],
    [
      -0.2769272718395014,
      0.28933628955753465,
      7.319585460355669,
      -0.0062310626971235255,
      0.005393217758977494,
      -0.01199585474447929,
      -0.005951489223376681,
      -0.015629224647049453,
      0.02843400100047199,
      -0.0036516714296998547,
      -0.0062740776771925575
    ],
    [
      1.9906482979967794,
      0.07236995190658088,
      14.178983355538941,
      0.1259494782877223,
      -0.0014889486134475611,
      0.1049754228720119,
      -0.0022295042551355878,
      0.045638892731067075,
      -0.0036516714296998547,
      0.044024054683266305,
      0.028547020229108967
    ],
    [
      1.6945727260671515,
      -0.13416106533967126,
      6.5455055671113955,
      0.12180005132928687,
      -0.004467841556836089,
      0.09204896507457798,
      0.0052966598984256355,
      0.05254698810051438,
      -0.0062740776771925575,
      0.028547020229108967,
      0.04225909926101951
    ]
  ],
  "correlation": [
    [
      1.0,
      -0.1419881663083046,
      0.2751028052486146,
      0.16903988063581082,
      -0.002176854608827057,
      0.6975489102021519,
      -0.021750021988985138,
      0.0833523779116021,
      -0.12926590554924716,
      0.7467698408119477,
      0.6488395987905919
    ],
    [
      -0.1419881663083046,
      1.0,
      0.500477186005065,
      -0.03135826789308232,
      0.1677167533698596,
      -0.07627715189605311,
      -0.0032311440096881314,
      -0.007313993809145813,
      0.3436720168823016,
      0.06908337006504256,
      -0.13071536239504739
    ],
    [
      0.2751028052486146,
      0.500477186005065,
      1.0,
      0.07851084563878588,
      0.02152091254098619,
      0.2377500176786245,
      -0.0015271804681988206,
      0.10454545791978932,
      0.21366214227465646,
      0.33262903280025025,
      0.15672676106422417
    ],
    [
      0.16903988063581082,
      -0.03135826789308232,
      0.07851084563878588,
      1.0,
      -0.019134124899496674,
      0.2255489936162503,
      0.0019199902553109693,
      -0.16751013543759513,
      -0.013122406319114517,
      0.21316784772174055,
      0.2104057966403087
    ],
    [
      -0.002176854608827057,
      0.1677167533698596,
      0.021520912540986186,
      -0.019134124899496674,
      0.9999999999999998,
      -0.08810752274687514,
      -0.0035297722795541936,
      0.001526403837349213,
      0.12558857484849503,
      -0.027864795074843567,
      -0.08534121248345934
    ],
    [
      0.6975489102021519,
      -0.07627715189605312,
      0.23775001767862453,
      0.22554899361625033,
      -0.08810752274687512,
      1.0,
      0.007871151395273734,
      0.06899011131382309,
      -0.1112615322300507,
      0.7824839504925896,
      0.7003120793852305
    ],
    [
      -0.021750021988985138,
      -0.0032311440096881314,
      -0.0015271804681988206,
      0.0019199902553109693,
      -0.003529772279554193,
      0.007871151395273734,
      1.0,
      -0.11950973489669132,
      -0.023790766084975552,
      -0.007162506820494075,
      0.017367756922485697
    ],
    [
      0.08335237791160209,
      -0.007313993809145813,
      0.10454545791978932,
      -0.1675101354375951,
      0.0015264038373492131,
      0.06899011131382309,
      -0.11950973489669131,
      1.0,
      -0.03130739053259985,
      0.07347143189526752,
      0.08634081314470694
    ],
    [
      -0.12926590554924713,
      0.3436720168823016,
      0.21366214227465646,
      -0.013122406319114516,
      0.12558857484849503,
      -0.11126153223005071,
      -0.023790766084975552,
      -0.03130739053259985,
      1.0,
      -0.10321140423194873,
      -0.18099675391124406
    ],
    [
      0.7467698408119477,
      0.06908337006504256,
      0.33262903280025025,
      0.21316784772174055,
      -0.027864795074843567,
      0.7824839504925895,
      -0.0071625068204940745,
      0.07347143189526753,
      -0.10321140423194874,
      0.9999999999999999,
      0.66184401386408
    ],
    [
      0.6488395987905918,
      -0.13071536239504739,
      0.1567267610642242,
      0.21040579664030867,
      -0.08534121248345933,
      0.7003120793852307,
      0.017367756922485697,
      0.08634081314470694,
      -0.18099675391124406,
      0.66184401386408,
      1.0
    ]
  ],
  "diagnostics": {
    "runtime": {
      "preprocess_s": 0.039,
      "gwosc_fetch_s": 6.34,
      "encode_s": 0.005,
      "sampling_s": 1.636,
      "total_s": 8.017
    },
    "memory": {
      "rss_mb": 4605.6,
      "mps_allocated_mb": 125.4
    },
    "n_effective": 3000,
    "boundary_railing_frac": 0.86,
    "log_prob": {
      "median": -54.02165222167969,
      "max": 55.84611511230469
    },
    "ood_flags": [
      "86.0% of samples rail at the parameter bounds \u2014 the event may lie outside the training prior (out-of-distribution)"
    ],
    "context_ood": {
      "mahalanobis": 9.0,
      "percentile_vs_validation": 82.3
    },
    "verdict": {
      "confidence": "LOW",
      "reasons": [
        "86% of posterior samples rail at prior bounds"
      ]
    },
    "refinement": {
      "refine": true,
      "refine_global": true,
      "untrusted_params": [],
      "strong_indicators": [
        "confidence LOW: 86% of posterior samples rail at prior bounds",
        "posterior median in severe mass-bias cell {'mc': 30, 'q': 0.9, 'theta_jn': 0.5} (m1 x1.46)",
        "86% of samples rail at prior bounds"
      ],
      "moderate_indicators": [],
      "indicators": {
        "confidence": "LOW",
        "ood_percentile": 82.3,
        "bias_region": {
          "q_in_attractor": false,
          "cell": {
            "mc": 30,
            "q": 0.9,
            "theta_jn": 0.5
          },
          "m1_bias": 1.46,
          "dl_bias": 1.42,
          "severe_mass_bias": true
        },
        "mc_width_frac": 0.353,
        "railing_frac": 0.86
      },
      "recommendation": "run sampler refinement (compare_to_dynesty) before quoting these posteriors"
    }
  },
  "config": {
    "model_path": "model/lean_v8_psdcond_ft/best_model.pth",
    "model_epoch": 25,
    "model_val_nll": -1.1877927356399596,
    "premerger": false,
    "psd_cond": true,
    "device": "mps",
    "num_samples": 3000,
    "rank": 0,
    "seed": 0,
    "event": "GW170814",
    "event_type": "BBH",
    "source": "real",
    "detectors_present": [
      "H1",
      "L1",
      "V1"
    ]
  },
  "reproducibility": {
    "git_commit": "995121aff136ae38385b8720269d5a16cb7438f5",
    "model_path": "model/lean_v8_psdcond_ft/best_model.pth",
    "model_epoch": 25,
    "model_val_nll": -1.1877927356399596,
    "premerger": false
  },
  "preprocessing": {
    "source": "real",
    "detectors_present": [
      "H1",
      "L1",
      "V1"
    ],
    "warnings": [],
    "quality": {
      "H1": {
        "finite": true,
        "std": 0.9792155623435974,
        "max_abs": 4.176636695861816,
        "excess_kurtosis": -0.002106904983520508,
        "repeated_frac": 0.0,
        "whitening_norm": 47.013954239306116
      },
      "L1": {
        "finite": true,
        "std": 0.9994204640388489,
        "max_abs": 3.956414222717285,
        "excess_kurtosis": -0.017106056213378906,
        "repeated_frac": 0.0,
        "whitening_norm": 45.957458531048935
      },
      "V1": {
        "finite": true,
        "std": 0.9578981399536133,
        "max_abs": 3.727754592895508,
        "excess_kurtosis": 0.03925657272338867,
        "repeated_frac": 0.0,
        "whitening_norm": 46.6550071260846
      }
    },
    "timings": {
      "preprocess_s": 0.039,
      "gwosc_fetch_s": 6.34
    }
  }
}