{
  "param_names": [
    "mass_1",
    "mass_2",
    "luminosity_distance",
    "ra",
    "dec",
    "theta_jn",
    "psi",
    "phase",
    "geocent_time",
    "a1",
    "a2"
  ],
  "trigger_gps": 1185389807.3,
  "truth": null,
  "summary": {
    "n_samples": 3000,
    "trigger_gps": 1185389807.3,
    "parameters": [
      {
        "param": "mass_1",
        "median": 73.71772003173828,
        "mean": 68.25870079541207,
        "map": 1.4275683164596558,
        "std": 22.447084116743145,
        "ci50%": [
          53.54220008850098,
          85.01675415039062
        ],
        "ci68%": [
          43.73144607543945,
          89.93735748291016
        ],
        "ci90%": [
          28.264016723632807,
          97.39930076599121
        ],
        "ci95%": [
          14.399888563156164,
          99.49699630737305
        ]
      },
      {
        "param": "mass_2",
        "median": 27.64410972595215,
        "mean": 29.553231696049373,
        "map": 1.0507335662841797,
        "std": 17.58473513560167,
        "ci50%": [
          16.991761207580566,
          39.91010093688965
        ],
        "ci68%": [
          12.610407562255858,
          47.00135925292969
        ],
        "ci90%": [
          2.030522048473358,
          62.705520629882805
        ],
        "ci95%": [
          1.5555999189615253,
          69.65635948181155
        ]
      },
      {
        "param": "luminosity_distance",
        "median": 1616.0476684570312,
        "mean": 1521.6753231836956,
        "map": 131.15646362304688,
        "std": 436.02799978967846,
        "ci50%": [
          1289.5172119140625,
          1863.6482543945312
        ],
        "ci68%": [
          1118.068271484375,
          1933.6198095703126
        ],
        "ci90%": [
          615.2064880371094,
          2023.6059204101562
        ],
        "ci95%": [
          404.2688697814943,
          2066.5979248046874
        ]
      },
      {
        "param": "ra",
        "median": 3.151855230331421,
        "mean": 3.1394061121287136,
        "map": 1.7945666313171387,
        "std": 1.8826582710202104,
        "ci50%": [
          1.4343146681785583,
          4.826718211174011
        ],
        "ci68%": [
          0.9551257252693175,
          5.334957828521729
        ],
        "ci90%": [
          0.2646476611495017,
          6.020188760757446
        ],
        "ci95%": [
          0.10777524393051884,
          6.154107618331909
        ]
      },
      {
        "param": "dec",
        "median": -0.04904961585998535,
        "mean": -0.061957377354304,
        "map": -0.8328177332878113,
        "std": 0.6588640552661059,
        "ci50%": [
          -0.5643987357616425,
          0.41681474447250366
        ],
        "ci68%": [
          -0.7621474862098694,
          0.6454825353622438
        ],
        "ci90%": [
          -1.1400745630264282,
          1.070304691791534
        ],
        "ci95%": [
          -1.2660190284252166,
          1.1997659862041474
        ]
      },
      {
        "param": "theta_jn",
        "median": 1.5394963026046753,
        "mean": 1.5425550250429079,
        "map": 1.9086782932281494,
        "std": 0.5854561288258353,
        "ci50%": [
          1.1501581370830536,
          1.9668407440185547
        ],
        "ci68%": [
          0.974774763584137,
          2.12889105796814
        ],
        "ci90%": [
          0.5709724158048629,
          2.5003362059593197
        ],
        "ci95%": [
          0.2240472611039885,
          2.6397300362586975
        ]
      },
      {
        "param": "psi",
        "median": 1.661037027835846,
        "mean": 1.6464679097648744,
        "map": 3.1360585689544678,
        "std": 0.8790705256868133,
        "ci50%": [
          0.8929854929447174,
          2.397229790687561
        ],
        "ci68%": [
          0.6352240061759948,
          2.658418550491333
        ],
        "ci90%": [
          0.24396029934287058,
          3.0142854094505305
        ],
        "ci95%": [
          0.09343497902154936,
          3.1051100313663484
        ]
      },
      {
        "param": "phase",
        "median": 3.3058708906173706,
        "mean": 3.2563841339547483,
        "map": 3.8031444549560547,
        "std": 1.8432166797013072,
        "ci50%": [
          1.6522337198257446,
          4.859919905662537
        ],
        "ci68%": [
          1.1171179676055905,
          5.369332160949708
        ],
        "ci90%": [
          0.29060605764389036,
          6.079088521003722
        ],
        "ci95%": [
          0.11625640820711852,
          6.199609112739563
        ]
      },
      {
        "param": "geocent_time",
        "median": 0.03051018714904785,
        "mean": 0.03919754934310913,
        "map": 1.3109923601150513,
        "std": 0.34394238703591284,
        "ci50%": [
          0.011790692806243896,
          0.05513378977775574
        ],
        "ci68%": [
          0.0012919902801513613,
          0.08034973144531253
        ],
        "ci90%": [
          -0.47159022688865676,
          0.5375535130500786
        ],
        "ci95%": [
          -0.9270863845944404,
          1.067843985557556
        ]
      },
      {
        "param": "a1",
        "median": 0.19219568371772766,
        "mean": 0.2763552916049957,
        "map": 0.010416269302368164,
        "std": 0.2576907282707232,
        "ci50%": [
          0.05713079124689102,
          0.4366789013147354
        ],
        "ci68%": [
          0.029903743267059323,
          0.5756902647018438
        ],
        "ci90%": [
          0.008068320155143737,
          0.7903893351554868
        ],
        "ci95%": [
          0.0021021008491516153,
          0.8802336186170582
        ]
      },
      {
        "param": "a2",
        "median": 0.4112508147954941,
        "mean": 0.4321512257258097,
        "map": 0.024538636207580566,
        "std": 0.30752017303776025,
        "ci50%": [
          0.1605536937713623,
          0.6934607475996017
        ],
        "ci68%": [
          0.05099786281585693,
          0.8068665194511415
        ],
        "ci90%": [
          0.00629600882530212,
          0.9482796549797058
        ],
        "ci95%": [
          7.32824206352283e-05,
          0.9706142649054528
        ]
      }
    ],
    "diagnostics": {
      "runtime": {
        "preprocess_s": 0.08,
        "gwosc_fetch_s": 5.98,
        "encode_s": 0.014,
        "sampling_s": 3.02,
        "total_s": 9.096
      },
      "memory": {
        "rss_mb": 4132.2,
        "mps_allocated_mb": 128.8
      },
      "n_effective": 3000,
      "boundary_railing_frac": 0.0527,
      "log_prob": {
        "median": -18.63844871520996,
        "max": -3.839524269104004
      },
      "ood_flags": [
        "5.3% of samples rail at the parameter bounds \u2014 the event may lie outside the training prior (out-of-distribution)"
      ],
      "context_ood": {
        "mahalanobis": 11.05,
        "percentile_vs_validation": 96.2
      },
      "verdict": {
        "confidence": "MEDIUM",
        "reasons": [
          "5% boundary railing"
        ]
      },
      "refinement": {
        "refine": true,
        "refine_global": true,
        "untrusted_params": [
          "mass_1",
          "mass_2"
        ],
        "strong_indicators": [
          "chirp-mass posterior uninformative (90% width 150% of median)"
        ],
        "moderate_indicators": [
          "confidence MEDIUM",
          "5% boundary railing"
        ],
        "indicators": {
          "confidence": "MEDIUM",
          "ood_percentile": 96.2,
          "bias_region": {
            "q_in_attractor": true,
            "cell": {
              "mc": 45,
              "q": 0.4,
              "theta_jn": 1.57
            },
            "m1_bias": 1.02,
            "dl_bias": 1.92,
            "severe_mass_bias": false
          },
          "mc_width_frac": 1.502,
          "railing_frac": 0.0527
        },
        "recommendation": "run sampler refinement (compare_to_dynesty) before quoting these posteriors"
      }
    }
  },
  "covariance": [
    [
      504.0395985436567,
      82.91659345883822,
      2840.2490088439927,
      -2.3216789476228463,
      -0.5861026920847888,
      0.8781115185911669,
      -1.3460899818130687,
      -1.2978281309591952,
      -0.4930708506060742,
      0.46649607868923315,
      0.7779127683359789
    ],
    [
      82.91659345883822,
      309.3260184620849,
      3927.162155357114,
      0.10256029175416394,
      -0.24402296682622054,
      0.4520036887549326,
      0.16497816415997554,
      0.19249401135515445,
      -0.0022691100638047757,
      0.9327277481410455,
      0.880163776803217
    ],
    [
      2840.2490088439927,
      3927.162155357114,
      190183.8112043225,
      23.286435681540738,
      -5.54243551107754,
      11.366647839692805,
      -4.603405752389991,
      9.984706040214117,
      -0.7362724784525775,
      19.43575061679438,
      34.93995715751342
    ],
    [
      -2.3216789476228463,
      0.10256029175416394,
      23.286435681540738,
      3.545584026783068,
      0.008060889348422582,
      -0.050155048575398264,
      0.06400110690885798,
      -0.036288113332282615,
      0.020909535348503178,
      0.009357299631614602,
      0.037398344478092566
    ],
    [
      -0.5861026920847888,
      -0.24402296682622054,
      -5.54243551107754,
      0.008060889348422582,
      0.4342465921857602,
      -0.007972306123852548,
      0.008878512601861373,
      0.053847602674712225,
      0.006547449022879957,
      0.005498586895987063,
      0.008516887542635151
    ],
    [
      0.8781115185911669,
      0.4520036887549326,
      11.366647839692805,
      -0.050155048575398264,
      -0.007972306123852548,
      0.342873169836345,
      -0.021840277019037794,
      -0.06261666564982407,
      0.0014803625724549615,
      0.0019161794757195953,
      0.008888714486423374
    ],
    [
      -1.3460899818130687,
      0.16497816415997554,
      -4.603405752389991,
      0.06400110690885798,
      0.008878512601861373,
      -0.021840277019037794,
      0.7730226633524087,
      0.04444598420811918,
      0.0003169272294847928,
      -0.004455197070762299,
      -0.008436696559192079
    ],
    [
      -1.2978281309591952,
      0.19249401135515445,
      9.984706040214117,
      -0.036288113332282615,
      0.053847602674712225,
      -0.06261666564982407,
      0.04444598420811918,
      3.3985805885252933,
      0.006269169949055787,
      0.000832812761768906,
      -0.018990751854571674
    ],
    [
      -0.4930708506060742,
      -0.0022691100638047757,
      -0.7362724784525775,
      0.020909535348503178,
      0.006547449022879957,
      0.0014803625724549615,
      0.0003169272294847928,
      0.006269169949055787,
      0.11833581087025169,
      0.001308661889281513,
      0.0003793791199486939
    ],
    [
      0.46649607868923315,
      0.9327277481410455,
      19.43575061679438,
      0.009357299631614602,
      0.005498586895987063,
      0.0019161794757195953,
      -0.004455197070762299,
      0.000832812761768906,
      0.001308661889281513,
      0.06642665365458075,
      0.010282697465506642
    ],
    [
      0.7779127683359789,
      0.880163776803217,
      34.93995715751342,
      0.037398344478092566,
      0.008516887542635151,
      0.008888714486423374,
      -0.008436696559192079,
      -0.018990751854571674,
      0.0003793791199486939,
      0.010282697465506642,
      0.09460019022191488
    ]
  ],
  "correlation": [
    [
      1.0,
      0.20999110409527846,
      0.2900930441050741,
      -0.05491942021624333,
      -0.03961623308554541,
      0.0667960212649766,
      -0.06819391912914148,
      -0.031357112828479854,
      -0.06384382590165046,
      0.08062031331263034,
      0.11265554334462571
    ],
    [
      0.20999110409527846,
      1.0,
      0.5120163567887456,
      0.003096899634241931,
      -0.021054952584464,
      0.04389014362882459,
      0.010668960996988195,
      0.00593690652001769,
      -0.0003750500612204656,
      0.20576688537125581,
      0.16270813254860275
    ],
    [
      0.2900930441050741,
      0.5120163567887455,
      0.9999999999999999,
      0.0283577881996783,
      -0.01928615558629758,
      0.04451218164535411,
      -0.012005945556279296,
      0.012419374520796276,
      -0.004907877320913303,
      0.17291925566787367,
      0.2604891209510811
    ],
    [
      -0.054919420216243325,
      0.003096899634241931,
      0.0283577881996783,
      0.9999999999999999,
      0.006496371599930645,
      -0.0454887510645426,
      0.03865872093283968,
      -0.010453740421807266,
      0.03228065924524916,
      0.019281262082317924,
      0.06457471255855937
    ],
    [
      -0.03961623308554541,
      -0.021054952584464003,
      -0.01928615558629758,
      0.006496371599930644,
      1.0,
      -0.020660889065637247,
      0.015324132294938739,
      0.04432506460676433,
      0.028883234136811025,
      0.032375143040674376,
      0.042021030493687536
    ],
    [
      0.06679602126497661,
      0.04389014362882459,
      0.04451218164535411,
      -0.045488751064542594,
      -0.02066088906563725,
      1.0,
      -0.04242240424133686,
      -0.05800619792339714,
      0.007349253868717429,
      0.012696915973714765,
      0.04935443680239356
    ],
    [
      -0.06819391912914148,
      0.010668960996988197,
      -0.012005945556279296,
      0.03865872093283968,
      0.015324132294938739,
      -0.04242240424133685,
      1.0,
      0.027421273977544593,
      0.0010478650257199683,
      -0.019660729073990343,
      -0.031198255543229705
    ],
    [
      -0.03135711282847985,
      0.00593690652001769,
      0.012419374520796276,
      -0.010453740421807267,
      0.04432506460676433,
      -0.05800619792339713,
      0.027421273977544593,
      1.0,
      0.0098856029067395,
      0.0017527799548787153,
      -0.03349248472133953
    ],
    [
      -0.06384382590165044,
      -0.0003750500612204656,
      -0.004907877320913303,
      0.03228065924524916,
      0.02888323413681102,
      0.007349253868717429,
      0.0010478650257199685,
      0.0098856029067395,
      1.0,
      0.014760401543221164,
      0.003585661799542633
    ],
    [
      0.08062031331263034,
      0.20576688537125581,
      0.17291925566787367,
      0.019281262082317927,
      0.03237514304067437,
      0.012696915973714765,
      -0.01966072907399034,
      0.0017527799548787153,
      0.014760401543221162,
      1.0,
      0.12971490027375324
    ],
    [
      0.11265554334462573,
      0.16270813254860275,
      0.2604891209510811,
      0.06457471255855937,
      0.04202103049368754,
      0.04935443680239356,
      -0.031198255543229705,
      -0.03349248472133953,
      0.003585661799542633,
      0.12971490027375324,
      1.0
    ]
  ],
  "diagnostics": {
    "runtime": {
      "preprocess_s": 0.08,
      "gwosc_fetch_s": 5.98,
      "encode_s": 0.014,
      "sampling_s": 3.02,
      "total_s": 9.096
    },
    "memory": {
      "rss_mb": 4132.2,
      "mps_allocated_mb": 128.8
    },
    "n_effective": 3000,
    "boundary_railing_frac": 0.0527,
    "log_prob": {
      "median": -18.63844871520996,
      "max": -3.839524269104004
    },
    "ood_flags": [
      "5.3% of samples rail at the parameter bounds \u2014 the event may lie outside the training prior (out-of-distribution)"
    ],
    "context_ood": {
      "mahalanobis": 11.05,
      "percentile_vs_validation": 96.2
    },
    "verdict": {
      "confidence": "MEDIUM",
      "reasons": [
        "5% boundary railing"
      ]
    },
    "refinement": {
      "refine": true,
      "refine_global": true,
      "untrusted_params": [
        "mass_1",
        "mass_2"
      ],
      "strong_indicators": [
        "chirp-mass posterior uninformative (90% width 150% of median)"
      ],
      "moderate_indicators": [
        "confidence MEDIUM",
        "5% boundary railing"
      ],
      "indicators": {
        "confidence": "MEDIUM",
        "ood_percentile": 96.2,
        "bias_region": {
          "q_in_attractor": true,
          "cell": {
            "mc": 45,
            "q": 0.4,
            "theta_jn": 1.57
          },
          "m1_bias": 1.02,
          "dl_bias": 1.92,
          "severe_mass_bias": false
        },
        "mc_width_frac": 1.502,
        "railing_frac": 0.0527
      },
      "recommendation": "run sampler refinement (compare_to_dynesty) before quoting these posteriors"
    }
  },
  "config": {
    "model_path": "model/lean_v7_aux/best_model.pth",
    "model_epoch": 7,
    "model_val_nll": -0.04277825942263007,
    "premerger": false,
    "device": "mps",
    "num_samples": 3000,
    "rank": 0,
    "seed": 0,
    "event": "GW170729",
    "event_type": "BBH",
    "source": "real",
    "detectors_present": [
      "H1",
      "L1",
      "V1"
    ]
  },
  "reproducibility": {
    "git_commit": "995121aff136ae38385b8720269d5a16cb7438f5",
    "model_path": "model/lean_v7_aux/best_model.pth",
    "model_epoch": 7,
    "model_val_nll": -0.04277825942263007,
    "premerger": false
  },
  "preprocessing": {
    "source": "real",
    "detectors_present": [
      "H1",
      "L1",
      "V1"
    ],
    "warnings": [],
    "quality": {
      "H1": {
        "finite": true,
        "std": 0.8325052261352539,
        "max_abs": 3.5362794399261475,
        "excess_kurtosis": -0.0862574577331543,
        "repeated_frac": 0.0,
        "whitening_norm": 55.20578069909997
      },
      "L1": {
        "finite": true,
        "std": 1.0004900693893433,
        "max_abs": 3.766390800476074,
        "excess_kurtosis": -0.02658224105834961,
        "repeated_frac": 0.0,
        "whitening_norm": 45.82605603526463
      },
      "V1": {
        "finite": true,
        "std": 1.0305571556091309,
        "max_abs": 4.923017501831055,
        "excess_kurtosis": 0.22036957740783691,
        "repeated_frac": 0.0,
        "whitening_norm": 46.84303252466765
      }
    },
    "timings": {
      "preprocess_s": 0.08,
      "gwosc_fetch_s": 5.98
    }
  }
}