{
  "param_names": [
    "mass_1",
    "mass_2",
    "luminosity_distance",
    "ra",
    "dec",
    "theta_jn",
    "psi",
    "phase",
    "geocent_time",
    "a1",
    "a2"
  ],
  "trigger_gps": 1180922494.5,
  "truth": null,
  "summary": {
    "n_samples": 3000,
    "trigger_gps": 1180922494.5,
    "parameters": [
      {
        "param": "mass_1",
        "median": 30.03485679626465,
        "mean": 35.5917662277619,
        "map": 2.0702500343322754,
        "std": 23.63926428075067,
        "ci50%": [
          18.14162826538086,
          49.09099292755127
        ],
        "ci68%": [
          14.359723167419432,
          60.29326080322266
        ],
        "ci90%": [
          2.307745945453643,
          84.41635437011719
        ],
        "ci95%": [
          1.7786808967590335,
          91.74365100860597
        ]
      },
      {
        "param": "mass_2",
        "median": 7.819416284561157,
        "mean": 8.535968817750613,
        "map": 1.6878222227096558,
        "std": 6.735170805292253,
        "ci50%": [
          2.4570645689964294,
          11.745729684829712
        ],
        "ci68%": [
          1.8930632019042968,
          13.711818580627444
        ],
        "ci90%": [
          1.2675434291362762,
          18.445747566223144
        ],
        "ci95%": [
          1.1338327318429948,
          22.377085018157963
        ]
      },
      {
        "param": "luminosity_distance",
        "median": 1137.5299072265625,
        "mean": 1103.2602880897523,
        "map": 255.41693115234375,
        "std": 508.5857920865982,
        "ci50%": [
          695.495361328125,
          1496.8320007324219
        ],
        "ci68%": [
          553.5049414062499,
          1663.4100341796875
        ],
        "ci90%": [
          245.33058471679686,
          1896.2879333496094
        ],
        "ci95%": [
          194.752202987671,
          1983.4622711181642
        ]
      },
      {
        "param": "ra",
        "median": 3.2598047256469727,
        "mean": 3.2152769967020043,
        "map": 4.173666954040527,
        "std": 1.8180217648742745,
        "ci50%": [
          1.6041528582572937,
          4.808968663215637
        ],
        "ci68%": [
          1.1131613159179687,
          5.2671314620971685
        ],
        "ci90%": [
          0.32963121831417064,
          5.966343545913696
        ],
        "ci95%": [
          0.13948745317757147,
          6.128392267227174
        ]
      },
      {
        "param": "dec",
        "median": -0.08199816942214966,
        "mean": -0.08214282669623693,
        "map": 0.37153494358062744,
        "std": 0.7135612887603122,
        "ci50%": [
          -0.6781119704246521,
          0.4788205027580261
        ],
        "ci68%": [
          -0.8698845291137696,
          0.718540720939637
        ],
        "ci90%": [
          -1.1944109439849853,
          1.1002724647521964
        ],
        "ci95%": [
          -1.2895555734634399,
          1.2052825689315798
        ]
      },
      {
        "param": "theta_jn",
        "median": 1.6118857264518738,
        "mean": 1.5913626406554686,
        "map": 0.6832438707351685,
        "std": 0.7731189038155627,
        "ci50%": [
          0.9196577221155167,
          2.257609724998474
        ],
        "ci68%": [
          0.7428653001785277,
          2.451257839202881
        ],
        "ci90%": [
          0.3998246595263481,
          2.7670694351196286
        ],
        "ci95%": [
          0.22055036649107987,
          2.875413370132447
        ]
      },
      {
        "param": "psi",
        "median": 1.5703668594360352,
        "mean": 1.5887812487014616,
        "map": 0.6607272028923035,
        "std": 0.8837583716444892,
        "ci50%": [
          0.8587842434644699,
          2.3507832288742065
        ],
        "ci68%": [
          0.5884799075126647,
          2.607946319580078
        ],
        "ci90%": [
          0.15815875083208084,
          2.9884466171264648
        ],
        "ci95%": [
          0.06130553316324961,
          3.0880176007747653
        ]
      },
      {
        "param": "phase",
        "median": 2.923788070678711,
        "mean": 3.0274378242978854,
        "map": 0.8671587109565735,
        "std": 1.8669908815075882,
        "ci50%": [
          1.3006823062896729,
          4.670404434204102
        ],
        "ci68%": [
          0.899779684543609,
          5.304309730529785
        ],
        "ci90%": [
          0.26210761070251465,
          5.981852698326111
        ],
        "ci95%": [
          0.12543478067964342,
          6.140361201763153
        ]
      },
      {
        "param": "geocent_time",
        "median": -0.042838215827941895,
        "mean": -0.014885518590609232,
        "map": 1.1241995096206665,
        "std": 0.3837354209537145,
        "ci50%": [
          -0.06915748119354248,
          -0.005274295806884766
        ],
        "ci68%": [
          -0.08632241249084474,
          0.03663451194763186
        ],
        "ci90%": [
          -0.5710420787334443,
          0.7570414900779718
        ],
        "ci95%": [
          -1.0785401999950408,
          1.1547967314720156
        ]
      },
      {
        "param": "a1",
        "median": 0.4749705493450165,
        "mean": 0.4610446874797344,
        "map": 0.015485435724258423,
        "std": 0.30493691172092074,
        "ci50%": [
          0.1683911830186844,
          0.7317726016044617
        ],
        "ci68%": [
          0.07779088020324704,
          0.8083989238739014
        ],
        "ci90%": [
          0.013355541229248046,
          0.9274832159280776
        ],
        "ci95%": [
          0.004219806194305422,
          0.9583567127585412
        ]
      },
      {
        "param": "a2",
        "median": 0.2959083020687103,
        "mean": 0.35513799118002254,
        "map": 0.0037918388843536377,
        "std": 0.31274357144447756,
        "ci50%": [
          0.03866160660982132,
          0.6182018518447876
        ],
        "ci68%": [
          0.025599744319915768,
          0.7409021353721619
        ],
        "ci90%": [
          0.005552367866039276,
          0.8962146997451772
        ],
        "ci95%": [
          0.002090851217508317,
          0.9422524273395539
        ]
      }
    ],
    "diagnostics": {
      "runtime": {
        "preprocess_s": 0.033,
        "gwosc_fetch_s": 5.06,
        "encode_s": 0.012,
        "sampling_s": 3.369,
        "total_s": 8.471
      },
      "memory": {
        "rss_mb": 4132.2,
        "mps_allocated_mb": 128.8
      },
      "n_effective": 3000,
      "boundary_railing_frac": 0.041,
      "log_prob": {
        "median": -17.6166410446167,
        "max": -6.6366682052612305
      },
      "ood_flags": [
        "V1: no data \u2014 filled with unit white noise (posterior uses remaining detectors only)"
      ],
      "context_ood": {
        "mahalanobis": 8.83,
        "percentile_vs_validation": 86.4
      },
      "verdict": {
        "confidence": "HIGH",
        "reasons": [
          "V1: no data \u2014 filled with unit white noise (posterior uses remaining detectors only)"
        ]
      },
      "refinement": {
        "refine": true,
        "refine_global": true,
        "untrusted_params": [],
        "strong_indicators": [
          "chirp-mass posterior uninformative (90% width 175% of median)"
        ],
        "moderate_indicators": [
          "V1: no data \u2014 filled with unit white noise (posterior uses remaining detectors only)"
        ],
        "indicators": {
          "confidence": "HIGH",
          "ood_percentile": 86.4,
          "bias_region": {
            "q_in_attractor": false,
            "cell": {
              "mc": 10,
              "q": 0.4,
              "theta_jn": 1.57
            },
            "m1_bias": 1.22,
            "dl_bias": 1.64,
            "severe_mass_bias": false
          },
          "mc_width_frac": 1.75,
          "railing_frac": 0.041
        },
        "recommendation": "run sampler refinement (compare_to_dynesty) before quoting these posteriors"
      }
    }
  },
  "covariance": [
    [
      559.0011494516596,
      2.2424289605711736,
      2132.0979478385657,
      -2.746344960191609,
      -0.004570553531245855,
      -0.7884321594854714,
      -1.168388789439128,
      -1.2777972122171675,
      -1.7061347029735323,
      1.7465805857512318,
      -0.2590539446379769
    ],
    [
      2.2424289605711736,
      45.377651660347894,
      1915.4084630177183,
      0.2254119386284796,
      0.04120923364991446,
      -0.24448071132349247,
      0.12327316625540309,
      0.3559903144389224,
      -0.30460674345338956,
      0.3448336777981847,
      0.737331796222316
    ],
    [
      2132.0979478385657,
      1915.4084630177183,
      258745.75649785172,
      40.72372909762025,
      -7.124152646448181,
      -4.911376405307364,
      -10.84070923058645,
      -9.753230364037735,
      -31.700138823495692,
      49.48310593518294,
      69.9150620150886
    ],
    [
      -2.746344960191609,
      0.2254119386284796,
      40.72372909762025,
      3.3063052393030015,
      0.017448264327702138,
      -0.03463865736540976,
      0.03848639101947593,
      -0.09392430431364696,
      0.026809506550025442,
      -0.005560685297388828,
      0.03276098000206543
    ],
    [
      -0.004570553531245855,
      0.04120923364991446,
      -7.124152646448181,
      0.017448264327702138,
      0.5093394926481599,
      -0.00876057271031958,
      0.009126770590107702,
      0.047322072762000164,
      0.009229524808851398,
      -0.003650525751653048,
      -0.00020374404403232028
    ],
    [
      -0.7884321594854714,
      -0.24448071132349247,
      -4.911376405307364,
      -0.03463865736540976,
      -0.00876057271031958,
      0.5979121434848065,
      -0.005130890163544652,
      -0.07720473859756723,
      0.0002715895300946371,
      0.006073053925576328,
      0.0024155895938961654
    ],
    [
      -1.168388789439128,
      0.12327316625540309,
      -10.84070923058645,
      0.03848639101947593,
      0.009126770590107702,
      -0.005130890163544652,
      0.781289289214792,
      0.022534486556446905,
      -0.0003404939061576937,
      -0.009366004559489018,
      -0.0069612495333979466
    ],
    [
      -1.2777972122171675,
      0.3559903144389224,
      -9.753230364037735,
      -0.09392430431364696,
      0.047322072762000164,
      -0.07720473859756723,
      0.022534486556446905,
      3.486817224040493,
      0.007563838713156645,
      -0.0029984734535077042,
      -0.013911724628251304
    ],
    [
      -1.7061347029735323,
      -0.30460674345338956,
      -31.700138823495692,
      0.026809506550025442,
      0.009229524808851398,
      0.0002715895300946371,
      -0.0003404939061576937,
      0.007563838713156645,
      0.14730197395250846,
      -0.011277577467035657,
      -0.011551470810525464
    ],
    [
      1.7465805857512318,
      0.3448336777981847,
      49.48310593518294,
      -0.005560685297388828,
      -0.003650525751653048,
      0.006073053925576328,
      -0.009366004559489018,
      -0.0029984734535077042,
      -0.011277577467035657,
      0.093017525971883,
      0.020369516861614784
    ],
    [
      -0.2590539446379769,
      0.737331796222316,
      69.9150620150886,
      0.03276098000206543,
      -0.00020374404403232028,
      0.0024155895938961654,
      -0.0069612495333979466,
      -0.013911724628251304,
      -0.011551470810525464,
      0.020369516861614784,
      0.09784115519824656
    ]
  ],
  "correlation": [
    [
      1.0,
      0.014079633002276977,
      0.17728181269701193,
      -0.06388181748621821,
      -0.000270868669007402,
      -0.043126011368471356,
      -0.05590814663792152,
      -0.028942830053197924,
      -0.18801940882734572,
      0.2422143591980536,
      -0.03502862365907751
    ],
    [
      0.014079633002276978,
      0.9999999999999999,
      0.5589896612599626,
      0.018402822319150056,
      0.008571757064939171,
      -0.04693587353522785,
      0.020703396862135875,
      0.0283010521965848,
      -0.11781869872716293,
      0.16784417492093398,
      0.34992999310450446
    ],
    [
      0.17728181269701193,
      0.5589896612599626,
      0.9999999999999999,
      0.04402906360457733,
      -0.019624243439883136,
      -0.012486706810499393,
      -0.024110995537576035,
      -0.01026826983451124,
      -0.16237541077639175,
      0.31896126226050103,
      0.4394134472303018
    ],
    [
      -0.06388181748621821,
      0.018402822319150053,
      0.04402906360457733,
      1.0,
      0.013445503915374697,
      -0.024636039417239918,
      0.02394582366194507,
      -0.027662531597536948,
      0.03841608153783167,
      -0.010027079365781037,
      0.05760028418445616
    ],
    [
      -0.000270868669007402,
      0.008571757064939171,
      -0.019624243439883136,
      0.013445503915374695,
      0.9999999999999999,
      -0.015874868476339857,
      0.014467967459756618,
      0.03550957643456289,
      0.03369545944666915,
      -0.016771401219241193,
      -0.0009126840491624113
    ],
    [
      -0.04312601136847135,
      -0.04693587353522785,
      -0.012486706810499393,
      -0.024636039417239918,
      -0.015874868476339857,
      1.0,
      -0.007507029035145082,
      -0.05347006087869277,
      0.0009151452994134619,
      0.02575170913575404,
      0.009987198395449301
    ],
    [
      -0.05590814663792152,
      0.020703396862135875,
      -0.024110995537576035,
      0.02394582366194507,
      0.014467967459756618,
      -0.007507029035145082,
      1.0,
      0.013652970147009976,
      -0.0010036889088904603,
      -0.03474289769385542,
      -0.025177956602713224
    ],
    [
      -0.028942830053197924,
      0.028301052196584804,
      -0.01026826983451124,
      -0.027662531597536948,
      0.035509576434562894,
      -0.05347006087869277,
      0.013652970147009976,
      0.9999999999999999,
      0.01055415298151762,
      -0.005265058788879334,
      -0.023818016697543378
    ],
    [
      -0.18801940882734575,
      -0.11781869872716293,
      -0.16237541077639175,
      0.03841608153783168,
      0.03369545944666915,
      0.0009151452994134619,
      -0.0010036889088904603,
      0.01055415298151762,
      1.0,
      -0.09634499167143545,
      -0.09622152059332803
    ],
    [
      0.24221435919805356,
      0.16784417492093398,
      0.318961262260501,
      -0.010027079365781037,
      -0.01677140121924119,
      0.025751709135754038,
      -0.03474289769385542,
      -0.005265058788879334,
      -0.09634499167143545,
      1.0,
      0.21351950318082694
    ],
    [
      -0.03502862365907751,
      0.3499299931045044,
      0.4394134472303018,
      0.05760028418445616,
      -0.0009126840491624113,
      0.009987198395449301,
      -0.025177956602713228,
      -0.023818016697543378,
      -0.09622152059332802,
      0.21351950318082694,
      1.0
    ]
  ],
  "diagnostics": {
    "runtime": {
      "preprocess_s": 0.033,
      "gwosc_fetch_s": 5.06,
      "encode_s": 0.012,
      "sampling_s": 3.369,
      "total_s": 8.471
    },
    "memory": {
      "rss_mb": 4132.2,
      "mps_allocated_mb": 128.8
    },
    "n_effective": 3000,
    "boundary_railing_frac": 0.041,
    "log_prob": {
      "median": -17.6166410446167,
      "max": -6.6366682052612305
    },
    "ood_flags": [
      "V1: no data \u2014 filled with unit white noise (posterior uses remaining detectors only)"
    ],
    "context_ood": {
      "mahalanobis": 8.83,
      "percentile_vs_validation": 86.4
    },
    "verdict": {
      "confidence": "HIGH",
      "reasons": [
        "V1: no data \u2014 filled with unit white noise (posterior uses remaining detectors only)"
      ]
    },
    "refinement": {
      "refine": true,
      "refine_global": true,
      "untrusted_params": [],
      "strong_indicators": [
        "chirp-mass posterior uninformative (90% width 175% of median)"
      ],
      "moderate_indicators": [
        "V1: no data \u2014 filled with unit white noise (posterior uses remaining detectors only)"
      ],
      "indicators": {
        "confidence": "HIGH",
        "ood_percentile": 86.4,
        "bias_region": {
          "q_in_attractor": false,
          "cell": {
            "mc": 10,
            "q": 0.4,
            "theta_jn": 1.57
          },
          "m1_bias": 1.22,
          "dl_bias": 1.64,
          "severe_mass_bias": false
        },
        "mc_width_frac": 1.75,
        "railing_frac": 0.041
      },
      "recommendation": "run sampler refinement (compare_to_dynesty) before quoting these posteriors"
    }
  },
  "config": {
    "model_path": "model/lean_v7_aux/best_model.pth",
    "model_epoch": 7,
    "model_val_nll": -0.04277825942263007,
    "premerger": false,
    "device": "mps",
    "num_samples": 3000,
    "rank": 0,
    "seed": 0,
    "event": "GW170608",
    "event_type": "BBH",
    "source": "real",
    "detectors_present": [
      "H1",
      "L1"
    ]
  },
  "reproducibility": {
    "git_commit": "995121aff136ae38385b8720269d5a16cb7438f5",
    "model_path": "model/lean_v7_aux/best_model.pth",
    "model_epoch": 7,
    "model_val_nll": -0.04277825942263007,
    "premerger": false
  },
  "preprocessing": {
    "source": "real",
    "detectors_present": [
      "H1",
      "L1"
    ],
    "warnings": [
      "V1: no data \u2014 filled with unit white noise (posterior uses remaining detectors only)"
    ],
    "quality": {
      "H1": {
        "finite": true,
        "std": 0.8632428050041199,
        "max_abs": 3.48296856880188,
        "excess_kurtosis": 0.014204978942871094,
        "repeated_frac": 0.0,
        "whitening_norm": 52.34717436448604
      },
      "L1": {
        "finite": true,
        "std": 1.0091745853424072,
        "max_abs": 4.596554279327393,
        "excess_kurtosis": 0.09437704086303711,
        "repeated_frac": 0.0,
        "whitening_norm": 45.724966924896336
      }
    },
    "timings": {
      "preprocess_s": 0.033,
      "gwosc_fetch_s": 5.06
    }
  }
}