{
  "param_names": [
    "mass_1",
    "mass_2",
    "luminosity_distance",
    "ra",
    "dec",
    "theta_jn",
    "psi",
    "phase",
    "geocent_time",
    "a1",
    "a2"
  ],
  "trigger_gps": 1187008882.4,
  "truth": {
    "mass_1": 1.48,
    "mass_2": 1.26,
    "luminosity_distance": 40.0
  },
  "summary": {
    "n_samples": 10000,
    "trigger_gps": 1187008882.4,
    "parameters": [
      {
        "param": "mass_1",
        "median": 22.008015632629395,
        "mean": 31.716668339955806,
        "map": 2.154949188232422,
        "std": 30.39893191202637,
        "ci50%": [
          2.508977472782135,
          54.16429805755615
        ],
        "ci68%": [
          2.126255187988281,
          69.2434155273438
        ],
        "ci90%": [
          1.4619658410549163,
          90.58618431091307
        ],
        "ci95%": [
          1.2359742254018788,
          96.76753234863281
        ],
        "truth": 1.48,
        "truth_in_90": true
      },
      {
        "param": "mass_2",
        "median": 2.3740830421447754,
        "mean": 11.645525888288022,
        "map": 2.1321427822113037,
        "std": 16.003743674051357,
        "ci50%": [
          1.5876991748809814,
          16.592586994171143
        ],
        "ci68%": [
          1.3636087942123412,
          24.192438049316422
        ],
        "ci90%": [
          1.0888581812381743,
          46.34511356353759
        ],
        "ci95%": [
          1.0361563801765443,
          58.8098299980163
        ],
        "truth": 1.26,
        "truth_in_90": true
      },
      {
        "param": "luminosity_distance",
        "median": 693.7465209960938,
        "mean": 902.3578276695251,
        "map": 288.6344909667969,
        "std": 654.7869306566307,
        "ci50%": [
          283.18762969970703,
          1534.7783508300781
        ],
        "ci68%": [
          212.24646850585938,
          1756.1873925781251
        ],
        "ci90%": [
          129.3453056335449,
          1969.7616394042966
        ],
        "ci95%": [
          105.4335285186768,
          2029.0953063964844
        ],
        "truth": 40.0,
        "truth_in_90": false
      },
      {
        "param": "ra",
        "median": 3.132067918777466,
        "mean": 3.1420271331489666,
        "map": 0.07836803048849106,
        "std": 1.861375636981482,
        "ci50%": [
          1.6321498155593872,
          4.784344673156738
        ],
        "ci68%": [
          0.8372894906997681,
          5.3911889457702635
        ],
        "ci90%": [
          0.17234040573239323,
          5.995837759971618
        ],
        "ci95%": [
          0.09344833251088858,
          6.139011418819427
        ]
      },
      {
        "param": "dec",
        "median": 0.028317034244537354,
        "mean": 0.025786755388975142,
        "map": 0.19567465782165527,
        "std": 0.6049430076635973,
        "ci50%": [
          -0.3946833312511444,
          0.4491177201271057
        ],
        "ci68%": [
          -0.6036654233932496,
          0.6577373933792117
        ],
        "ci90%": [
          -0.9796512991189957,
          1.0250376582145688
        ],
        "ci95%": [
          -1.131894737482071,
          1.2097782552242278
        ]
      },
      {
        "param": "theta_jn",
        "median": 1.5765442848205566,
        "mean": 1.5409741679521278,
        "map": 0.08544237911701202,
        "std": 0.7127189875828245,
        "ci50%": [
          0.94996377825737,
          2.1065969467163086
        ],
        "ci68%": [
          0.7155944323539734,
          2.310961284637451
        ],
        "ci90%": [
          0.4008985608816147,
          2.665339112281799
        ],
        "ci95%": [
          0.2725791759788993,
          2.7813801169395447
        ]
      },
      {
        "param": "psi",
        "median": 1.5583805441856384,
        "mean": 1.5598013590257265,
        "map": 0.0020722411572933197,
        "std": 0.9155538968713443,
        "ci50%": [
          0.7430795133113861,
          2.354891359806061
        ],
        "ci68%": [
          0.4913085830211638,
          2.6679827976226806
        ],
        "ci90%": [
          0.16936691105365745,
          2.9953839302062986
        ],
        "ci95%": [
          0.06705823112279188,
          3.0541367411613463
        ]
      },
      {
        "param": "phase",
        "median": 3.063475251197815,
        "mean": 3.059870441758918,
        "map": 2.0656659603118896,
        "std": 1.7910177654814659,
        "ci50%": [
          1.508085548877716,
          4.582790493965149
        ],
        "ci68%": [
          0.9621670484542844,
          5.157210178375245
        ],
        "ci90%": [
          0.2874279677867889,
          5.852756524085998
        ],
        "ci95%": [
          0.13496066629886638,
          6.047551107406616
        ]
      },
      {
        "param": "geocent_time",
        "median": 0.05945950746536255,
        "mean": -0.013171221262216568,
        "map": -1.122658371925354,
        "std": 0.8367866310503935,
        "ci50%": [
          -0.7563734501600266,
          0.6325578093528748
        ],
        "ci68%": [
          -1.0609745407104494,
          0.8978103303909302
        ],
        "ci90%": [
          -1.3539300203323366,
          1.3092142820358275
        ],
        "ci95%": [
          -1.4450939089059829,
          1.4264579713344572
        ]
      },
      {
        "param": "a1",
        "median": 0.3326494097709656,
        "mean": 0.38174987726509574,
        "map": 0.011235058307647705,
        "std": 0.3303367578023618,
        "ci50%": [
          0.040918998420238495,
          0.6726256906986237
        ],
        "ci68%": [
          0.028917579650878905,
          0.7949414253234866
        ],
        "ci90%": [
          0.009824804961681366,
          0.9445800691843033
        ],
        "ci95%": [
          0.005516024678945551,
          0.9653004899621008
        ]
      },
      {
        "param": "a2",
        "median": 0.044470012187957764,
        "mean": 0.22084710597991944,
        "map": 0.010137796401977539,
        "std": 0.27586710600510955,
        "ci50%": [
          0.024582013487815857,
          0.3951842784881592
        ],
        "ci68%": [
          0.016894497871398916,
          0.5588185334205632
        ],
        "ci90%": [
          0.006528945267200468,
          0.8171275198459623
        ],
        "ci95%": [
          0.0038485258817672744,
          0.8946784049272536
        ]
      }
    ],
    "diagnostics": {
      "runtime": {
        "preprocess_s": 0.083,
        "gwosc_fetch_s": null,
        "encode_s": 0.009,
        "sampling_s": 7.476,
        "total_s": 7.487
      },
      "memory": {
        "rss_mb": 1411.2,
        "mps_allocated_mb": 33.1
      },
      "n_effective": 10000,
      "boundary_railing_frac": 0.0361,
      "log_prob": {
        "median": -19.01613426208496,
        "max": 8.604988098144531
      },
      "ood_flags": [
        "L1: whitened std 6.21 far from 1 \u2014 PSD mismatch or non-stationary data (out-of-distribution)",
        "L1: |strain| peaks at 135\u03c3 \u2014 likely glitch/saturation",
        "L1: off-source excess kurtosis 119.6 \u2014 non-Gaussian noise (glitches) in window"
      ],
      "context_ood": {
        "mahalanobis": 22.33,
        "percentile_vs_validation": 100.0
      },
      "verdict": {
        "confidence": "LOW",
        "reasons": [
          "context farther from training than ALL validation events (Mahalanobis 22.33)",
          "L1: whitened std 6.21 far from 1 \u2014 PSD mismatch or non-stationary data (out-of-distribution)",
          "L1: |strain| peaks at 135\u03c3 \u2014 likely glitch/saturation",
          "L1: off-source excess kurtosis 119.6 \u2014 non-Gaussian noise (glitches) in window"
        ]
      }
    }
  },
  "covariance": [
    [
      924.1874801400293,
      283.67268485817965,
      11924.485868221886,
      -3.4397831723317576,
      -0.8502812387242181,
      0.6610445015520854,
      -0.8841673466647056,
      -2.2903571755201027,
      1.6857111049102012,
      3.0885262007569745,
      3.2731821647678765
    ],
    [
      283.67268485817965,
      256.1454261273515,
      7159.657026460745,
      -1.14740495410062,
      -0.4646152442716862,
      0.17590166605462002,
      -0.7755948694972776,
      -1.6123391848081239,
      1.6400509332646682,
      1.3747936612252518,
      2.420979371538972
    ],
    [
      11924.485868221886,
      7159.657026460745,
      428788.80343907524,
      -29.510220648125873,
      -9.062179671700099,
      -3.994258615437375,
      -30.861846049631247,
      -28.48529029431242,
      57.35673050319554,
      79.60227806465184,
      119.76791289188897
    ],
    [
      -3.4397831723317576,
      -1.14740495410062,
      -29.510220648125873,
      3.46506576852507,
      -0.16110525570428655,
      0.021451407448631155,
      0.03976919925341363,
      -0.07446211523661833,
      -0.07893286494060636,
      0.0057405199288254345,
      -0.0048506817958592595
    ],
    [
      -0.8502812387242181,
      -0.4646152442716862,
      -9.062179671700099,
      -0.16110525570428655,
      0.36599264178525776,
      -0.0117797576411491,
      -0.011682234719179936,
      0.04161982915596542,
      0.024339169435600796,
      -0.0062350883745679875,
      -0.005877458017699566
    ],
    [
      0.6610445015520854,
      0.17590166605462002,
      -3.994258615437375,
      0.021451407448631155,
      -0.0117797576411491,
      0.5080191571768039,
      -0.0009636704713545435,
      -0.03716558364709201,
      -0.01359662130269206,
      0.0002956442144309714,
      -0.005793138108371925
    ],
    [
      -0.8841673466647056,
      -0.7755948694972776,
      -30.861846049631247,
      0.03976919925341363,
      -0.011682234719179936,
      -0.0009636704713545435,
      0.8383227703533397,
      0.022576893729621267,
      -0.02050398863614404,
      -0.0010651571500426876,
      -0.001547365543259827
    ],
    [
      -2.2903571755201027,
      -1.6123391848081239,
      -28.48529029431242,
      -0.07446211523661833,
      0.04161982915596542,
      -0.03716558364709201,
      0.022576893729621267,
      3.208065442814504,
      -0.03423449232212227,
      0.012260814733616525,
      -0.0008287166918641319
    ],
    [
      1.6857111049102012,
      1.6400509332646682,
      57.35673050319554,
      -0.07893286494060636,
      0.024339169435600796,
      -0.01359662130269206,
      -0.02050398863614404,
      -0.03423449232212227,
      0.700281894094077,
      0.004626603643350545,
      0.016088137762629247
    ],
    [
      3.0885262007569745,
      1.3747936612252518,
      79.60227806465184,
      0.0057405199288254345,
      -0.0062350883745679875,
      0.0002956442144309714,
      -0.0010651571500426876,
      0.012260814733616525,
      0.004626603643350545,
      0.1091332868840647,
      0.018956547439387156
    ],
    [
      3.2731821647678765,
      2.420979371538972,
      119.76791289188897,
      -0.0048506817958592595,
      -0.005877458017699566,
      -0.005793138108371925,
      -0.001547365543259827,
      -0.0008287166918641319,
      0.016088137762629247,
      0.018956547439387156,
      0.07611027120275464
    ]
  ],
  "correlation": [
    [
      0.9999999999999999,
      0.5830343952200328,
      0.5990152852302514,
      -0.06078484114550327,
      -0.0462323936258319,
      0.030507780423020058,
      -0.031764995646557874,
      -0.04206312792056516,
      0.06626232320657884,
      0.30753364219411544,
      0.39027299469836235
    ],
    [
      0.5830343952200326,
      0.9999999999999998,
      0.6831674999079425,
      -0.03851391583307216,
      -0.04798593655309522,
      0.015420079239476808,
      -0.052928062171903587,
      -0.05624598110488302,
      0.12245529930794417,
      0.2600252967418403,
      0.5483099811031683
    ],
    [
      0.5990152852302513,
      0.6831674999079425,
      0.9999999999999998,
      -0.02421001159358822,
      -0.022875720056753583,
      -0.008558042079203547,
      -0.051474786144270826,
      -0.024287192885109207,
      0.1046709630999138,
      0.36798080113694315,
      0.6629749641563883
    ],
    [
      -0.06078484114550326,
      -0.03851391583307216,
      -0.024210011593588224,
      1.0,
      -0.1430598582694009,
      0.016168137951958945,
      0.02333380017139628,
      -0.02233356322339712,
      -0.05067172350579351,
      0.009335054765788978,
      -0.009445509955435924
    ],
    [
      -0.0462323936258319,
      -0.04798593655309522,
      -0.022875720056753583,
      -0.1430598582694009,
      1.0,
      -0.02731870657118819,
      -0.021090366146428664,
      0.038409840752636655,
      0.04807653153727542,
      -0.031198076499055045,
      -0.035215326871628615
    ],
    [
      0.030507780423020058,
      0.015420079239476806,
      -0.008558042079203547,
      0.016168137951958945,
      -0.02731870657118819,
      0.9999999999999999,
      -0.00147666804035205,
      -0.029112486689397414,
      -0.022795782673647402,
      0.0012555983085346624,
      -0.029461320091820956
    ],
    [
      -0.031764995646557874,
      -0.05292806217190359,
      -0.051474786144270826,
      0.02333380017139628,
      -0.021090366146428664,
      -0.00147666804035205,
      1.0,
      0.013766925047044921,
      -0.02676062623784706,
      -0.0035215141513529826,
      -0.006125840090566212
    ],
    [
      -0.04206312792056516,
      -0.056245981104883026,
      -0.02428719288510921,
      -0.022333563223397124,
      0.038409840752636655,
      -0.029112486689397414,
      0.013766925047044921,
      1.0,
      -0.02284051192340974,
      0.02072140040552066,
      -0.0016771149957039776
    ],
    [
      0.06626232320657884,
      0.12245529930794419,
      0.10467096309991383,
      -0.05067172350579352,
      0.04807653153727542,
      -0.022795782673647402,
      -0.02676062623784706,
      -0.02284051192340974,
      1.0,
      0.016735828966059584,
      0.06968634599350991
    ],
    [
      0.30753364219411544,
      0.26002529674184033,
      0.36798080113694315,
      0.009335054765788978,
      -0.031198076499055042,
      0.0012555983085346624,
      -0.0035215141513529826,
      0.02072140040552066,
      0.016735828966059584,
      0.9999999999999998,
      0.2079979188323322
    ],
    [
      0.3902729946983624,
      0.5483099811031682,
      0.6629749641563883,
      -0.009445509955435924,
      -0.03521532687162862,
      -0.029461320091820956,
      -0.006125840090566212,
      -0.0016771149957039776,
      0.0696863459935099,
      0.20799791883233223,
      1.0
    ]
  ],
  "diagnostics": {
    "runtime": {
      "preprocess_s": 0.083,
      "gwosc_fetch_s": null,
      "encode_s": 0.009,
      "sampling_s": 7.476,
      "total_s": 7.487
    },
    "memory": {
      "rss_mb": 1411.2,
      "mps_allocated_mb": 33.1
    },
    "n_effective": 10000,
    "boundary_railing_frac": 0.0361,
    "log_prob": {
      "median": -19.01613426208496,
      "max": 8.604988098144531
    },
    "ood_flags": [
      "L1: whitened std 6.21 far from 1 \u2014 PSD mismatch or non-stationary data (out-of-distribution)",
      "L1: |strain| peaks at 135\u03c3 \u2014 likely glitch/saturation",
      "L1: off-source excess kurtosis 119.6 \u2014 non-Gaussian noise (glitches) in window"
    ],
    "context_ood": {
      "mahalanobis": 22.33,
      "percentile_vs_validation": 100.0
    },
    "verdict": {
      "confidence": "LOW",
      "reasons": [
        "context farther from training than ALL validation events (Mahalanobis 22.33)",
        "L1: whitened std 6.21 far from 1 \u2014 PSD mismatch or non-stationary data (out-of-distribution)",
        "L1: |strain| peaks at 135\u03c3 \u2014 likely glitch/saturation",
        "L1: off-source excess kurtosis 119.6 \u2014 non-Gaussian noise (glitches) in window"
      ]
    }
  },
  "config": {
    "model_path": "model/lean_npe_v3/best_model.pth",
    "model_epoch": 20,
    "model_val_nll": -0.7119142274837941,
    "premerger": false,
    "device": "mps",
    "num_samples": 10000,
    "rank": 0,
    "seed": 0,
    "event": null,
    "event_type": "BBH",
    "source": "real",
    "detectors_present": [
      "H1",
      "L1",
      "V1"
    ]
  },
  "reproducibility": {
    "git_commit": "ece3a0f52ab84627ddf97e05fe430a015d6b5523",
    "model_path": "model/lean_npe_v3/best_model.pth",
    "model_epoch": 20,
    "model_val_nll": -0.7119142274837941,
    "premerger": false
  },
  "preprocessing": {
    "source": "real",
    "detectors_present": [
      "H1",
      "L1",
      "V1"
    ],
    "warnings": [
      "L1: whitened std 6.21 far from 1 \u2014 PSD mismatch or non-stationary data (out-of-distribution)",
      "L1: |strain| peaks at 135\u03c3 \u2014 likely glitch/saturation",
      "L1: off-source excess kurtosis 119.6 \u2014 non-Gaussian noise (glitches) in window"
    ],
    "quality": {
      "H1": {
        "finite": true,
        "std": 1.001254677772522,
        "max_abs": 4.224874496459961,
        "excess_kurtosis": -0.035353899002075195,
        "repeated_frac": 0.0,
        "whitening_norm": 45.862684284987395
      },
      "L1": {
        "finite": true,
        "std": 6.206346035003662,
        "max_abs": 134.61306762695312,
        "excess_kurtosis": 119.5936050415039,
        "repeated_frac": 0.0,
        "whitening_norm": 45.42958104670753
      },
      "V1": {
        "finite": true,
        "std": 1.025583028793335,
        "max_abs": 4.405464172363281,
        "excess_kurtosis": 0.10090470314025879,
        "repeated_frac": 0.0,
        "whitening_norm": 46.2599882327143
      }
    },
    "timings": {
      "preprocess_s": 0.083
    }
  }
}