{
  "param_names": [
    "mass_1",
    "mass_2",
    "luminosity_distance",
    "ra",
    "dec",
    "theta_jn",
    "psi",
    "phase",
    "geocent_time",
    "a1",
    "a2"
  ],
  "trigger_gps": 1135136350.6,
  "truth": null,
  "summary": {
    "n_samples": 3000,
    "trigger_gps": 1135136350.6,
    "parameters": [
      {
        "param": "mass_1",
        "median": 23.659765243530273,
        "mean": 30.37596285378933,
        "map": 2.326035976409912,
        "std": 23.13068171517468,
        "ci50%": [
          14.136293888092041,
          43.65332508087158
        ],
        "ci68%": [
          9.861076622009277,
          54.945811767578135
        ],
        "ci90%": [
          1.9416371405124662,
          78.81495742797848
        ],
        "ci95%": [
          1.5320913374423981,
          88.3350202560425
        ]
      },
      {
        "param": "mass_2",
        "median": 5.889103412628174,
        "mean": 6.97264457432429,
        "map": 1.0608222484588623,
        "std": 6.6614628005153085,
        "ci50%": [
          1.9213228225708008,
          10.132784366607666
        ],
        "ci68%": [
          1.5849317264556884,
          12.276824874877931
        ],
        "ci90%": [
          1.1513970136642455,
          18.051289463043208
        ],
        "ci95%": [
          1.0529586166143419,
          22.588800573349
        ]
      },
      {
        "param": "luminosity_distance",
        "median": 651.1871337890625,
        "mean": 763.0196096916198,
        "map": 203.59613037109375,
        "std": 472.6871111613254,
        "ci50%": [
          401.63060760498047,
          1076.3117980957031
        ],
        "ci68%": [
          300.9648388671875,
          1296.85927734375
        ],
        "ci90%": [
          152.39619827270505,
          1678.2430297851563
        ],
        "ci95%": [
          107.61955413818369,
          1850.2656036376954
        ]
      },
      {
        "param": "ra",
        "median": 3.580780267715454,
        "mean": 3.434854728811789,
        "map": 5.019398212432861,
        "std": 1.7984285195073018,
        "ci50%": [
          1.9525750279426575,
          5.0193445682525635
        ],
        "ci68%": [
          1.353134942054748,
          5.48045753479004
        ],
        "ci90%": [
          0.3812084197998046,
          6.00361931324005
        ],
        "ci95%": [
          0.1636501114815475,
          6.130253183841706
        ]
      },
      {
        "param": "dec",
        "median": -0.047652244567871094,
        "mean": -0.0467154804666837,
        "map": 0.5673097372055054,
        "std": 0.715947106801207,
        "ci50%": [
          -0.6405487358570099,
          0.5300713777542114
        ],
        "ci68%": [
          -0.8461050009727478,
          0.7361139535903931
        ],
        "ci90%": [
          -1.1902191638946533,
          1.1317815661430355
        ],
        "ci95%": [
          -1.2920934975147247,
          1.2610305786132814
        ]
      },
      {
        "param": "theta_jn",
        "median": 1.547325611114502,
        "mean": 1.58179780028937,
        "map": 2.866750955581665,
        "std": 0.8160521682856028,
        "ci50%": [
          0.8708135783672333,
          2.307166039943695
        ],
        "ci68%": [
          0.6807601261138916,
          2.5080574226379397
        ],
        "ci90%": [
          0.3368235811591148,
          2.8370759248733517
        ],
        "ci95%": [
          0.20474345646798645,
          2.900565868616104
        ]
      },
      {
        "param": "psi",
        "median": 1.7775316834449768,
        "mean": 1.6885331961040713,
        "map": 2.7161705493927,
        "std": 0.8723685924775604,
        "ci50%": [
          0.9798924177885056,
          2.438597023487091
        ],
        "ci68%": [
          0.6392633056640625,
          2.639006805419922
        ],
        "ci90%": [
          0.22156006544828413,
          2.9915978550910944
        ],
        "ci95%": [
          0.10786569379270082,
          3.069525808095932
        ]
      },
      {
        "param": "phase",
        "median": 3.3207197189331055,
        "mean": 3.2913562983716984,
        "map": 5.76845645904541,
        "std": 1.7675090388613395,
        "ci50%": [
          1.8335061967372894,
          4.742228865623474
        ],
        "ci68%": [
          1.2428988409042359,
          5.405172138214112
        ],
        "ci90%": [
          0.4177478700876236,
          6.045061683654784
        ],
        "ci95%": [
          0.19370471946895124,
          6.184624683856964
        ]
      },
      {
        "param": "geocent_time",
        "median": 0.07016944885253906,
        "mean": 0.1026371467312177,
        "map": 0.4456855058670044,
        "std": 0.5218844009765106,
        "ci50%": [
          0.0016499161720275879,
          0.2159993052482605
        ],
        "ci68%": [
          -0.05452272415161137,
          0.3931929111480713
        ],
        "ci90%": [
          -1.0005738973617555,
          1.188271570205688
        ],
        "ci95%": [
          -1.244751444458961,
          1.342418652772904
        ]
      },
      {
        "param": "a1",
        "median": 0.48336362838745117,
        "mean": 0.4706754523615042,
        "map": 0.03124105930328369,
        "std": 0.31678533030260053,
        "ci50%": [
          0.1648842841386795,
          0.7561414390802383
        ],
        "ci68%": [
          0.06029179215431211,
          0.8429731464385987
        ],
        "ci90%": [
          0.012417243421077728,
          0.9449009299278259
        ],
        "ci95%": [
          0.005066602677106862,
          0.9646522447466851
        ]
      },
      {
        "param": "a2",
        "median": 0.12861423194408417,
        "mean": 0.299755720247825,
        "map": 0.009624302387237549,
        "std": 0.3187688043118049,
        "ci50%": [
          0.02665763348340988,
          0.5739162266254425
        ],
        "ci68%": [
          0.016044234037399293,
          0.7098743939399721
        ],
        "ci90%": [
          0.004861927032470702,
          0.8912174940109243
        ],
        "ci95%": [
          0.0023124724626541176,
          0.9353828445076944
        ]
      }
    ],
    "diagnostics": {
      "runtime": {
        "preprocess_s": 0.028,
        "gwosc_fetch_s": 4.2,
        "encode_s": 0.005,
        "sampling_s": 1.629,
        "total_s": 5.861
      },
      "memory": {
        "rss_mb": 4605.6,
        "mps_allocated_mb": 125.4
      },
      "n_effective": 3000,
      "boundary_railing_frac": 0.0373,
      "log_prob": {
        "median": -17.778440475463867,
        "max": 30.030105590820312
      },
      "ood_flags": [
        "V1: no data \u2014 filled with unit white noise (posterior uses remaining detectors only)"
      ],
      "context_ood": {
        "mahalanobis": 10.15,
        "percentile_vs_validation": 89.3
      },
      "verdict": {
        "confidence": "HIGH",
        "reasons": [
          "V1: no data \u2014 filled with unit white noise (posterior uses remaining detectors only)"
        ]
      },
      "refinement": {
        "refine": true,
        "refine_global": true,
        "untrusted_params": [],
        "strong_indicators": [
          "chirp-mass posterior uninformative (90% width 237% of median)"
        ],
        "moderate_indicators": [
          "V1: no data \u2014 filled with unit white noise (posterior uses remaining detectors only)"
        ],
        "indicators": {
          "confidence": "HIGH",
          "ood_percentile": 89.3,
          "bias_region": {
            "q_in_attractor": false,
            "cell": {
              "mc": 10,
              "q": 0.4,
              "theta_jn": 1.57
            },
            "m1_bias": 1.22,
            "dl_bias": 1.64,
            "severe_mass_bias": false
          },
          "mc_width_frac": 2.367,
          "railing_frac": 0.0373
        },
        "recommendation": "run sampler refinement (compare_to_dynesty) before quoting these posteriors"
      }
    }
  },
  "covariance": [
    [
      535.2068388883464,
      4.506531867919488,
      1809.4345033151824,
      -2.2782797365745266,
      0.12904478115790827,
      0.28878653814317595,
      -0.35263110255186564,
      -0.11461210099875725,
      -0.9261059316190146,
      2.3657182914988955,
      -1.0217000549525177
    ],
    [
      4.506531867919488,
      44.389883270406095,
      2020.807792694223,
      -0.016542762882097377,
      -0.012638548128897741,
      -0.13920105260724372,
      -0.29596593937641036,
      0.21454406798978107,
      -0.26848518949554884,
      0.2100276928187517,
      1.0079925482366132
    ],
    [
      1809.4345033151824,
      2020.807792694223,
      223507.60759390413,
      -0.4933695787855617,
      -7.344632125635031,
      6.670348727467241,
      -20.35459677127829,
      54.72220610280176,
      -24.117965962583465,
      40.62435685187919,
      79.1122795447517
    ],
    [
      -2.2782797365745266,
      -0.016542762882097377,
      -0.4933695787855617,
      3.2354236143153217,
      0.02923162242154428,
      0.020997524970317677,
      0.047476864862303986,
      -0.06277486513275865,
      0.01587514651208366,
      -0.03994860749778628,
      -0.006327935327492917
    ],
    [
      0.12904478115790827,
      -0.012638548128897741,
      -7.344632125635031,
      0.02923162242154428,
      0.512751176795951,
      0.01644066201874995,
      0.022293510780217247,
      0.004387279731545986,
      0.011394936161737106,
      -0.0004730706025580646,
      -0.00017988340939448564
    ],
    [
      0.28878653814317595,
      -0.13920105260724372,
      6.670348727467241,
      0.020997524970317677,
      0.01644066201874995,
      0.6661631957622207,
      -0.009699154338640999,
      -0.03915452875727699,
      0.01332210272606734,
      0.021656047038906435,
      0.0020302981898765184
    ],
    [
      -0.35263110255186564,
      -0.29596593937641036,
      -20.35459677127829,
      0.047476864862303986,
      0.022293510780217247,
      -0.009699154338640999,
      0.7612807213817395,
      0.0910322518336188,
      0.0018790463158598625,
      -0.007098456079093367,
      -0.006257296064716289
    ],
    [
      -0.11461210099875725,
      0.21454406798978107,
      54.72220610280176,
      -0.06277486513275865,
      0.004387279731545986,
      -0.03915452875727699,
      0.0910322518336188,
      3.1251299124273495,
      0.016827191361321065,
      0.007153606511433841,
      0.001160141508262344
    ],
    [
      -0.9261059316190146,
      -0.26848518949554884,
      -24.117965962583465,
      0.01587514651208366,
      0.011394936161737106,
      0.01332210272606734,
      0.0018790463158598625,
      0.016827191361321065,
      0.2724541460312883,
      0.0007476703840022833,
      -0.013155721211519433
    ],
    [
      2.3657182914988955,
      0.2100276928187517,
      40.62435685187919,
      -0.03994860749778628,
      -0.0004730706025580646,
      0.021656047038906435,
      -0.007098456079093367,
      0.007153606511433841,
      0.0007476703840022833,
      0.10038640763080496,
      0.013659892370713862
    ],
    [
      -1.0217000549525177,
      1.0079925482366132,
      79.1122795447517,
      -0.006327935327492917,
      -0.00017988340939448564,
      0.0020302981898765184,
      -0.006257296064716289,
      0.001160141508262344,
      -0.013155721211519433,
      0.013659892370713862,
      0.10164743308007114
    ]
  ],
  "correlation": [
    [
      1.0,
      0.029237458469381663,
      0.16543823395099586,
      -0.054749561465135876,
      0.007789799604973308,
      0.01529416601205262,
      -0.017469777429598966,
      -0.0028024353904709063,
      -0.0766925411731201,
      0.3227488802164327,
      -0.1385206056475992
    ],
    [
      0.029237458469381663,
      0.9999999999999999,
      0.6415593688896006,
      -0.0013803857515026275,
      -0.002649121346822992,
      -0.02559824552586693,
      -0.05091283921025744,
      0.01821547378245015,
      -0.07720254577914136,
      0.09949404862011632,
      0.4745337567551364
    ],
    [
      0.16543823395099586,
      0.6415593688896006,
      0.9999999999999999,
      -0.000580177172151866,
      -0.021695544792724345,
      0.017286698880634867,
      -0.049345088524501965,
      0.06547619065351293,
      -0.09773448129809575,
      0.2712082441102409,
      0.5248673231800253
    ],
    [
      -0.054749561465135876,
      -0.0013803857515026275,
      -0.0005801771721518661,
      1.0,
      0.02269519988035668,
      0.014302508461934212,
      0.030251299907118594,
      -0.01974177395861712,
      0.01690851457020496,
      -0.07009686797786148,
      -0.011034387941058148
    ],
    [
      0.0077897996049733085,
      -0.0026491213468229917,
      -0.02169554479272435,
      0.022695199880356683,
      1.0,
      0.028130383371378406,
      0.035682289931133315,
      0.003465835573165123,
      0.030486800794244474,
      -0.002085139769697226,
      -0.0007879335073807444
    ],
    [
      0.01529416601205262,
      -0.025598245525866925,
      0.01728669888063487,
      0.01430250846193421,
      0.028130383371378406,
      1.0,
      -0.013619812745779586,
      -0.027136738270560443,
      0.03127056657471666,
      0.08374355862610813,
      0.007802275872007162
    ],
    [
      -0.017469777429598966,
      -0.05091283921025743,
      -0.04934508852450197,
      0.030251299907118594,
      0.03568228993113331,
      -0.013619812745779586,
      0.9999999999999999,
      0.05901859032141356,
      0.004125896777293843,
      -0.02567757622015827,
      -0.022493968380035794
    ],
    [
      -0.0028024353904709063,
      0.01821547378245015,
      0.06547619065351293,
      -0.01974177395861712,
      0.003465835573165123,
      -0.027136738270560446,
      0.05901859032141356,
      1.0,
      0.018236054656060572,
      0.012771842474345362,
      0.002058395006951558
    ],
    [
      -0.0766925411731201,
      -0.07720254577914136,
      -0.09773448129809575,
      0.016908514570204956,
      0.030486800794244477,
      0.03127056657471666,
      0.004125896777293843,
      0.018236054656060575,
      1.0,
      0.004520911557575788,
      -0.07905325254689219
    ],
    [
      0.3227488802164327,
      0.09949404862011633,
      0.27120824411024097,
      -0.07009686797786147,
      -0.002085139769697226,
      0.08374355862610812,
      -0.025677576220158274,
      0.012771842474345362,
      0.004520911557575788,
      1.0,
      0.1352264394240973
    ],
    [
      -0.13852060564759922,
      0.4745337567551364,
      0.5248673231800253,
      -0.011034387941058148,
      -0.0007879335073807445,
      0.007802275872007162,
      -0.022493968380035794,
      0.002058395006951558,
      -0.07905325254689219,
      0.13522643942409732,
      0.9999999999999998
    ]
  ],
  "diagnostics": {
    "runtime": {
      "preprocess_s": 0.028,
      "gwosc_fetch_s": 4.2,
      "encode_s": 0.005,
      "sampling_s": 1.629,
      "total_s": 5.861
    },
    "memory": {
      "rss_mb": 4605.6,
      "mps_allocated_mb": 125.4
    },
    "n_effective": 3000,
    "boundary_railing_frac": 0.0373,
    "log_prob": {
      "median": -17.778440475463867,
      "max": 30.030105590820312
    },
    "ood_flags": [
      "V1: no data \u2014 filled with unit white noise (posterior uses remaining detectors only)"
    ],
    "context_ood": {
      "mahalanobis": 10.15,
      "percentile_vs_validation": 89.3
    },
    "verdict": {
      "confidence": "HIGH",
      "reasons": [
        "V1: no data \u2014 filled with unit white noise (posterior uses remaining detectors only)"
      ]
    },
    "refinement": {
      "refine": true,
      "refine_global": true,
      "untrusted_params": [],
      "strong_indicators": [
        "chirp-mass posterior uninformative (90% width 237% of median)"
      ],
      "moderate_indicators": [
        "V1: no data \u2014 filled with unit white noise (posterior uses remaining detectors only)"
      ],
      "indicators": {
        "confidence": "HIGH",
        "ood_percentile": 89.3,
        "bias_region": {
          "q_in_attractor": false,
          "cell": {
            "mc": 10,
            "q": 0.4,
            "theta_jn": 1.57
          },
          "m1_bias": 1.22,
          "dl_bias": 1.64,
          "severe_mass_bias": false
        },
        "mc_width_frac": 2.367,
        "railing_frac": 0.0373
      },
      "recommendation": "run sampler refinement (compare_to_dynesty) before quoting these posteriors"
    }
  },
  "config": {
    "model_path": "model/lean_v8_psdcond_ft/best_model.pth",
    "model_epoch": 25,
    "model_val_nll": -1.1877927356399596,
    "premerger": false,
    "psd_cond": true,
    "device": "mps",
    "num_samples": 3000,
    "rank": 0,
    "seed": 0,
    "event": "GW151226",
    "event_type": "BBH",
    "source": "real",
    "detectors_present": [
      "H1",
      "L1"
    ]
  },
  "reproducibility": {
    "git_commit": "995121aff136ae38385b8720269d5a16cb7438f5",
    "model_path": "model/lean_v8_psdcond_ft/best_model.pth",
    "model_epoch": 25,
    "model_val_nll": -1.1877927356399596,
    "premerger": false
  },
  "preprocessing": {
    "source": "real",
    "detectors_present": [
      "H1",
      "L1"
    ],
    "warnings": [
      "V1: no data \u2014 filled with unit white noise (posterior uses remaining detectors only)"
    ],
    "quality": {
      "H1": {
        "finite": true,
        "std": 0.9907671213150024,
        "max_abs": 4.321092128753662,
        "excess_kurtosis": -0.0051190853118896484,
        "repeated_frac": 0.0,
        "whitening_norm": 45.69708645162901
      },
      "L1": {
        "finite": true,
        "std": 1.0031466484069824,
        "max_abs": 4.014796733856201,
        "excess_kurtosis": -0.035155534744262695,
        "repeated_frac": 0.0,
        "whitening_norm": 45.946058344444324
      }
    },
    "timings": {
      "preprocess_s": 0.028,
      "gwosc_fetch_s": 4.2
    }
  }
}