{
  "param_names": [
    "mass_1",
    "mass_2",
    "luminosity_distance",
    "ra",
    "dec",
    "theta_jn",
    "psi",
    "phase",
    "geocent_time",
    "a1",
    "a2"
  ],
  "trigger_gps": 1180922494.5,
  "truth": null,
  "summary": {
    "n_samples": 3000,
    "trigger_gps": 1180922494.5,
    "parameters": [
      {
        "param": "mass_1",
        "median": 25.46279239654541,
        "mean": 34.567533896009124,
        "map": 1.5010727643966675,
        "std": 22.53713436757147,
        "ci50%": [
          17.882142543792725,
          47.68292236328125
        ],
        "ci68%": [
          16.17917999267578,
          60.37820205688483
        ],
        "ci90%": [
          12.77723970413208,
          81.99124183654784
        ],
        "ci95%": [
          7.692421925067904,
          88.90300064086914
        ]
      },
      {
        "param": "mass_2",
        "median": 7.956469535827637,
        "mean": 7.825446258147558,
        "map": 1.206471562385559,
        "std": 5.29301000302332,
        "ci50%": [
          2.350040853023529,
          10.895371437072754
        ],
        "ci68%": [
          2.0357199001312254,
          12.247711868286135
        ],
        "ci90%": [
          1.3710540235042572,
          15.291786718368524
        ],
        "ci95%": [
          1.1580329298973084,
          17.366104269027712
        ]
      },
      {
        "param": "luminosity_distance",
        "median": 722.4748840332031,
        "mean": 797.8009922981262,
        "map": 151.5449981689453,
        "std": 383.3054944437386,
        "ci50%": [
          515.4571533203125,
          1040.5675048828125
        ],
        "ci68%": [
          439.3898205566406,
          1197.3342333984376
        ],
        "ci90%": [
          282.97819976806636,
          1489.3490783691404
        ],
        "ci95%": [
          207.03214645385742,
          1683.9422515869142
        ]
      },
      {
        "param": "ra",
        "median": 3.603379726409912,
        "mean": 3.433682963384626,
        "map": 4.218933582305908,
        "std": 1.8062710873050958,
        "ci50%": [
          1.8756731450557709,
          5.097784638404846
        ],
        "ci68%": [
          1.3289621877670288,
          5.445074977874756
        ],
        "ci90%": [
          0.3997642636299131,
          5.934164595603943
        ],
        "ci95%": [
          0.17193388156592865,
          6.084378910064697
        ]
      },
      {
        "param": "dec",
        "median": -0.01516878604888916,
        "mean": -0.0036896210710207623,
        "map": 0.7807115316390991,
        "std": 0.7498655825090155,
        "ci50%": [
          -0.6351389735937119,
          0.636324942111969
        ],
        "ci68%": [
          -0.8525113844871521,
          0.8400214910507203
        ],
        "ci90%": [
          -1.2034771263599395,
          1.1908188104629516
        ],
        "ci95%": [
          -1.276445698738098,
          1.2953738391399385
        ]
      },
      {
        "param": "theta_jn",
        "median": 1.55223947763443,
        "mean": 1.60089072342021,
        "map": 2.589543104171753,
        "std": 0.8713939985686935,
        "ci50%": [
          0.812535434961319,
          2.4213827252388
        ],
        "ci68%": [
          0.633977129459381,
          2.608232536315918
        ],
        "ci90%": [
          0.310454125702381,
          2.8703560948371885
        ],
        "ci95%": [
          0.20448902286589152,
          2.928014820814133
        ]
      },
      {
        "param": "psi",
        "median": 1.7531192302703857,
        "mean": 1.6720909712418603,
        "map": 1.8946151733398438,
        "std": 0.8597558865606636,
        "ci50%": [
          0.9677606970071793,
          2.4023478627204895
        ],
        "ci68%": [
          0.6593533325195312,
          2.607914295196533
        ],
        "ci90%": [
          0.23249228969216346,
          2.9648043155670165
        ],
        "ci95%": [
          0.0997770478948952,
          3.045203793048859
        ]
      },
      {
        "param": "phase",
        "median": 3.176878333091736,
        "mean": 3.1939462644541248,
        "map": 6.204769134521484,
        "std": 1.7674207693201656,
        "ci50%": [
          1.7151189744472504,
          4.593936562538147
        ],
        "ci68%": [
          1.154258489608764,
          5.355556049346925
        ],
        "ci90%": [
          0.4132974833250046,
          6.014885568618774
        ],
        "ci95%": [
          0.19251853302121202,
          6.176692044734955
        ]
      },
      {
        "param": "geocent_time",
        "median": -0.04122978448867798,
        "mean": -0.04873586972554525,
        "map": -0.713735044002533,
        "std": 0.24415241463788637,
        "ci50%": [
          -0.061529070138931274,
          -0.020225703716278076
        ],
        "ci68%": [
          -0.07287898540496826,
          -0.0069916248321532926
        ],
        "ci90%": [
          -0.13053275942802434,
          0.05635507106780996
        ],
        "ci95%": [
          -0.6847116068005555,
          0.26363928020000504
        ]
      },
      {
        "param": "a1",
        "median": 0.533061683177948,
        "mean": 0.5096292303005854,
        "map": 0.010020554065704346,
        "std": 0.2993842696805644,
        "ci50%": [
          0.24291690438985825,
          0.7793039679527283
        ],
        "ci68%": [
          0.13913763761520387,
          0.8499161982536316
        ],
        "ci90%": [
          0.03505313992500304,
          0.9470393419265746
        ],
        "ci95%": [
          0.016194428503513346,
          0.968289515376091
        ]
      },
      {
        "param": "a2",
        "median": 0.3379421830177307,
        "mean": 0.36792480688293777,
        "map": 0.005660980939865112,
        "std": 0.31932016827043536,
        "ci50%": [
          0.036918871104717255,
          0.6442665010690689
        ],
        "ci68%": [
          0.024371069669723504,
          0.7560899472236635
        ],
        "ci90%": [
          0.006379719078540799,
          0.9089462786912917
        ],
        "ci95%": [
          0.0032999396324157764,
          0.9492340907454491
        ]
      }
    ],
    "diagnostics": {
      "runtime": {
        "preprocess_s": 0.056,
        "gwosc_fetch_s": 4.61,
        "encode_s": 0.006,
        "sampling_s": 1.635,
        "total_s": 6.302
      },
      "memory": {
        "rss_mb": 4605.6,
        "mps_allocated_mb": 125.4
      },
      "n_effective": 3000,
      "boundary_railing_frac": 0.0307,
      "log_prob": {
        "median": -15.660101413726807,
        "max": -6.049950122833252
      },
      "ood_flags": [
        "V1: no data \u2014 filled with unit white noise (posterior uses remaining detectors only)"
      ],
      "context_ood": {
        "mahalanobis": 9.63,
        "percentile_vs_validation": 86.1
      },
      "verdict": {
        "confidence": "HIGH",
        "reasons": [
          "V1: no data \u2014 filled with unit white noise (posterior uses remaining detectors only)"
        ]
      },
      "refinement": {
        "refine": true,
        "refine_global": true,
        "untrusted_params": [
          "mass_1",
          "mass_2"
        ],
        "strong_indicators": [
          "chirp-mass posterior uninformative (90% width 102% of median)"
        ],
        "moderate_indicators": [
          "V1: no data \u2014 filled with unit white noise (posterior uses remaining detectors only)"
        ],
        "indicators": {
          "confidence": "HIGH",
          "ood_percentile": 86.1,
          "bias_region": {
            "q_in_attractor": true,
            "cell": {
              "mc": 10,
              "q": 0.4,
              "theta_jn": 1.57
            },
            "m1_bias": 1.22,
            "dl_bias": 1.64,
            "severe_mass_bias": false
          },
          "mc_width_frac": 1.025,
          "railing_frac": 0.0307
        },
        "recommendation": "run sampler refinement (compare_to_dynesty) before quoting these posteriors"
      }
    }
  },
  "covariance": [
    [
      508.09178943178097,
      -52.32112889064009,
      -1544.0783133207583,
      -1.058220972459571,
      0.43191601880941327,
      -0.21695138034052922,
      -0.8539250907895448,
      0.6154984124036131,
      -0.2904795217014634,
      1.983386850686796,
      -3.1271508242439414
    ],
    [
      -52.32112889064009,
      28.025296657657385,
      1150.215638486486,
      -0.02110505138572814,
      -0.062500652017256,
      0.017065735459704762,
      -0.086589951619985,
      -0.11885164791143636,
      -0.012294135388577564,
      0.003943124987951934,
      0.7579183199039294
    ],
    [
      -1544.0783133207583,
      1150.215638486486,
      146972.09276834855,
      12.70482178992202,
      -9.130107278630394,
      18.218182735345557,
      -12.175336525092694,
      32.227795139937946,
      -0.4271866240065551,
      24.512679219467458,
      49.121590293648985
    ],
    [
      -1.058220972459571,
      -0.02110505138572814,
      12.70482178992202,
      3.2637031418816336,
      0.07910652623235598,
      -0.009039694405129193,
      0.07607450547567927,
      -0.14826376264984464,
      0.009225473586990753,
      -0.045977262006146796,
      0.009071335850971717
    ],
    [
      0.43191601880941327,
      -0.062500652017256,
      -9.130107278630394,
      0.07910652623235598,
      0.5624858871272936,
      0.029587324839195395,
      0.03994771576820651,
      0.009290388726191088,
      0.008488025644066557,
      0.004528322350634704,
      0.0037862661488959797
    ],
    [
      -0.21695138034052922,
      0.017065735459704762,
      18.218182735345557,
      -0.009039694405129193,
      0.029587324839195395,
      0.759580694306305,
      -0.02644612852898477,
      -0.0643749891530769,
      0.0072985063412230955,
      0.025756170187318975,
      0.01118507146476352
    ],
    [
      -0.8539250907895448,
      -0.086589951619985,
      -12.175336525092694,
      0.07607450547567927,
      0.03994771576820651,
      -0.02644612852898477,
      0.7394266600290552,
      0.08089812636370415,
      0.00241715983613249,
      -0.0022192890964848324,
      0.008870489277115928
    ],
    [
      0.6154984124036131,
      -0.11885164791143636,
      32.227795139937946,
      -0.14826376264984464,
      0.009290388726191088,
      -0.0643749891530769,
      0.08089812636370415,
      3.124817781751533,
      0.0021333814934147203,
      0.0013455004579120916,
      -0.015908397783709977
    ],
    [
      -0.2904795217014634,
      -0.012294135388577564,
      -0.4271866240065551,
      0.009225473586990753,
      0.008488025644066557,
      0.0072985063412230955,
      0.00241715983613249,
      0.0021333814934147203,
      0.05963027833295472,
      0.0019893879664987153,
      -0.003679726089409217
    ],
    [
      1.983386850686796,
      0.003943124987951934,
      24.512679219467458,
      -0.045977262006146796,
      0.004528322350634704,
      0.025756170187318975,
      -0.0022192890964848324,
      0.0013455004579120916,
      0.0019893879664987153,
      0.08966082787478968,
      0.002906528505709651
    ],
    [
      -3.1271508242439414,
      0.7579183199039294,
      49.121590293648985,
      0.009071335850971717,
      0.0037862661488959797,
      0.01118507146476352,
      0.008870489277115928,
      -0.015908397783709977,
      -0.003679726089409217,
      0.002906528505709651,
      0.10199936965414386
    ]
  ],
  "correlation": [
    [
      1.0,
      -0.4384609375295579,
      -0.1786819962222981,
      -0.025986629293857862,
      0.02554891183895694,
      -0.011043439852226668,
      -0.04405560134501433,
      0.015446977001705864,
      -0.052772906527413295,
      0.29385627489129695,
      -0.43438917653581877
    ],
    [
      -0.4384609375295579,
      1.0,
      0.5667437241881694,
      -0.0022067644542634376,
      -0.015741772206172275,
      0.0036988178173916315,
      -0.01902150322612389,
      -0.012700410251046694,
      -0.00951019592087972,
      0.002487505570156936,
      0.44827916210949853
    ],
    [
      -0.17868199622229813,
      0.5667437241881694,
      1.0,
      0.018344074846002506,
      -0.03175430604846386,
      0.054525625422993114,
      -0.03693311873985169,
      0.047555505950775755,
      -0.004563171467747145,
      0.2135364264740223,
      0.4011956684158205
    ],
    [
      -0.025986629293857862,
      -0.002206764454263438,
      0.018344074846002506,
      1.0,
      0.05838498513703635,
      -0.005741316188525156,
      0.04897069420776693,
      -0.04642664963375589,
      0.02091220977501787,
      -0.08499363587053844,
      0.015722339774365116
    ],
    [
      0.02554891183895694,
      -0.015741772206172275,
      -0.03175430604846386,
      0.05838498513703635,
      0.9999999999999999,
      0.04526504178737102,
      0.061942479171185914,
      0.007007542206034892,
      0.046346554097842795,
      0.020164160575564017,
      0.015807259375579866
    ],
    [
      -0.01104343985222667,
      0.003698817817391632,
      0.05452562542299311,
      -0.005741316188525156,
      0.04526504178737102,
      1.0,
      -0.03528804452552261,
      -0.041784755107034735,
      0.03429364220407729,
      0.09869450081430593,
      0.04018399029913264
    ],
    [
      -0.04405560134501433,
      -0.01902150322612389,
      -0.03693311873985169,
      0.04897069420776693,
      0.06194247917118591,
      -0.035288044525522616,
      0.9999999999999999,
      0.05322045242151328,
      0.011511300695188569,
      -0.00861916023683834,
      0.03229990751448949
    ],
    [
      0.015446977001705864,
      -0.012700410251046693,
      0.047555505950775755,
      -0.04642664963375589,
      0.007007542206034892,
      -0.04178475510703473,
      0.05322045242151328,
      1.0,
      0.004942227768120767,
      0.002541968292115905,
      -0.028178336380507225
    ],
    [
      -0.052772906527413295,
      -0.00951019592087972,
      -0.004563171467747144,
      0.020912209775017867,
      0.046346554097842795,
      0.03429364220407729,
      0.011511300695188569,
      0.004942227768120767,
      1.0,
      0.027207253060940455,
      -0.047182758699507145
    ],
    [
      0.293856274891297,
      0.0024875055701569365,
      0.2135364264740223,
      -0.08499363587053844,
      0.020164160575564017,
      0.09869450081430592,
      -0.00861916023683834,
      0.0025419682921159047,
      0.02720725306094045,
      1.0,
      0.03039306300890432
    ],
    [
      -0.4343891765358187,
      0.4482791621094985,
      0.40119566841582055,
      0.015722339774365116,
      0.015807259375579866,
      0.04018399029913264,
      0.03229990751448949,
      -0.028178336380507225,
      -0.04718275869950714,
      0.030393063008904313,
      0.9999999999999998
    ]
  ],
  "diagnostics": {
    "runtime": {
      "preprocess_s": 0.056,
      "gwosc_fetch_s": 4.61,
      "encode_s": 0.006,
      "sampling_s": 1.635,
      "total_s": 6.302
    },
    "memory": {
      "rss_mb": 4605.6,
      "mps_allocated_mb": 125.4
    },
    "n_effective": 3000,
    "boundary_railing_frac": 0.0307,
    "log_prob": {
      "median": -15.660101413726807,
      "max": -6.049950122833252
    },
    "ood_flags": [
      "V1: no data \u2014 filled with unit white noise (posterior uses remaining detectors only)"
    ],
    "context_ood": {
      "mahalanobis": 9.63,
      "percentile_vs_validation": 86.1
    },
    "verdict": {
      "confidence": "HIGH",
      "reasons": [
        "V1: no data \u2014 filled with unit white noise (posterior uses remaining detectors only)"
      ]
    },
    "refinement": {
      "refine": true,
      "refine_global": true,
      "untrusted_params": [
        "mass_1",
        "mass_2"
      ],
      "strong_indicators": [
        "chirp-mass posterior uninformative (90% width 102% of median)"
      ],
      "moderate_indicators": [
        "V1: no data \u2014 filled with unit white noise (posterior uses remaining detectors only)"
      ],
      "indicators": {
        "confidence": "HIGH",
        "ood_percentile": 86.1,
        "bias_region": {
          "q_in_attractor": true,
          "cell": {
            "mc": 10,
            "q": 0.4,
            "theta_jn": 1.57
          },
          "m1_bias": 1.22,
          "dl_bias": 1.64,
          "severe_mass_bias": false
        },
        "mc_width_frac": 1.025,
        "railing_frac": 0.0307
      },
      "recommendation": "run sampler refinement (compare_to_dynesty) before quoting these posteriors"
    }
  },
  "config": {
    "model_path": "model/lean_v8_psdcond_ft/best_model.pth",
    "model_epoch": 25,
    "model_val_nll": -1.1877927356399596,
    "premerger": false,
    "psd_cond": true,
    "device": "mps",
    "num_samples": 3000,
    "rank": 0,
    "seed": 0,
    "event": "GW170608",
    "event_type": "BBH",
    "source": "real",
    "detectors_present": [
      "H1",
      "L1"
    ]
  },
  "reproducibility": {
    "git_commit": "995121aff136ae38385b8720269d5a16cb7438f5",
    "model_path": "model/lean_v8_psdcond_ft/best_model.pth",
    "model_epoch": 25,
    "model_val_nll": -1.1877927356399596,
    "premerger": false
  },
  "preprocessing": {
    "source": "real",
    "detectors_present": [
      "H1",
      "L1"
    ],
    "warnings": [
      "V1: no data \u2014 filled with unit white noise (posterior uses remaining detectors only)"
    ],
    "quality": {
      "H1": {
        "finite": true,
        "std": 0.8632428050041199,
        "max_abs": 3.48296856880188,
        "excess_kurtosis": 0.014204978942871094,
        "repeated_frac": 0.0,
        "whitening_norm": 52.34717436448604
      },
      "L1": {
        "finite": true,
        "std": 1.0091745853424072,
        "max_abs": 4.596554279327393,
        "excess_kurtosis": 0.09437704086303711,
        "repeated_frac": 0.0,
        "whitening_norm": 45.724966924896336
      }
    },
    "timings": {
      "preprocess_s": 0.056,
      "gwosc_fetch_s": 4.61
    }
  }
}