{
  "param_names": [
    "mass_1",
    "mass_2",
    "luminosity_distance",
    "ra",
    "dec",
    "theta_jn",
    "psi",
    "phase",
    "geocent_time",
    "a1",
    "a2"
  ],
  "trigger_gps": 1185389807.3,
  "truth": null,
  "summary": {
    "n_samples": 3000,
    "trigger_gps": 1185389807.3,
    "parameters": [
      {
        "param": "mass_1",
        "median": 76.62120819091797,
        "mean": 73.94295858355363,
        "map": 1.3449596166610718,
        "std": 19.364178704094307,
        "ci50%": [
          65.30454063415527,
          88.12418937683105
        ],
        "ci68%": [
          58.60435806274414,
          92.03671020507814
        ],
        "ci90%": [
          35.64693984985352,
          97.6671875
        ],
        "ci95%": [
          20.972791862487806,
          100.89033088684081
        ]
      },
      {
        "param": "mass_2",
        "median": 38.246992111206055,
        "mean": 39.052120177467664,
        "map": 1.052138090133667,
        "std": 18.324772405194526,
        "ci50%": [
          26.73836040496826,
          51.21256637573242
        ],
        "ci68%": [
          21.347342605590818,
          58.37913803100587
        ],
        "ci90%": [
          9.115259552001948,
          69.3171890258789
        ],
        "ci95%": [
          2.0326675474643716,
          76.58670635223389
        ]
      },
      {
        "param": "luminosity_distance",
        "median": 1225.735595703125,
        "mean": 1225.4464214248658,
        "map": 40.76279830932617,
        "std": 475.0305874640957,
        "ci50%": [
          893.1611938476562,
          1590.1787719726562
        ],
        "ci68%": [
          759.3681420898438,
          1758.8547509765626
        ],
        "ci90%": [
          385.1709045410154,
          1964.545684814453
        ],
        "ci95%": [
          217.13048896789564,
          2028.162905883789
        ]
      },
      {
        "param": "ra",
        "median": 4.207617998123169,
        "mean": 3.7294790038048133,
        "map": 5.219141960144043,
        "std": 1.7953159228344395,
        "ci50%": [
          2.191132962703705,
          5.2911295890808105
        ],
        "ci68%": [
          1.5534066438674923,
          5.583217124938965
        ],
        "ci90%": [
          0.46107029616832723,
          6.001460003852844
        ],
        "ci95%": [
          0.24320537075400375,
          6.1140921235084535
        ]
      },
      {
        "param": "dec",
        "median": -0.01505732536315918,
        "mean": -0.05479168105125427,
        "map": -0.46573972702026367,
        "std": 0.6606596103385604,
        "ci50%": [
          -0.5603707730770111,
          0.4985101819038391
        ],
        "ci68%": [
          -0.8039626359939576,
          0.6681906938552861
        ],
        "ci90%": [
          -1.1607018411159515,
          0.9483407735824585
        ],
        "ci95%": [
          -1.2667881846427913,
          1.0766371548175813
        ]
      },
      {
        "param": "theta_jn",
        "median": 1.355969488620758,
        "mean": 1.3677484508029496,
        "map": 1.444932222366333,
        "std": 0.5533661667856932,
        "ci50%": [
          1.0347790718078613,
          1.706372320652008
        ],
        "ci68%": [
          0.8405547237396239,
          1.8999649906158451
        ],
        "ci90%": [
          0.41650189012289035,
          2.307151079177856
        ],
        "ci95%": [
          0.2109358742833143,
          2.5252996742725373
        ]
      },
      {
        "param": "psi",
        "median": 1.5088456273078918,
        "mean": 1.5191154371424054,
        "map": 1.303584098815918,
        "std": 0.9691051011084671,
        "ci50%": [
          0.6347857415676117,
          2.406834363937378
        ],
        "ci68%": [
          0.3769063472747803,
          2.661944732666016
        ],
        "ci90%": [
          0.07174988761544222,
          3.02889164686203
        ],
        "ci95%": [
          0.030631846748292453,
          3.103148239850998
        ]
      },
      {
        "param": "phase",
        "median": 2.79021954536438,
        "mean": 2.904629304603732,
        "map": 1.7670680284500122,
        "std": 1.808480724179703,
        "ci50%": [
          1.3065820336341858,
          4.468485236167908
        ],
        "ci68%": [
          0.8379691576957702,
          5.059951553344727
        ],
        "ci90%": [
          0.23602019399404525,
          5.8653212547302225
        ],
        "ci95%": [
          0.11104953512549406,
          6.1186964392662055
        ]
      },
      {
        "param": "geocent_time",
        "median": 0.006968975067138672,
        "mean": -0.006643763919671377,
        "map": -0.11681115627288818,
        "std": 0.1835211382310319,
        "ci50%": [
          -0.016618430614471436,
          0.030254632234573364
        ],
        "ci68%": [
          -0.029116144180297853,
          0.041114215850830076
        ],
        "ci90%": [
          -0.08550449609756472,
          0.07874939441680906
        ],
        "ci95%": [
          -0.20819236338138522,
          0.10772483348846439
        ]
      },
      {
        "param": "a1",
        "median": 0.14134274423122406,
        "mean": 0.21722711040576298,
        "map": 0.020348668098449707,
        "std": 0.21942850615359433,
        "ci50%": [
          0.03847552090883255,
          0.3479405492544174
        ],
        "ci68%": [
          0.022152385711669918,
          0.45819600820541384
        ],
        "ci90%": [
          0.009401361644268035,
          0.6670051991939543
        ],
        "ci95%": [
          0.005585479736328126,
          0.7883997783064843
        ]
      },
      {
        "param": "a2",
        "median": 0.3800906836986542,
        "mean": 0.4144485462605953,
        "map": 0.017491072416305542,
        "std": 0.2971421231207883,
        "ci50%": [
          0.146139495074749,
          0.6556064486503601
        ],
        "ci68%": [
          0.06977282762527462,
          0.7772594189643861
        ],
        "ci90%": [
          0.009350833296775815,
          0.9280248582363128
        ],
        "ci95%": [
          0.0039269737899303445,
          0.9579265400767326
        ]
      }
    ],
    "diagnostics": {
      "runtime": {
        "preprocess_s": 0.095,
        "gwosc_fetch_s": 6.5,
        "encode_s": 0.018,
        "sampling_s": 5.2,
        "total_s": 11.814
      },
      "memory": {
        "rss_mb": 1725.1,
        "mps_allocated_mb": 138.1
      },
      "n_effective": 3000,
      "boundary_railing_frac": 0.048,
      "log_prob": {
        "median": -18.4737548828125,
        "max": -4.931872367858887
      },
      "ood_flags": [],
      "context_ood": {
        "mahalanobis": 22.71,
        "percentile_vs_validation": 100.0
      },
      "verdict": {
        "confidence": "LOW",
        "reasons": [
          "context farther from training than ALL validation events (Mahalanobis 22.71)"
        ]
      },
      "refinement": {
        "refine": true,
        "refine_global": true,
        "untrusted_params": [
          "mass_1",
          "mass_2"
        ],
        "strong_indicators": [
          "confidence LOW: context farther from training than ALL validation events (Mahalanobis 22.71)",
          "context beyond all validation events (Mahalanobis 22.71)",
          "chirp-mass posterior uninformative (90% width 108% of median)"
        ],
        "moderate_indicators": [],
        "indicators": {
          "confidence": "LOW",
          "ood_percentile": 100.0,
          "bias_region": {
            "q_in_attractor": true,
            "cell": {
              "mc": 45,
              "q": 0.4,
              "theta_jn": 1.57
            },
            "m1_bias": 1.02,
            "dl_bias": 1.92,
            "severe_mass_bias": false
          },
          "mc_width_frac": 1.085,
          "railing_frac": 0.048
        },
        "recommendation": "run sampler refinement (compare_to_dynesty) before quoting these posteriors"
      }
    }
  },
  "covariance": [
    [
      375.0964490337773,
      87.47614302830421,
      2516.5826399422826,
      -2.186763670101002,
      -0.431450311129113,
      0.7782277944972663,
      0.6601477037620562,
      3.5143814615003484,
      -0.27439535172820956,
      0.6813461172576355,
      1.3505675658191458
    ],
    [
      87.47614302830421,
      335.90925345332965,
      4336.418080549298,
      -1.1155377926677572,
      0.19865708583829103,
      -0.2100574791671361,
      -0.5009307825164909,
      -0.4831105923638635,
      0.11839052652406035,
      0.9553969680805259,
      1.4702890186974187
    ],
    [
      2516.5826399422826,
      4336.418080549298,
      225729.30212719314,
      13.491170811901528,
      -2.7699835105201904,
      -23.765064433144254,
      8.498492036159515,
      32.67054171857711,
      3.5835083290055905,
      17.87382417688167,
      33.50882529172113
    ],
    [
      -2.186763670101002,
      -1.1155377926677572,
      13.491170811901528,
      3.2242340074520257,
      0.04188419333720056,
      0.013682694656832842,
      0.17835509080170678,
      0.18115222329004366,
      0.018657856818225516,
      0.00581396516139736,
      -0.016944916635992433
    ],
    [
      -0.431450311129113,
      0.19865708583829103,
      -2.7699835105201904,
      0.04188419333720056,
      0.4366166596192389,
      -0.008915703220278775,
      -0.03304562996253256,
      0.057892329039222694,
      0.006881739866846804,
      -0.004322142097181535,
      0.019896791583552176
    ],
    [
      0.7782277944972663,
      -0.2100574791671361,
      -23.765064433144254,
      0.013682694656832842,
      -0.008915703220278775,
      0.3063162199497411,
      -0.01793436858110839,
      0.019061943548517098,
      0.0015343533806122817,
      3.7056244416828684e-06,
      -0.0014352517343554402
    ],
    [
      0.6601477037620562,
      -0.5009307825164909,
      8.498492036159515,
      0.17835509080170678,
      -0.03304562996253256,
      -0.01793436858110839,
      0.9394778562798762,
      0.08028059309529562,
      -0.0013280719063516599,
      0.0015830900968620536,
      -0.006509737684839687
    ],
    [
      3.5143814615003484,
      -0.4831105923638635,
      32.67054171857711,
      0.18115222329004366,
      0.057892329039222694,
      0.019061943548517098,
      0.08028059309529562,
      3.271693094094254,
      -0.013966742990387231,
      -0.003921162829213857,
      -0.018973595255386676
    ],
    [
      -0.27439535172820956,
      0.11839052652406035,
      3.5835083290055905,
      0.018657856818225516,
      0.006881739866846804,
      0.0015343533806122817,
      -0.0013280719063516599,
      -0.013966742990387231,
      0.03369123859047702,
      -0.0012748653104907232,
      0.0012277470120719155
    ],
    [
      0.6813461172576355,
      0.9553969680805259,
      17.87382417688167,
      0.00581396516139736,
      -0.004322142097181535,
      3.7056244416828684e-06,
      0.0015830900968620536,
      -0.003921162829213857,
      -0.0012748653104907232,
      0.04816492428756056,
      0.004695073297420984
    ],
    [
      1.3505675658191458,
      1.4702890186974187,
      33.50882529172113,
      -0.016944916635992433,
      0.019896791583552176,
      -0.0014352517343554402,
      -0.006509737684839687,
      -0.018973595255386676,
      0.0012277470120719155,
      0.004695073297420984,
      0.08832288229349429
    ]
  ],
  "correlation": [
    [
      0.9999999999999998,
      0.24643771071053613,
      0.2734927074384928,
      -0.0628806607368422,
      -0.03371391276657591,
      0.07260228079081732,
      0.035166274883958716,
      0.10032083639573079,
      -0.07718746626209326,
      0.1602990202744803,
      0.23464333508783464
    ],
    [
      0.2464377107105361,
      1.0,
      0.49799638847114325,
      -0.03389690350412277,
      0.016403741816262616,
      -0.020708191308675548,
      -0.02819833477582742,
      -0.014573011148405085,
      0.03519228609275711,
      0.23752396475432005,
      0.26993246031596935
    ],
    [
      0.2734927074384928,
      0.49799638847114325,
      1.0,
      0.01581402402666202,
      -0.008823340979841585,
      -0.09037743878414116,
      0.018454599654864078,
      0.03801684635307385,
      0.04109187517178773,
      0.17141865022651603,
      0.23731687294035655
    ],
    [
      -0.0628806607368422,
      -0.03389690350412276,
      0.01581402402666202,
      0.9999999999999999,
      0.03530097715254048,
      0.01376807937670986,
      0.10247760304704784,
      0.0557755822559204,
      0.0566095874795598,
      0.014753453999055009,
      -0.03175334944301516
    ],
    [
      -0.03371391276657591,
      0.016403741816262616,
      -0.008823340979841585,
      0.03530097715254048,
      1.0,
      -0.0243792564152484,
      -0.05159654364134113,
      0.048437820316170783,
      0.05674003666274272,
      -0.029804610357553447,
      0.10132025702757262
    ],
    [
      0.07260228079081732,
      -0.020708191308675548,
      -0.09037743878414116,
      0.01376807937670986,
      -0.024379256415248404,
      1.0,
      -0.03343165064913121,
      0.019041269655795213,
      0.01510364985507108,
      3.0507805173828925e-05,
      -0.008725824355843582
    ],
    [
      0.035166274883958716,
      -0.02819833477582742,
      0.018454599654864075,
      0.10247760304704784,
      -0.05159654364134112,
      -0.03343165064913121,
      1.0,
      0.045791094017010994,
      -0.007464828373742929,
      0.007442124260267054,
      -0.02259870734296661
    ],
    [
      0.10032083639573079,
      -0.014573011148405085,
      0.038016846353073855,
      0.0557755822559204,
      0.0484378203161708,
      0.019041269655795213,
      0.04579109401701099,
      0.9999999999999999,
      -0.04206785557652091,
      -0.009877866616394854,
      -0.03529610126254048
    ],
    [
      -0.07718746626209326,
      0.035192286092757104,
      0.04109187517178773,
      0.0566095874795598,
      0.05674003666274272,
      0.01510364985507108,
      -0.007464828373742928,
      -0.042067855576520916,
      1.0,
      -0.031647570383444366,
      0.022506801499241516
    ],
    [
      0.1602990202744803,
      0.23752396475432008,
      0.17141865022651603,
      0.01475345399905501,
      -0.029804610357553447,
      3.0507805173828928e-05,
      0.007442124260267054,
      -0.009877866616394854,
      -0.031647570383444366,
      1.0,
      0.07198471989839876
    ],
    [
      0.2346433350878346,
      0.26993246031596935,
      0.23731687294035655,
      -0.03175334944301516,
      0.10132025702757262,
      -0.008725824355843582,
      -0.02259870734296661,
      -0.03529610126254048,
      0.022506801499241516,
      0.07198471989839877,
      0.9999999999999998
    ]
  ],
  "diagnostics": {
    "runtime": {
      "preprocess_s": 0.095,
      "gwosc_fetch_s": 6.5,
      "encode_s": 0.018,
      "sampling_s": 5.2,
      "total_s": 11.814
    },
    "memory": {
      "rss_mb": 1725.1,
      "mps_allocated_mb": 138.1
    },
    "n_effective": 3000,
    "boundary_railing_frac": 0.048,
    "log_prob": {
      "median": -18.4737548828125,
      "max": -4.931872367858887
    },
    "ood_flags": [],
    "context_ood": {
      "mahalanobis": 22.71,
      "percentile_vs_validation": 100.0
    },
    "verdict": {
      "confidence": "LOW",
      "reasons": [
        "context farther from training than ALL validation events (Mahalanobis 22.71)"
      ]
    },
    "refinement": {
      "refine": true,
      "refine_global": true,
      "untrusted_params": [
        "mass_1",
        "mass_2"
      ],
      "strong_indicators": [
        "confidence LOW: context farther from training than ALL validation events (Mahalanobis 22.71)",
        "context beyond all validation events (Mahalanobis 22.71)",
        "chirp-mass posterior uninformative (90% width 108% of median)"
      ],
      "moderate_indicators": [],
      "indicators": {
        "confidence": "LOW",
        "ood_percentile": 100.0,
        "bias_region": {
          "q_in_attractor": true,
          "cell": {
            "mc": 45,
            "q": 0.4,
            "theta_jn": 1.57
          },
          "m1_bias": 1.02,
          "dl_bias": 1.92,
          "severe_mass_bias": false
        },
        "mc_width_frac": 1.085,
        "railing_frac": 0.048
      },
      "recommendation": "run sampler refinement (compare_to_dynesty) before quoting these posteriors"
    }
  },
  "config": {
    "model_path": "model/long_run/best_model.pth",
    "model_epoch": 18,
    "model_val_nll": 0.941044722834753,
    "premerger": false,
    "psd_cond": true,
    "device": "mps",
    "num_samples": 3000,
    "rank": 0,
    "seed": 0,
    "event": "GW170729",
    "event_type": "BBH",
    "source": "real",
    "detectors_present": [
      "H1",
      "L1",
      "V1"
    ]
  },
  "reproducibility": {
    "git_commit": "995121aff136ae38385b8720269d5a16cb7438f5",
    "model_path": "model/long_run/best_model.pth",
    "model_epoch": 18,
    "model_val_nll": 0.941044722834753,
    "premerger": false
  },
  "preprocessing": {
    "source": "real",
    "detectors_present": [
      "H1",
      "L1",
      "V1"
    ],
    "warnings": [],
    "quality": {
      "H1": {
        "finite": true,
        "std": 0.8325052261352539,
        "max_abs": 3.5362794399261475,
        "excess_kurtosis": -0.0862574577331543,
        "repeated_frac": 0.0,
        "whitening_norm": 55.20578069909997
      },
      "L1": {
        "finite": true,
        "std": 1.0004900693893433,
        "max_abs": 3.766390800476074,
        "excess_kurtosis": -0.02658224105834961,
        "repeated_frac": 0.0,
        "whitening_norm": 45.82605603526463
      },
      "V1": {
        "finite": true,
        "std": 1.0305571556091309,
        "max_abs": 4.923017501831055,
        "excess_kurtosis": 0.22036957740783691,
        "repeated_frac": 0.0,
        "whitening_norm": 46.84303252466765
      }
    },
    "timings": {
      "preprocess_s": 0.095,
      "gwosc_fetch_s": 6.5
    }
  }
}