{
  "param_names": [
    "mass_1",
    "mass_2",
    "luminosity_distance",
    "ra",
    "dec",
    "theta_jn",
    "psi",
    "phase",
    "geocent_time",
    "a1",
    "a2"
  ],
  "trigger_gps": 1126259462.4,
  "truth": null,
  "summary": {
    "n_samples": 3000,
    "trigger_gps": 1126259462.4,
    "parameters": [
      {
        "param": "mass_1",
        "median": 50.444252014160156,
        "mean": 53.24810969408353,
        "map": 30.175708770751953,
        "std": 24.19505361405164,
        "ci50%": [
          30.3909912109375,
          74.01847076416016
        ],
        "ci68%": [
          29.99432014465332,
          82.76715728759767
        ],
        "ci90%": [
          29.320138931274414,
          94.9791862487793
        ],
        "ci95%": [
          28.546073865890506,
          98.69592361450195
        ]
      },
      {
        "param": "mass_2",
        "median": 29.506436347961426,
        "mean": 30.215844356099765,
        "map": 29.961345672607422,
        "std": 12.077100839067002,
        "ci50%": [
          26.323728561401367,
          33.25107288360596
        ],
        "ci68%": [
          21.5182861328125,
          38.74335632324221
        ],
        "ci90%": [
          10.201099205017089,
          52.25534305572505
        ],
        "ci95%": [
          2.1838092625141177,
          58.10487117767336
        ]
      },
      {
        "param": "luminosity_distance",
        "median": 631.5829772949219,
        "mean": 661.0321254119873,
        "map": 776.6370239257812,
        "std": 303.5964538642901,
        "ci50%": [
          493.4017028808594,
          782.9496917724609
        ],
        "ci68%": [
          402.054169921875,
          890.2555981445313
        ],
        "ci90%": [
          224.12357635498043,
          1249.5849182128904
        ],
        "ci95%": [
          129.77534732818617,
          1442.079153442383
        ]
      },
      {
        "param": "ra",
        "median": 5.879105806350708,
        "mean": 4.126829994733174,
        "map": 0.13995420932769775,
        "std": 2.4823143212456933,
        "ci50%": [
          1.3893145024776459,
          6.239492774009705
        ],
        "ci68%": [
          0.7075894427299497,
          6.249312782287598
        ],
        "ci90%": [
          0.05973682031035422,
          6.264274382591248
        ],
        "ci95%": [
          0.02011338658630848,
          6.2722231388092045
        ]
      },
      {
        "param": "dec",
        "median": -0.0037392377853393555,
        "mean": -0.13670520555973054,
        "map": -0.008471488952636719,
        "std": 0.44836701039422616,
        "ci50%": [
          -0.38225507736206055,
          0.0187893807888031
        ],
        "ci68%": [
          -0.6083637118339541,
          0.17987988948822062
        ],
        "ci90%": [
          -1.0162285745143893,
          0.5075609803199768
        ],
        "ci95%": [
          -1.2043985664844512,
          0.6697971284389497
        ]
      },
      {
        "param": "theta_jn",
        "median": 0.536431759595871,
        "mean": 0.7376737348856479,
        "map": 0.003324967110529542,
        "std": 0.7936136689898128,
        "ci50%": [
          0.006036398001015186,
          1.276400089263916
        ],
        "ci68%": [
          0.002189094685018057,
          1.6629085063934328
        ],
        "ci90%": [
          0.0,
          2.2743242025375356
        ],
        "ci95%": [
          0.0,
          2.453928339481354
        ]
      },
      {
        "param": "psi",
        "median": 2.0581612586975098,
        "mean": 1.8512045923507952,
        "map": 0.002895594807341695,
        "std": 1.1996091504039867,
        "ci50%": [
          0.6342348903417587,
          3.1314305663108826
        ],
        "ci68%": [
          0.24924068629741658,
          3.135212802886963
        ],
        "ci90%": [
          0.0032891362556256337,
          3.13927937746048
        ],
        "ci95%": [
          0.0013620891346363359,
          3.140264892578125
        ]
      },
      {
        "param": "phase",
        "median": 3.5156830549240112,
        "mean": 3.3552482765681915,
        "map": 0.005256767850369215,
        "std": 2.3999469128134887,
        "ci50%": [
          0.9113161414861679,
          6.189464569091797
        ],
        "ci68%": [
          0.11467500388622255,
          6.2748610877990725
        ],
        "ci90%": [
          0.003604349307715892,
          6.280468511581421
        ],
        "ci95%": [
          0.0017231958394404504,
          6.2817363977432255
        ]
      },
      {
        "param": "geocent_time",
        "median": 0.011772572994232178,
        "mean": -0.004172056217988332,
        "map": 0.03415966033935547,
        "std": 0.19179951698919484,
        "ci50%": [
          -0.018664270639419556,
          0.04245445132255554
        ],
        "ci68%": [
          -0.04258904933929444,
          0.054012451171875
        ],
        "ci90%": [
          -0.1382014572620392,
          0.09602131247520439
        ],
        "ci95%": [
          -0.3013199299573891,
          0.1800452858209613
        ]
      },
      {
        "param": "a1",
        "median": 0.062419772148132324,
        "mean": 0.2117361912628015,
        "map": 0.0007338225841522217,
        "std": 0.2696476206957392,
        "ci50%": [
          0.0,
          0.38708964735269547
        ],
        "ci68%": [
          0.0,
          0.5184548521041876
        ],
        "ci90%": [
          0.0,
          0.7975566565990447
        ],
        "ci95%": [
          0.0,
          0.8863832145929337
        ]
      },
      {
        "param": "a2",
        "median": 0.08992378413677216,
        "mean": 0.2580803316334883,
        "map": 0.0033037960529327393,
        "std": 0.3082309194055313,
        "ci50%": [
          0.0017961189150810242,
          0.4752267003059387
        ],
        "ci68%": [
          8.306741714477407e-05,
          0.6479470539093021
        ],
        "ci90%": [
          0.0,
          0.8912872701883314
        ],
        "ci95%": [
          0.0,
          0.9405962184071541
        ]
      }
    ],
    "diagnostics": {
      "runtime": {
        "preprocess_s": 0.106,
        "gwosc_fetch_s": 6.73,
        "encode_s": 0.228,
        "sampling_s": 4.443,
        "total_s": 12.086
      },
      "memory": {
        "rss_mb": 1725.1,
        "mps_allocated_mb": 158.9
      },
      "n_effective": 3000,
      "boundary_railing_frac": 0.4047,
      "log_prob": {
        "median": -19.82083034515381,
        "max": 19.52823829650879
      },
      "ood_flags": [
        "V1: no data \u2014 filled with unit white noise (posterior uses remaining detectors only)",
        "40.5% of samples rail at the parameter bounds \u2014 the event may lie outside the training prior (out-of-distribution)"
      ],
      "context_ood": {
        "mahalanobis": 18.25,
        "percentile_vs_validation": 99.8
      },
      "verdict": {
        "confidence": "LOW",
        "reasons": [
          "context in the top 0.2% distance tail",
          "40% of posterior samples rail at prior bounds"
        ]
      },
      "refinement": {
        "refine": true,
        "refine_global": true,
        "untrusted_params": [
          "mass_1",
          "mass_2"
        ],
        "strong_indicators": [
          "confidence LOW: context in the top 0.2% distance tail; 40% of posterior samples rail at prior bounds",
          "chirp-mass posterior uninformative (90% width 118% of median)",
          "40% of samples rail at prior bounds"
        ],
        "moderate_indicators": [
          "context in top 0.2% OOD tail",
          "V1: no data \u2014 filled with unit white noise (posterior uses remaining detectors only)"
        ],
        "indicators": {
          "confidence": "LOW",
          "ood_percentile": 99.8,
          "bias_region": {
            "q_in_attractor": true,
            "cell": {
              "mc": 30,
              "q": 0.7,
              "theta_jn": 0.5
            },
            "m1_bias": 1.27,
            "dl_bias": 0.69,
            "severe_mass_bias": false
          },
          "mc_width_frac": 1.178,
          "railing_frac": 0.4047
        },
        "recommendation": "run sampler refinement (compare_to_dynesty) before quoting these posteriors"
      }
    }
  },
  "covariance": [
    [
      585.595817992832,
      39.62017778724959,
      1466.390213693969,
      -26.404553949213586,
      -2.1717761368585093,
      10.882852608457382,
      -7.485527255477843,
      -4.669014878253651,
      -0.5360747819214815,
      3.933628626492699,
      4.231806144533546
    ],
    [
      39.62017778724959,
      145.90499967688504,
      1785.2455933107603,
      -0.6268787027044743,
      0.10765376857408232,
      -0.03680207159084909,
      -0.4876824639235057,
      -0.8105832139081869,
      0.1359102769308197,
      0.8933200120545939,
      0.9101948569471978
    ],
    [
      1466.390213693969,
      1785.2455933107603,
      92201.54064585386,
      -32.728919241649486,
      -3.344332834704539,
      -19.26752108395985,
      -2.7759022940588576,
      9.14001094514317,
      3.0333221973932845,
      18.04325569603174,
      16.943899882965223
    ],
    [
      -26.404553949213586,
      -0.6268787027044743,
      -32.728919241649486,
      6.163939035806742,
      0.1246048455960131,
      -0.6955840117033203,
      0.7802476523398179,
      0.8669986365173545,
      0.050563404549213715,
      -0.2499902359066609,
      -0.263418568946167
    ],
    [
      -2.1717761368585093,
      0.10765376857408232,
      -3.344332834704539,
      0.1246048455960131,
      0.20110000934630468,
      -0.06855411308257124,
      0.030582715354281458,
      0.10991184724176527,
      0.003428612757100524,
      -0.021521528002725186,
      -0.01709755015304259
    ],
    [
      10.882852608457382,
      -0.03680207159084909,
      -19.26752108395985,
      -0.6955840117033203,
      -0.06855411308257124,
      0.630032666496309,
      -0.2669898694438063,
      -0.20936467759258773,
      -0.010754341687675147,
      0.098511289514287,
      0.11838847501669139
    ],
    [
      -7.485527255477843,
      -0.4876824639235057,
      -2.7759022940588576,
      0.7802476523398179,
      0.030582715354281458,
      -0.2669898694438063,
      1.4395419610533273,
      0.43924176829106987,
      0.009318731630206266,
      -0.07460350919318672,
      -0.09754049677278784
    ],
    [
      -4.669014878253651,
      -0.8105832139081869,
      9.14001094514317,
      0.8669986365173545,
      0.10991184724176527,
      -0.20936467759258773,
      0.43924176829106987,
      5.7616657395695166,
      0.0015435737360547147,
      -0.08100350808972383,
      -0.08853850938137699
    ],
    [
      -0.5360747819214815,
      0.1359102769308197,
      3.0333221973932845,
      0.050563404549213715,
      0.003428612757100524,
      -0.010754341687675147,
      0.009318731630206266,
      0.0015435737360547147,
      0.03679932115767437,
      -0.0035586182322641284,
      -0.0021521649548321303
    ],
    [
      3.933628626492699,
      0.8933200120545939,
      18.04325569603174,
      -0.2499902359066609,
      -0.021521528002725186,
      0.098511289514287,
      -0.07460350919318672,
      -0.08100350808972383,
      -0.0035586182322641284,
      0.07273408404155281,
      0.037167299166968155
    ],
    [
      4.231806144533546,
      0.9101948569471978,
      16.943899882965223,
      -0.263418568946167,
      -0.01709755015304259,
      0.11838847501669139,
      -0.09754049677278784,
      -0.08853850938137699,
      -0.0021521649548321303,
      0.037167299166968155,
      0.09503797900391393
    ]
  ],
  "correlation": [
    [
      1.0,
      0.13554464040651026,
      0.19956366965772784,
      -0.43949170718705455,
      -0.200129001326494,
      0.5665812917418978,
      -0.25781682062719236,
      -0.08038078531980626,
      -0.11547992434173159,
      0.602733576668848,
      0.5672548076373823
    ],
    [
      0.13554464040651026,
      1.0,
      0.4867363642624963,
      -0.020903512151840213,
      0.019874129032760996,
      -0.003838447853665587,
      -0.03365037344002401,
      -0.027956866281741235,
      0.05865395569305469,
      0.2742224389218136,
      0.24442785354764884
    ],
    [
      0.19956366965772782,
      0.4867363642624962,
      1.0,
      -0.04341436049650709,
      -0.024560339080912288,
      -0.07994203879248937,
      -0.0076194377015945365,
      0.01254017499978207,
      0.05207503261296386,
      0.2203316200177826,
      0.18100713378195757
    ],
    [
      -0.43949170718705455,
      -0.02090351215184021,
      -0.0434143604965071,
      1.0,
      0.11191794279433555,
      -0.3529708898335076,
      0.26193355600737894,
      0.14548399473110243,
      0.10616643574443684,
      -0.3733575104530058,
      -0.34416652157075106
    ],
    [
      -0.200129001326494,
      0.019874129032760996,
      -0.024560339080912288,
      0.11191794279433553,
      1.0,
      -0.1925954120515292,
      0.05684049258350214,
      0.10210909614620566,
      0.039855887809828364,
      -0.17795003185091174,
      -0.1236742384404926
    ],
    [
      0.5665812917418978,
      -0.0038384478536655875,
      -0.07994203879248937,
      -0.35297088983350755,
      -0.1925954120515292,
      1.0,
      -0.2803503385056923,
      -0.10988738768593616,
      -0.07062889200825864,
      0.46018820499979574,
      0.483814963667816
    ],
    [
      -0.25781682062719236,
      -0.033650373440024015,
      -0.007619437701594536,
      0.2619335560073789,
      0.05684049258350215,
      -0.2803503385056923,
      1.0,
      0.1525167131434995,
      0.040487851998055754,
      -0.23055688982308595,
      -0.26370854503999874
    ],
    [
      -0.08038078531980626,
      -0.02795686628174123,
      0.01254017499978207,
      0.14548399473110243,
      0.10210909614620566,
      -0.10988738768593617,
      0.1525167131434995,
      1.0,
      0.0033522272118667027,
      -0.12512981745696075,
      -0.11964913966117321
    ],
    [
      -0.1154799243417316,
      0.05865395569305469,
      0.05207503261296386,
      0.10616643574443682,
      0.039855887809828364,
      -0.07062889200825864,
      0.040487851998055754,
      0.0033522272118667023,
      0.9999999999999999,
      -0.06878480475096196,
      -0.03639209481945902
    ],
    [
      0.602733576668848,
      0.2742224389218136,
      0.22033162001778256,
      -0.37335751045300586,
      -0.1779500318509117,
      0.4601882049997958,
      -0.23055688982308595,
      -0.12512981745696078,
      -0.06878480475096196,
      1.0,
      0.4470369487697353
    ],
    [
      0.5672548076373823,
      0.24442785354764887,
      0.18100713378195757,
      -0.34416652157075106,
      -0.1236742384404926,
      0.483814963667816,
      -0.26370854503999874,
      -0.11964913966117323,
      -0.03639209481945902,
      0.4470369487697353,
      1.0
    ]
  ],
  "diagnostics": {
    "runtime": {
      "preprocess_s": 0.106,
      "gwosc_fetch_s": 6.73,
      "encode_s": 0.228,
      "sampling_s": 4.443,
      "total_s": 12.086
    },
    "memory": {
      "rss_mb": 1725.1,
      "mps_allocated_mb": 158.9
    },
    "n_effective": 3000,
    "boundary_railing_frac": 0.4047,
    "log_prob": {
      "median": -19.82083034515381,
      "max": 19.52823829650879
    },
    "ood_flags": [
      "V1: no data \u2014 filled with unit white noise (posterior uses remaining detectors only)",
      "40.5% of samples rail at the parameter bounds \u2014 the event may lie outside the training prior (out-of-distribution)"
    ],
    "context_ood": {
      "mahalanobis": 18.25,
      "percentile_vs_validation": 99.8
    },
    "verdict": {
      "confidence": "LOW",
      "reasons": [
        "context in the top 0.2% distance tail",
        "40% of posterior samples rail at prior bounds"
      ]
    },
    "refinement": {
      "refine": true,
      "refine_global": true,
      "untrusted_params": [
        "mass_1",
        "mass_2"
      ],
      "strong_indicators": [
        "confidence LOW: context in the top 0.2% distance tail; 40% of posterior samples rail at prior bounds",
        "chirp-mass posterior uninformative (90% width 118% of median)",
        "40% of samples rail at prior bounds"
      ],
      "moderate_indicators": [
        "context in top 0.2% OOD tail",
        "V1: no data \u2014 filled with unit white noise (posterior uses remaining detectors only)"
      ],
      "indicators": {
        "confidence": "LOW",
        "ood_percentile": 99.8,
        "bias_region": {
          "q_in_attractor": true,
          "cell": {
            "mc": 30,
            "q": 0.7,
            "theta_jn": 0.5
          },
          "m1_bias": 1.27,
          "dl_bias": 0.69,
          "severe_mass_bias": false
        },
        "mc_width_frac": 1.178,
        "railing_frac": 0.4047
      },
      "recommendation": "run sampler refinement (compare_to_dynesty) before quoting these posteriors"
    }
  },
  "config": {
    "model_path": "model/long_run/best_model.pth",
    "model_epoch": 18,
    "model_val_nll": 0.941044722834753,
    "premerger": false,
    "psd_cond": true,
    "device": "mps",
    "num_samples": 3000,
    "rank": 0,
    "seed": 0,
    "event": "GW150914",
    "event_type": "BBH",
    "source": "real",
    "detectors_present": [
      "H1",
      "L1"
    ]
  },
  "reproducibility": {
    "git_commit": "995121aff136ae38385b8720269d5a16cb7438f5",
    "model_path": "model/long_run/best_model.pth",
    "model_epoch": 18,
    "model_val_nll": 0.941044722834753,
    "premerger": false
  },
  "preprocessing": {
    "source": "real",
    "detectors_present": [
      "H1",
      "L1"
    ],
    "warnings": [
      "V1: no data \u2014 filled with unit white noise (posterior uses remaining detectors only)"
    ],
    "quality": {
      "H1": {
        "finite": true,
        "std": 1.0123380422592163,
        "max_abs": 4.5542802810668945,
        "excess_kurtosis": -0.046918630599975586,
        "repeated_frac": 0.0,
        "whitening_norm": 45.72268702782366
      },
      "L1": {
        "finite": true,
        "std": 0.9647899866104126,
        "max_abs": 3.8245933055877686,
        "excess_kurtosis": 0.05527663230895996,
        "repeated_frac": 0.0,
        "whitening_norm": 47.181583593158
      }
    },
    "timings": {
      "preprocess_s": 0.106,
      "gwosc_fetch_s": 6.73
    }
  }
}