{
  "param_names": [
    "mass_1",
    "mass_2",
    "luminosity_distance",
    "ra",
    "dec",
    "theta_jn",
    "psi",
    "phase",
    "geocent_time",
    "a1",
    "a2"
  ],
  "trigger_gps": 1126259462.4,
  "truth": null,
  "summary": {
    "n_samples": 3000,
    "trigger_gps": 1126259462.4,
    "parameters": [
      {
        "param": "mass_1",
        "median": 30.082189559936523,
        "mean": 44.72862583696842,
        "map": 81.56787109375,
        "std": 20.458580541857067,
        "ci50%": [
          30.03396701812744,
          59.77812576293945
        ],
        "ci68%": [
          30.016881790161133,
          69.19544586181641
        ],
        "ci90%": [
          29.987803649902343,
          84.64209823608398
        ],
        "ci95%": [
          29.972202920913695,
          92.05255107879641
        ]
      },
      {
        "param": "mass_2",
        "median": 29.955985069274902,
        "mean": 33.11557283163071,
        "map": 43.51276779174805,
        "std": 8.40064601632898,
        "ci50%": [
          29.920125007629395,
          35.187124252319336
        ],
        "ci68%": [
          29.896323852539062,
          41.10228515625
        ],
        "ci90%": [
          25.741941547393797,
          50.39962062835693
        ],
        "ci95%": [
          21.363843107223513,
          54.20382947921753
        ]
      },
      {
        "param": "luminosity_distance",
        "median": 736.8744201660156,
        "mean": 880.3935310681661,
        "map": 1191.94775390625,
        "std": 304.7075488456455,
        "ci50%": [
          705.0666198730469,
          1006.5149841308594
        ],
        "ci68%": [
          690.082431640625,
          1212.665107421875
        ],
        "ci90%": [
          657.5322082519531,
          1535.971673583984
        ],
        "ci95%": [
          575.8967910766602,
          1667.3593170166018
        ]
      },
      {
        "param": "ra",
        "median": 6.126401901245117,
        "mean": 4.661324657970378,
        "map": 5.6099162101745605,
        "std": 2.253506009433365,
        "ci50%": [
          3.1124143600463867,
          6.282063961029053
        ],
        "ci68%": [
          1.814906129837034,
          6.2823944091796875
        ],
        "ci90%": [
          0.0004060779887367966,
          6.2829018354415895
        ],
        "ci95%": [
          0.00015785004216013477,
          6.283020031452179
        ]
      },
      {
        "param": "dec",
        "median": -0.0008298754692077637,
        "mean": -0.046407801290353136,
        "map": -0.13328051567077637,
        "std": 0.4131496274218576,
        "ci50%": [
          -0.03364133834838867,
          0.00037863850593566895
        ],
        "ci68%": [
          -0.3063516664505005,
          0.0031822490692138957
        ],
        "ci90%": [
          -0.8512850940227509,
          0.7256869435310364
        ],
        "ci95%": [
          -1.0913648754358292,
          0.9992289721965802
        ]
      },
      {
        "param": "theta_jn",
        "median": 0.0,
        "mean": 0.6441734611077322,
        "map": 0.9926244616508484,
        "std": 0.934095630280475,
        "ci50%": [
          0.0,
          1.1115618348121643
        ],
        "ci68%": [
          0.0,
          2.025730514526369
        ],
        "ci90%": [
          0.0,
          2.6159316778182973
        ],
        "ci95%": [
          0.0,
          2.723625320196152
        ]
      },
      {
        "param": "psi",
        "median": 0.9057258069515228,
        "mean": 1.2489765200469798,
        "map": 2.771270751953125,
        "std": 1.2944306080744061,
        "ci50%": [
          0.00022203585831448436,
          2.646800696849823
        ],
        "ci68%": [
          0.00014641727553680537,
          3.141131582260132
        ],
        "ci90%": [
          5.373239910113625e-05,
          3.14153128862381
        ],
        "ci95%": [
          2.4696398804735565e-05,
          3.1415686666965486
        ]
      },
      {
        "param": "phase",
        "median": 3.621701717376709,
        "mean": 3.293165081522715,
        "map": 5.874369144439697,
        "std": 2.667807750508227,
        "ci50%": [
          0.0014903508126735687,
          6.281801104545593
        ],
        "ci68%": [
          0.0006361001869663596,
          6.28257905960083
        ],
        "ci90%": [
          0.0001897346235637086,
          6.283013939857483
        ],
        "ci95%": [
          8.329504780704165e-05,
          6.283099222183227
        ]
      },
      {
        "param": "geocent_time",
        "median": 0.04026001691818237,
        "mean": 0.017350938061873118,
        "map": 0.028293967247009277,
        "std": 0.15710785137697758,
        "ci50%": [
          0.02352583408355713,
          0.04520055651664734
        ],
        "ci68%": [
          0.012761592864990233,
          0.04716814994812012
        ],
        "ci90%": [
          -0.0076865255832672145,
          0.05112572312355041
        ],
        "ci95%": [
          -0.04795704782009104,
          0.05425285696983338
        ]
      },
      {
        "param": "a1",
        "median": 6.695091724395752e-05,
        "mean": 0.22779594348867735,
        "map": 0.7912247180938721,
        "std": 0.324458179008236,
        "ci50%": [
          4.678964614868164e-06,
          0.4924038201570511
        ],
        "ci68%": [
          0.0,
          0.6679575920104983
        ],
        "ci90%": [
          0.0,
          0.8789049297571181
        ],
        "ci95%": [
          0.0,
          0.9383291289210322
        ]
      },
      {
        "param": "a2",
        "median": 0.00017593801021575928,
        "mean": 0.22052722067634264,
        "map": 0.9869729280471802,
        "std": 0.3169156725507627,
        "ci50%": [
          6.566941738128662e-05,
          0.4518005922436714
        ],
        "ci68%": [
          2.9745101928710908e-05,
          0.6473654246330262
        ],
        "ci90%": [
          0.0,
          0.8718349337577819
        ],
        "ci95%": [
          0.0,
          0.929575651884079
        ]
      }
    ],
    "diagnostics": {
      "runtime": {
        "preprocess_s": 0.07,
        "gwosc_fetch_s": 5.21,
        "encode_s": 0.05,
        "sampling_s": 1.618,
        "total_s": 7.108
      },
      "memory": {
        "rss_mb": 4605.6,
        "mps_allocated_mb": 151.7
      },
      "n_effective": 3000,
      "boundary_railing_frac": 0.6123,
      "log_prob": {
        "median": -49.113534927368164,
        "max": 52.70484161376953
      },
      "ood_flags": [
        "V1: no data \u2014 filled with unit white noise (posterior uses remaining detectors only)",
        "61.2% of samples rail at the parameter bounds \u2014 the event may lie outside the training prior (out-of-distribution)"
      ],
      "context_ood": {
        "mahalanobis": 12.12,
        "percentile_vs_validation": 95.7
      },
      "verdict": {
        "confidence": "LOW",
        "reasons": [
          "61% of posterior samples rail at prior bounds"
        ]
      },
      "refinement": {
        "refine": true,
        "refine_global": true,
        "untrusted_params": [],
        "strong_indicators": [
          "confidence LOW: 61% of posterior samples rail at prior bounds",
          "posterior median in severe mass-bias cell {'mc': 30, 'q': 0.9, 'theta_jn': 0.5} (m1 x1.46)",
          "61% of samples rail at prior bounds"
        ],
        "moderate_indicators": [
          "V1: no data \u2014 filled with unit white noise (posterior uses remaining detectors only)",
          "chirp-mass posterior wide (97% of median)"
        ],
        "indicators": {
          "confidence": "LOW",
          "ood_percentile": 95.7,
          "bias_region": {
            "q_in_attractor": false,
            "cell": {
              "mc": 30,
              "q": 0.9,
              "theta_jn": 0.5
            },
            "m1_bias": 1.46,
            "dl_bias": 1.42,
            "severe_mass_bias": true
          },
          "mc_width_frac": 0.974,
          "railing_frac": 0.6123
        },
        "recommendation": "run sampler refinement (compare_to_dynesty) before quoting these posteriors"
      }
    }
  },
  "covariance": [
    [
      418.6930821483692,
      77.05591706492544,
      4231.183325636805,
      -10.67229882967152,
      -0.20247591805148077,
      14.208999639289365,
      6.744466747389894,
      2.15649797955426,
      -0.31405905066463474,
      5.60992313488552,
      4.98164174962691
    ],
    [
      77.05591706492544,
      70.59438495331516,
      1771.7233749125376,
      -1.7811020603146561,
      0.08064029615286171,
      3.478652461562135,
      1.4551484108551864,
      1.3491370587789107,
      0.19659920109548115,
      1.7666164969701312,
      1.236256771235885
    ],
    [
      4231.183325636805,
      1771.7233749125376,
      92877.64954003463,
      -85.20126874321176,
      -3.0913774133759544,
      162.00370138165334,
      70.31756066283971,
      61.53415210336399,
      2.559261281689975,
      72.0073326277366,
      57.31462798295955
    ],
    [
      -10.67229882967152,
      -1.7811020603146561,
      -85.20126874321176,
      5.079982662106319,
      0.09190891327593691,
      -0.4789152402687038,
      -0.16281373277104233,
      -0.7294414553661989,
      0.04410034074360728,
      -0.1584825082837368,
      -0.15541639590433518
    ],
    [
      -0.20247591805148077,
      0.08064029615286171,
      -3.0913774133759544,
      0.09190891327593691,
      0.17074953114920285,
      -0.02038577171227891,
      -0.01965637452267256,
      -0.0076813746407379604,
      0.0048071498472588075,
      -0.0014933553131268149,
      -0.006293927395698742
    ],
    [
      14.208999639289365,
      3.478652461562135,
      162.00370138165334,
      -0.4789152402687038,
      -0.02038577171227891,
      0.8728255883718501,
      0.31867265552200563,
      0.01530670208089497,
      -0.014871880264528384,
      0.2314418311445694,
      0.19710658080338664
    ],
    [
      6.744466747389894,
      1.4551484108551864,
      70.31756066283971,
      -0.16281373277104233,
      -0.01965637452267256,
      0.31867265552200563,
      1.6761093022206195,
      -0.12234543460549036,
      -0.016847749949273287,
      0.10772260544265873,
      0.11180871161163615
    ],
    [
      2.15649797955426,
      1.3491370587789107,
      61.53415210336399,
      -0.7294414553661989,
      -0.0076813746407379604,
      0.01530670208089497,
      -0.12234543460549036,
      7.119571384133144,
      0.0006523675480318802,
      0.03331367563595934,
      0.028921534032457726
    ],
    [
      -0.31405905066463474,
      0.19659920109548115,
      2.559261281689975,
      0.04410034074360728,
      0.0048071498472588075,
      -0.014871880264528384,
      -0.016847749949273287,
      0.0006523675480318802,
      0.02469110733340169,
      -0.004871542202025179,
      -0.006888843360892481
    ],
    [
      5.60992313488552,
      1.7666164969701312,
      72.0073326277366,
      -0.1584825082837368,
      -0.0014933553131268149,
      0.2314418311445694,
      0.10772260544265873,
      0.03331367563595934,
      -0.004871542202025179,
      0.1053082126628961,
      0.07353354673135748
    ],
    [
      4.98164174962691,
      1.236256771235885,
      57.31462798295955,
      -0.15541639590433518,
      -0.006293927395698742,
      0.19710658080338664,
      0.11180871161163615,
      0.028921534032457726,
      -0.006888843360892481,
      0.07353354673135748,
      0.10046903318603119
    ]
  ],
  "correlation": [
    [
      1.0,
      0.4482012066366117,
      0.6785132637768982,
      -0.23140832005364434,
      -0.02394670279726113,
      0.7432790220268412,
      0.25459423008596477,
      0.03949792115220996,
      -0.09767718549981619,
      0.8448466711074716,
      0.7680835929306585
    ],
    [
      0.4482012066366118,
      0.9999999999999998,
      0.6919189539082002,
      -0.09405299108275829,
      0.02322668738731553,
      0.4431617084078617,
      0.13377379318344074,
      0.06017887546898191,
      0.1489108647274851,
      0.6479270050119406,
      0.4642025185260088
    ],
    [
      0.6785132637768982,
      0.6919189539082002,
      1.0,
      -0.12403930918623995,
      -0.024548030912182307,
      0.5689912583539584,
      0.17822023839302895,
      0.07567173441525146,
      0.05344274226521287,
      0.7280982624555826,
      0.5933265169104104
    ],
    [
      -0.23140832005364437,
      -0.09405299108275829,
      -0.12403930918623997,
      0.9999999999999998,
      0.09868400261409985,
      -0.2274384084588651,
      -0.05579673032291599,
      -0.12129206833251881,
      0.12452041125735361,
      -0.21668013634409883,
      -0.2175452509087163
    ],
    [
      -0.02394670279726113,
      0.023226687387315526,
      -0.024548030912182304,
      0.09868400261409985,
      1.0,
      -0.052806047454184685,
      -0.03674282042738916,
      -0.00696678267187016,
      0.07403509132578796,
      -0.011136591012059433,
      -0.04805359206864456
    ],
    [
      0.7432790220268413,
      0.4431617084078617,
      0.5689912583539584,
      -0.22743840845886507,
      -0.052806047454184685,
      1.0,
      0.26346922640422066,
      0.006140319510059602,
      -0.10130522876573131,
      0.7633909391774559,
      0.6656122066407322
    ],
    [
      0.25459423008596477,
      0.13377379318344074,
      0.17822023839302895,
      -0.05579673032291599,
      -0.03674282042738916,
      0.26346922640422066,
      1.0,
      -0.03541682906781784,
      -0.08281718343490377,
      0.25640386056565007,
      0.2724635201909066
    ],
    [
      0.03949792115220996,
      0.06017887546898191,
      0.07567173441525148,
      -0.12129206833251881,
      -0.006966782671870159,
      0.006140319510059602,
      -0.035416829067817845,
      1.0,
      0.0015559482226811343,
      0.03847374901644098,
      0.03419623467342176
    ],
    [
      -0.09767718549981619,
      0.1489108647274851,
      0.05344274226521286,
      0.1245204112573536,
      0.07403509132578796,
      -0.1013052287657313,
      -0.08281718343490377,
      0.0015559482226811343,
      1.0,
      -0.09553556240874868,
      -0.1383120169841055
    ],
    [
      0.8448466711074715,
      0.6479270050119404,
      0.7280982624555827,
      -0.2166801363440988,
      -0.011136591012059433,
      0.7633909391774559,
      0.25640386056565007,
      0.03847374901644098,
      -0.09553556240874868,
      1.0,
      0.7148884513180869
    ],
    [
      0.7680835929306585,
      0.4642025185260088,
      0.5933265169104104,
      -0.2175452509087163,
      -0.04805359206864456,
      0.6656122066407322,
      0.2724635201909066,
      0.03419623467342177,
      -0.1383120169841055,
      0.714888451318087,
      1.0
    ]
  ],
  "diagnostics": {
    "runtime": {
      "preprocess_s": 0.07,
      "gwosc_fetch_s": 5.21,
      "encode_s": 0.05,
      "sampling_s": 1.618,
      "total_s": 7.108
    },
    "memory": {
      "rss_mb": 4605.6,
      "mps_allocated_mb": 151.7
    },
    "n_effective": 3000,
    "boundary_railing_frac": 0.6123,
    "log_prob": {
      "median": -49.113534927368164,
      "max": 52.70484161376953
    },
    "ood_flags": [
      "V1: no data \u2014 filled with unit white noise (posterior uses remaining detectors only)",
      "61.2% of samples rail at the parameter bounds \u2014 the event may lie outside the training prior (out-of-distribution)"
    ],
    "context_ood": {
      "mahalanobis": 12.12,
      "percentile_vs_validation": 95.7
    },
    "verdict": {
      "confidence": "LOW",
      "reasons": [
        "61% of posterior samples rail at prior bounds"
      ]
    },
    "refinement": {
      "refine": true,
      "refine_global": true,
      "untrusted_params": [],
      "strong_indicators": [
        "confidence LOW: 61% of posterior samples rail at prior bounds",
        "posterior median in severe mass-bias cell {'mc': 30, 'q': 0.9, 'theta_jn': 0.5} (m1 x1.46)",
        "61% of samples rail at prior bounds"
      ],
      "moderate_indicators": [
        "V1: no data \u2014 filled with unit white noise (posterior uses remaining detectors only)",
        "chirp-mass posterior wide (97% of median)"
      ],
      "indicators": {
        "confidence": "LOW",
        "ood_percentile": 95.7,
        "bias_region": {
          "q_in_attractor": false,
          "cell": {
            "mc": 30,
            "q": 0.9,
            "theta_jn": 0.5
          },
          "m1_bias": 1.46,
          "dl_bias": 1.42,
          "severe_mass_bias": true
        },
        "mc_width_frac": 0.974,
        "railing_frac": 0.6123
      },
      "recommendation": "run sampler refinement (compare_to_dynesty) before quoting these posteriors"
    }
  },
  "config": {
    "model_path": "model/lean_v8_psdcond_ft/best_model.pth",
    "model_epoch": 25,
    "model_val_nll": -1.1877927356399596,
    "premerger": false,
    "psd_cond": true,
    "device": "mps",
    "num_samples": 3000,
    "rank": 0,
    "seed": 0,
    "event": "GW150914",
    "event_type": "BBH",
    "source": "real",
    "detectors_present": [
      "H1",
      "L1"
    ]
  },
  "reproducibility": {
    "git_commit": "995121aff136ae38385b8720269d5a16cb7438f5",
    "model_path": "model/lean_v8_psdcond_ft/best_model.pth",
    "model_epoch": 25,
    "model_val_nll": -1.1877927356399596,
    "premerger": false
  },
  "preprocessing": {
    "source": "real",
    "detectors_present": [
      "H1",
      "L1"
    ],
    "warnings": [
      "V1: no data \u2014 filled with unit white noise (posterior uses remaining detectors only)"
    ],
    "quality": {
      "H1": {
        "finite": true,
        "std": 1.0123380422592163,
        "max_abs": 4.5542802810668945,
        "excess_kurtosis": -0.046918630599975586,
        "repeated_frac": 0.0,
        "whitening_norm": 45.72268702782366
      },
      "L1": {
        "finite": true,
        "std": 0.9647899866104126,
        "max_abs": 3.8245933055877686,
        "excess_kurtosis": 0.05527663230895996,
        "repeated_frac": 0.0,
        "whitening_norm": 47.181583593158
      }
    },
    "timings": {
      "preprocess_s": 0.07,
      "gwosc_fetch_s": 5.21
    }
  }
}