{
  "param_names": [
    "mass_1",
    "mass_2",
    "luminosity_distance",
    "ra",
    "dec",
    "theta_jn",
    "psi",
    "phase",
    "geocent_time",
    "a1",
    "a2"
  ],
  "trigger_gps": 1180922494.5,
  "truth": null,
  "summary": {
    "n_samples": 3000,
    "trigger_gps": 1180922494.5,
    "parameters": [
      {
        "param": "mass_1",
        "median": 29.5355806350708,
        "mean": 32.92398272482554,
        "map": 2.4108104705810547,
        "std": 21.20170442965002,
        "ci50%": [
          18.638720989227295,
          43.80131721496582
        ],
        "ci68%": [
          14.065911293029783,
          53.440540161132816
        ],
        "ci90%": [
          2.1731634259223935,
          77.08591690063474
        ],
        "ci95%": [
          1.6762098252773292,
          85.3896490097046
        ]
      },
      {
        "param": "mass_2",
        "median": 10.25012731552124,
        "mean": 11.366961304068566,
        "map": 2.0015978813171387,
        "std": 8.908519475234106,
        "ci50%": [
          2.52454537153244,
          15.83784532546997
        ],
        "ci68%": [
          2.148571786880493,
          19.29018768310548
        ],
        "ci90%": [
          1.379333072900772,
          29.64781446456909
        ],
        "ci95%": [
          1.137691780924797,
          30.089667797088623
        ]
      },
      {
        "param": "luminosity_distance",
        "median": 1030.9871826171875,
        "mean": 1040.3976747233073,
        "map": 206.23153686523438,
        "std": 512.1477261328042,
        "ci50%": [
          636.0917205810547,
          1429.1068420410156
        ],
        "ci68%": [
          497.6861291503905,
          1592.3669921875
        ],
        "ci90%": [
          221.25150527954102,
          1913.905841064453
        ],
        "ci95%": [
          156.3455066680909,
          2011.476937866211
        ]
      },
      {
        "param": "ra",
        "median": 3.717466354370117,
        "mean": 3.490236991491005,
        "map": 3.23576283454895,
        "std": 1.975612524340851,
        "ci50%": [
          1.8064664602279663,
          5.312304973602295
        ],
        "ci68%": [
          1.1097242546081543,
          5.762144165039063
        ],
        "ci90%": [
          0.07014745213091364,
          6.144733428955078
        ],
        "ci95%": [
          0.008220653887838127,
          6.2369570493698125
        ]
      },
      {
        "param": "dec",
        "median": -0.005136251449584961,
        "mean": -0.03754011889298757,
        "map": 0.4571722745895386,
        "std": 0.6498678972311477,
        "ci50%": [
          -0.5336556434631348,
          0.45441895723342896
        ],
        "ci68%": [
          -0.745696177482605,
          0.6518959283828739
        ],
        "ci90%": [
          -1.138481891155243,
          1.0225690722465515
        ],
        "ci95%": [
          -1.2464769572019574,
          1.1510934174060823
        ]
      },
      {
        "param": "theta_jn",
        "median": 1.2339057326316833,
        "mean": 1.389807920830445,
        "map": 0.8516016602516174,
        "std": 0.8311946510564886,
        "ci50%": [
          0.7443955540657043,
          2.1484215259552
        ],
        "ci68%": [
          0.5233765745162963,
          2.3606374645233155
        ],
        "ci90%": [
          0.04340711794793566,
          2.7377551436424254
        ],
        "ci95%": [
          0.0035882688767742504,
          2.876117706298828
        ]
      },
      {
        "param": "psi",
        "median": 1.5865370631217957,
        "mean": 1.5782268024084853,
        "map": 0.1517912596464157,
        "std": 0.9468233134458912,
        "ci50%": [
          0.7607685178518295,
          2.3845505118370056
        ],
        "ci68%": [
          0.47583327174186707,
          2.6869404506683354
        ],
        "ci90%": [
          0.09568289928138252,
          3.1140773773193358
        ],
        "ci95%": [
          0.04262570412829521,
          3.1357986629009247
        ]
      },
      {
        "param": "phase",
        "median": 2.8056771755218506,
        "mean": 2.919596474976977,
        "map": 1.5453907251358032,
        "std": 1.8883620445699754,
        "ci50%": [
          1.3140673637390137,
          4.469199299812317
        ],
        "ci68%": [
          0.7271883487701409,
          5.24355905532837
        ],
        "ci90%": [
          0.06663334034383289,
          6.040506958961487
        ],
        "ci95%": [
          0.01803001863881946,
          6.196344387531281
        ]
      },
      {
        "param": "geocent_time",
        "median": -0.06865406036376953,
        "mean": -0.04058041926225026,
        "map": 0.09909570217132568,
        "std": 0.3874471443350239,
        "ci50%": [
          -0.11432480812072754,
          -0.0042050182819366455
        ],
        "ci68%": [
          -0.15083914756774905,
          0.059068126678466865
        ],
        "ci90%": [
          -0.6184431225061423,
          0.7387021899223288
        ],
        "ci95%": [
          -0.9985436737537375,
          1.0979970633983622
        ]
      },
      {
        "param": "a1",
        "median": 0.3856574147939682,
        "mean": 0.4123276149133841,
        "map": 0.0058106184005737305,
        "std": 0.31939762241276654,
        "ci50%": [
          0.09277697652578354,
          0.69636470079422
        ],
        "ci68%": [
          0.031175301074981683,
          0.7998536157608033
        ],
        "ci90%": [
          0.0003372952342033384,
          0.9327264606952667
        ],
        "ci95%": [
          0.0,
          0.9640995129942894
        ]
      },
      {
        "param": "a2",
        "median": 0.2743421494960785,
        "mean": 0.35110024174054466,
        "map": 0.044466495513916016,
        "std": 0.324510042362819,
        "ci50%": [
          0.03410167247056961,
          0.6434823870658875
        ],
        "ci68%": [
          0.017627329826354978,
          0.7536822032928467
        ],
        "ci90%": [
          0.0008810803294181815,
          0.9118448138236999
        ],
        "ci95%": [
          0.0,
          0.9592485666275025
        ]
      }
    ],
    "diagnostics": {
      "runtime": {
        "preprocess_s": 0.063,
        "gwosc_fetch_s": 5.64,
        "encode_s": 0.01,
        "sampling_s": 5.567,
        "total_s": 11.278
      },
      "memory": {
        "rss_mb": 2291.9,
        "mps_allocated_mb": 125.4
      },
      "n_effective": 3000,
      "boundary_railing_frac": 0.0877,
      "log_prob": {
        "median": -19.347864151000977,
        "max": 19.16130828857422
      },
      "ood_flags": [
        "V1: no data \u2014 filled with unit white noise (posterior uses remaining detectors only)",
        "8.8% of samples rail at the parameter bounds \u2014 the event may lie outside the training prior (out-of-distribution)"
      ],
      "context_ood": {
        "mahalanobis": 7.05,
        "percentile_vs_validation": 89.1
      },
      "verdict": {
        "confidence": "MEDIUM",
        "reasons": [
          "9% boundary railing"
        ]
      },
      "refinement": {
        "refine": true,
        "refine_global": true,
        "untrusted_params": [
          "mass_1",
          "mass_2"
        ],
        "strong_indicators": [
          "chirp-mass posterior uninformative (90% width 182% of median)"
        ],
        "moderate_indicators": [
          "confidence MEDIUM",
          "V1: no data \u2014 filled with unit white noise (posterior uses remaining detectors only)",
          "9% boundary railing"
        ],
        "indicators": {
          "confidence": "MEDIUM",
          "ood_percentile": 89.1,
          "bias_region": {
            "q_in_attractor": true,
            "cell": {
              "mc": 20,
              "q": 0.4,
              "theta_jn": 1.57
            },
            "m1_bias": 1.1,
            "dl_bias": 4.79,
            "severe_mass_bias": false
          },
          "mc_width_frac": 1.823,
          "railing_frac": 0.0877
        },
        "recommendation": "run sampler refinement (compare_to_dynesty) before quoting these posteriors"
      }
    }
  },
  "covariance": [
    [
      449.6621581082773,
      13.618227590180627,
      2225.413220739321,
      -3.7701326515779514,
      0.9944506714876973,
      0.7828667151069347,
      -0.3197046889519456,
      -0.9318038698206234,
      -0.9431495872496831,
      1.7962168608380984,
      -0.4937455214949336
    ],
    [
      13.618227590180627,
      79.38818196794783,
      2740.814597262926,
      -1.9370543451470374,
      -0.04063890559888849,
      -1.268826376449402,
      0.5847580330051729,
      -1.547233749709992,
      -0.3207540922456271,
      0.19327795279590185,
      0.6297677783712852
    ],
    [
      2225.413220739321,
      2740.814597262926,
      262382.7543011026,
      -13.073536123129626,
      -14.543992921359589,
      -36.57775433518293,
      -25.991421245967555,
      -8.36157380839815,
      -17.666037599041108,
      35.98965707418498,
      63.639916526879645
    ],
    [
      -3.7701326515779514,
      -1.9370543451470374,
      -13.073536123129626,
      3.904346295097451,
      0.021264932560567492,
      0.14939778993465402,
      -0.03445067762863161,
      -0.13136223478899056,
      -0.0017347185370462474,
      -0.0044097619280516415,
      0.043473505394155995
    ],
    [
      0.9944506714876973,
      -0.04063890559888849,
      -14.543992921359589,
      0.021264932560567492,
      0.4224691068872617,
      -0.0004761588031537392,
      0.009321457428411048,
      0.014021722682764805,
      0.015733821390037782,
      -0.008066256406044654,
      -0.00455223629158962
    ],
    [
      0.7828667151069347,
      -1.268826376449402,
      -36.57775433518293,
      0.14939778993465402,
      -0.0004761588031537392,
      0.6911149195847803,
      -0.08771692991471122,
      0.0502384951762283,
      0.007744300545611057,
      0.039883875592211696,
      0.021697059231519825
    ],
    [
      -0.3197046889519456,
      0.5847580330051729,
      -25.991421245967555,
      -0.03445067762863161,
      0.009321457428411048,
      -0.08771692991471122,
      0.8967733113217623,
      -0.033620185997157576,
      -5.175543466718125e-05,
      -0.030691094439840798,
      -0.04154178028295356
    ],
    [
      -0.9318038698206234,
      -1.547233749709992,
      -8.36157380839815,
      -0.13136223478899056,
      0.014021722682764805,
      0.0502384951762283,
      -0.033620185997157576,
      3.5671002447874227,
      0.018215831571044103,
      0.018738782209806872,
      0.017012544189397898
    ],
    [
      -0.9431495872496831,
      -0.3207540922456271,
      -17.666037599041108,
      -0.0017347185370462474,
      0.015733821390037782,
      0.007744300545611057,
      -5.175543466718125e-05,
      0.018215831571044103,
      0.15016534476828777,
      -0.009523616975234215,
      -0.007416973160960734
    ],
    [
      1.7962168608380984,
      0.19327795279590185,
      35.98965707418498,
      -0.0044097619280516415,
      -0.008066256406044654,
      0.039883875592211696,
      -0.030691094439840798,
      0.018738782209806872,
      -0.009523616975234215,
      0.10204885748875771,
      0.017990601399779753
    ],
    [
      -0.4937455214949336,
      0.6297677783712852,
      63.639916526879645,
      0.043473505394155995,
      -0.00455223629158962,
      0.021697059231519825,
      -0.04154178028295356,
      0.017012544189397898,
      -0.007416973160960734,
      0.017990601399779753,
      0.10534188155483687
    ]
  ],
  "correlation": [
    [
      1.0,
      0.07207746259823794,
      0.20488013432655733,
      -0.08997861327093698,
      0.07215104021774314,
      0.04440884971978011,
      -0.015920785759404064,
      -0.0232661049259791,
      -0.11477638709440438,
      0.2651621459333599,
      -0.07173968469158765
    ],
    [
      0.07207746259823795,
      0.9999999999999998,
      0.6005291416047589,
      -0.11002457808867334,
      -0.007017244315642938,
      -0.1712967549368428,
      0.06930378130036507,
      -0.09194335449929372,
      -0.09289865342302338,
      0.06790477511196093,
      0.21777196639696406
    ],
    [
      0.20488013432655733,
      0.6005291416047589,
      1.0,
      -0.012916690774863382,
      -0.04368361118028236,
      -0.08589626128881228,
      -0.0535822624455361,
      -0.008642964460240357,
      -0.08899931178160654,
      0.21994089691706686,
      0.38279073919493933
    ],
    [
      -0.08997861327093698,
      -0.11002457808867336,
      -0.012916690774863382,
      1.0,
      0.01655740859689794,
      0.09094836028001868,
      -0.018411207221831982,
      -0.03519967923611879,
      -0.002265530928268237,
      -0.006986133895773244,
      0.06778755335009469
    ],
    [
      0.07215104021774314,
      -0.007017244315642938,
      -0.04368361118028236,
      0.01655740859689794,
      1.0,
      -0.000881209570795784,
      0.015144153562653674,
      0.011422107363784356,
      0.062467176830451596,
      -0.03884816157037197,
      -0.021578774809782493
    ],
    [
      0.04440884971978011,
      -0.1712967549368428,
      -0.08589626128881227,
      0.09094836028001867,
      -0.0008812095707957841,
      1.0,
      -0.11142097419491861,
      0.0319965999085656,
      0.024039321514491813,
      0.15018209047791112,
      0.08041280371792169
    ],
    [
      -0.015920785759404064,
      0.06930378130036509,
      -0.05358226244553609,
      -0.018411207221831982,
      0.015144153562653672,
      -0.11142097419491861,
      1.0,
      -0.018797544308202404,
      -0.00014103592919392405,
      -0.10145348378437903,
      -0.13515845894429046
    ],
    [
      -0.0232661049259791,
      -0.09194335449929372,
      -0.00864296446024036,
      -0.03519967923611879,
      0.011422107363784356,
      0.0319965999085656,
      -0.018797544308202407,
      1.0,
      0.02488894489051103,
      0.03105843963202417,
      0.027753072712271343
    ],
    [
      -0.11477638709440437,
      -0.09289865342302338,
      -0.08899931178160654,
      -0.002265530928268237,
      0.0624671768304516,
      0.024039321514491813,
      -0.00014103592919392405,
      0.024888944890511033,
      1.0,
      -0.07693305672060753,
      -0.05897138301522777
    ],
    [
      0.2651621459333599,
      0.06790477511196093,
      0.21994089691706684,
      -0.006986133895773244,
      -0.03884816157037197,
      0.15018209047791112,
      -0.10145348378437904,
      0.031058439632024166,
      -0.07693305672060753,
      1.0,
      0.1735166172482544
    ],
    [
      -0.07173968469158766,
      0.21777196639696406,
      0.3827907391949393,
      0.06778755335009468,
      -0.021578774809782493,
      0.08041280371792169,
      -0.13515845894429046,
      0.027753072712271343,
      -0.05897138301522778,
      0.1735166172482544,
      1.0
    ]
  ],
  "diagnostics": {
    "runtime": {
      "preprocess_s": 0.063,
      "gwosc_fetch_s": 5.64,
      "encode_s": 0.01,
      "sampling_s": 5.567,
      "total_s": 11.278
    },
    "memory": {
      "rss_mb": 2291.9,
      "mps_allocated_mb": 125.4
    },
    "n_effective": 3000,
    "boundary_railing_frac": 0.0877,
    "log_prob": {
      "median": -19.347864151000977,
      "max": 19.16130828857422
    },
    "ood_flags": [
      "V1: no data \u2014 filled with unit white noise (posterior uses remaining detectors only)",
      "8.8% of samples rail at the parameter bounds \u2014 the event may lie outside the training prior (out-of-distribution)"
    ],
    "context_ood": {
      "mahalanobis": 7.05,
      "percentile_vs_validation": 89.1
    },
    "verdict": {
      "confidence": "MEDIUM",
      "reasons": [
        "9% boundary railing"
      ]
    },
    "refinement": {
      "refine": true,
      "refine_global": true,
      "untrusted_params": [
        "mass_1",
        "mass_2"
      ],
      "strong_indicators": [
        "chirp-mass posterior uninformative (90% width 182% of median)"
      ],
      "moderate_indicators": [
        "confidence MEDIUM",
        "V1: no data \u2014 filled with unit white noise (posterior uses remaining detectors only)",
        "9% boundary railing"
      ],
      "indicators": {
        "confidence": "MEDIUM",
        "ood_percentile": 89.1,
        "bias_region": {
          "q_in_attractor": true,
          "cell": {
            "mc": 20,
            "q": 0.4,
            "theta_jn": 1.57
          },
          "m1_bias": 1.1,
          "dl_bias": 4.79,
          "severe_mass_bias": false
        },
        "mc_width_frac": 1.823,
        "railing_frac": 0.0877
      },
      "recommendation": "run sampler refinement (compare_to_dynesty) before quoting these posteriors"
    }
  },
  "config": {
    "model_path": "model/lean_v8_psdcond/best_model.pth",
    "model_epoch": 17,
    "model_val_nll": 1.005021550040692,
    "premerger": false,
    "psd_cond": true,
    "device": "mps",
    "num_samples": 3000,
    "rank": 0,
    "seed": 0,
    "event": "GW170608",
    "event_type": "BBH",
    "source": "real",
    "detectors_present": [
      "H1",
      "L1"
    ]
  },
  "reproducibility": {
    "git_commit": "995121aff136ae38385b8720269d5a16cb7438f5",
    "model_path": "model/lean_v8_psdcond/best_model.pth",
    "model_epoch": 17,
    "model_val_nll": 1.005021550040692,
    "premerger": false
  },
  "preprocessing": {
    "source": "real",
    "detectors_present": [
      "H1",
      "L1"
    ],
    "warnings": [
      "V1: no data \u2014 filled with unit white noise (posterior uses remaining detectors only)"
    ],
    "quality": {
      "H1": {
        "finite": true,
        "std": 0.8632428050041199,
        "max_abs": 3.48296856880188,
        "excess_kurtosis": 0.014204978942871094,
        "repeated_frac": 0.0,
        "whitening_norm": 52.34717436448604
      },
      "L1": {
        "finite": true,
        "std": 1.0091745853424072,
        "max_abs": 4.596554279327393,
        "excess_kurtosis": 0.09437704086303711,
        "repeated_frac": 0.0,
        "whitening_norm": 45.724966924896336
      }
    },
    "timings": {
      "preprocess_s": 0.063,
      "gwosc_fetch_s": 5.64
    }
  }
}