{
  "param_names": [
    "mass_1",
    "mass_2",
    "luminosity_distance",
    "ra",
    "dec",
    "theta_jn",
    "psi",
    "phase",
    "geocent_time",
    "a1",
    "a2"
  ],
  "trigger_gps": 1180922494.5,
  "truth": {
    "mass_1": 11.8,
    "mass_2": 8.1,
    "luminosity_distance": 320.0
  },
  "summary": {
    "n_samples": 10000,
    "trigger_gps": 1180922494.5,
    "parameters": [
      {
        "param": "mass_1",
        "median": 25.633464813232422,
        "mean": 33.029082949197296,
        "map": 2.239769220352173,
        "std": 21.48249905244749,
        "ci50%": [
          16.533686637878418,
          45.830613136291504
        ],
        "ci68%": [
          14.365920066833496,
          56.61250244140628
        ],
        "ci90%": [
          10.818132209777831,
          78.31025466918943
        ],
        "ci95%": [
          3.1224465906620087,
          83.32206707000731
        ],
        "truth": 11.8,
        "truth_in_90": true
      },
      {
        "param": "mass_2",
        "median": 6.8341004848480225,
        "mean": 6.898474456548691,
        "map": 1.972584843635559,
        "std": 5.467675067222733,
        "ci50%": [
          2.3465096950531006,
          9.318937063217163
        ],
        "ci68%": [
          2.078199205398559,
          10.545412330627443
        ],
        "ci90%": [
          1.476265436410904,
          12.93324966430664
        ],
        "ci95%": [
          1.2520229756832124,
          14.076434350013727
        ],
        "truth": 8.1,
        "truth_in_90": true
      },
      {
        "param": "luminosity_distance",
        "median": 837.3433227539062,
        "mean": 890.9940137638092,
        "map": 189.2142333984375,
        "std": 391.1954994249362,
        "ci50%": [
          594.6664886474609,
          1160.5601806640625
        ],
        "ci68%": [
          511.39915893554684,
          1301.1962841796885
        ],
        "ci90%": [
          327.35277557373047,
          1577.6264404296876
        ],
        "ci95%": [
          231.7370170593262,
          1718.1953521728515
        ],
        "truth": 320.0,
        "truth_in_90": false
      },
      {
        "param": "ra",
        "median": 3.730644941329956,
        "mean": 3.5949949877937324,
        "map": 5.399484634399414,
        "std": 1.743865576322528,
        "ci50%": [
          2.2335344552993774,
          5.110288143157959
        ],
        "ci68%": [
          1.5415890407562252,
          5.503603382110597
        ],
        "ci90%": [
          0.445793457329273,
          6.01953399181366
        ],
        "ci95%": [
          0.19300793632864968,
          6.122176468372345
        ]
      },
      {
        "param": "dec",
        "median": 0.18502849340438843,
        "mean": 0.08205326348543167,
        "map": 0.4280703067779541,
        "std": 0.760384500279567,
        "ci50%": [
          -0.573928713798523,
          0.7234789729118347
        ],
        "ci68%": [
          -0.8300539708137515,
          0.9232098054885869
        ],
        "ci90%": [
          -1.1612210273742676,
          1.1924950599670407
        ],
        "ci95%": [
          -1.2558895617723465,
          1.2715934932231903
        ]
      },
      {
        "param": "theta_jn",
        "median": 1.7464465498924255,
        "mean": 1.641306731581372,
        "map": 0.8860712051391602,
        "std": 0.8328531956861462,
        "ci50%": [
          0.867390513420105,
          2.394216299057007
        ],
        "ci68%": [
          0.6864295816421508,
          2.5646766376495362
        ],
        "ci90%": [
          0.37788747102022163,
          2.8060832262039184
        ],
        "ci95%": [
          0.25864820703864133,
          2.907687121629715
        ]
      },
      {
        "param": "psi",
        "median": 1.7066691517829895,
        "mean": 1.6717863966733333,
        "map": 2.9524357318878174,
        "std": 0.8489389873440613,
        "ci50%": [
          0.9685460329055786,
          2.4038029313087463
        ],
        "ci68%": [
          0.7073585581779479,
          2.628814039230347
        ],
        "ci90%": [
          0.2790119126439094,
          2.956249332427978
        ],
        "ci95%": [
          0.13246619366109377,
          3.0517204284667967
        ]
      },
      {
        "param": "phase",
        "median": 2.8994312286376953,
        "mean": 2.992665118190309,
        "map": 1.2875834703445435,
        "std": 1.819833102355425,
        "ci50%": [
          1.427691012620926,
          4.497205972671509
        ],
        "ci68%": [
          0.9145454168319702,
          5.243107757568359
        ],
        "ci90%": [
          0.27596525102853775,
          6.015584778785705
        ],
        "ci95%": [
          0.1549091123044494,
          6.1509409070014955
        ]
      },
      {
        "param": "geocent_time",
        "median": -0.0032202601432800293,
        "mean": -0.007421911233663559,
        "map": 0.18423151969909668,
        "std": 0.20467303513589427,
        "ci50%": [
          -0.024730175733566284,
          0.01898902654647827
        ],
        "ci68%": [
          -0.036336102485656746,
          0.03213271141052247
        ],
        "ci90%": [
          -0.08284105062484742,
          0.09096076488494834
        ],
        "ci95%": [
          -0.24199699163436783,
          0.21639695465564682
        ]
      },
      {
        "param": "a1",
        "median": 0.5918512940406799,
        "mean": 0.5461804815232754,
        "map": 0.003177344799041748,
        "std": 0.2830051383521636,
        "ci50%": [
          0.3238958418369293,
          0.7802118360996246
        ],
        "ci68%": [
          0.19662066817283627,
          0.8495950794219971
        ],
        "ci90%": [
          0.03729822635650632,
          0.9528120726346969
        ],
        "ci95%": [
          0.015987356007099194,
          0.9736377894878387
        ]
      },
      {
        "param": "a2",
        "median": 0.33556319773197174,
        "mean": 0.37477195818424225,
        "map": 0.02669617533683777,
        "std": 0.32179319353532965,
        "ci50%": [
          0.03817056864500046,
          0.6525434255599976
        ],
        "ci68%": [
          0.022733712196350096,
          0.7608888387680054
        ],
        "ci90%": [
          0.0075502336025238,
          0.9171614706516266
        ],
        "ci95%": [
          0.004460582882165912,
          0.956710648536682
        ]
      }
    ],
    "diagnostics": {
      "runtime": {
        "preprocess_s": 0.059,
        "gwosc_fetch_s": null,
        "encode_s": 0.01,
        "sampling_s": 3.521,
        "total_s": 3.532
      },
      "memory": {
        "rss_mb": 1411.2,
        "mps_allocated_mb": 33.1
      },
      "n_effective": 10000,
      "boundary_railing_frac": 0.0295,
      "log_prob": {
        "median": -15.247470378875732,
        "max": 26.953067779541016
      },
      "ood_flags": [
        "V1: no data \u2014 filled with unit white noise (posterior uses remaining detectors only)"
      ],
      "context_ood": {
        "mahalanobis": 11.13,
        "percentile_vs_validation": 80.3
      },
      "verdict": {
        "confidence": "HIGH",
        "reasons": [
          "V1: no data \u2014 filled with unit white noise (posterior uses remaining detectors only)"
        ]
      }
    }
  },
  "covariance": [
    [
      461.54391993040036,
      -28.550543298958146,
      -862.1876420649116,
      -2.6676635992578133,
      0.4570854777348689,
      -0.031962844856174163,
      -0.0618465348607824,
      -1.5440786826049238,
      -0.4254126390380334,
      1.4004579022394277,
      -2.6650103799298823
    ],
    [
      -28.550543298958146,
      29.89846048677779,
      1105.2515589161633,
      -0.36713087048980014,
      -0.11133410899183199,
      -0.10336918163778172,
      -0.30640829622558996,
      0.005315466754852732,
      -0.020631946235485695,
      0.20396288039727783,
      0.7420279853267266
    ],
    [
      -862.1876420649116,
      1105.2515589161633,
      153049.22369269453,
      44.171558403024385,
      -0.3783810759678382,
      9.498634471479459,
      -30.4268537414968,
      -11.652556662819428,
      -3.5061444612091752,
      36.101600034012286,
      53.50218861601229
    ],
    [
      -2.6676635992578133,
      -0.36713087048980014,
      44.171558403024385,
      3.041371285411243,
      0.2277002688508765,
      -0.04508487366776951,
      0.0553329776234663,
      -0.09908217208796484,
      0.013859662884910954,
      -0.010944937718721853,
      0.04753938069294711
    ],
    [
      0.4570854777348689,
      -0.11133410899183199,
      -0.3783810759678382,
      0.2277002688508765,
      0.5782424125066574,
      -0.007003075934798652,
      0.016765475697170996,
      -0.01343921503907523,
      0.007344706885912075,
      -0.00223243922377641,
      -0.0008232841297676512
    ],
    [
      -0.031962844856174163,
      -0.10336918163778172,
      9.498634471479459,
      -0.04508487366776951,
      -0.007003075934798652,
      0.6937138169463211,
      -0.024754211237157982,
      -0.03047328755894014,
      0.0009448687347274565,
      0.014739560964733063,
      -3.290737658688322e-05
    ],
    [
      -0.0618465348607824,
      -0.30640829622558996,
      -30.4268537414968,
      0.0553329776234663,
      0.016765475697170996,
      -0.024754211237157982,
      0.7207694811808781,
      0.04791582898607533,
      0.0006368500628524562,
      -0.01013758890682994,
      -0.017330012033411037
    ],
    [
      -1.5440786826049238,
      0.005315466754852732,
      -11.652556662819428,
      -0.09908217208796484,
      -0.01343921503907523,
      -0.03047328755894014,
      0.04791582898607533,
      3.3121237328018527,
      -0.0015135246029288126,
      -0.011884321925437756,
      -0.014833422179119933
    ],
    [
      -0.4254126390380334,
      -0.020631946235485695,
      -3.5061444612091752,
      0.013859662884910954,
      0.007344706885912075,
      0.0009448687347274565,
      0.0006368500628524562,
      -0.0015135246029288126,
      0.04189524083582259,
      -0.0013789470125538468,
      -0.001690899060352794
    ],
    [
      1.4004579022394277,
      0.20396288039727783,
      36.101600034012286,
      -0.010944937718721853,
      -0.00223243922377641,
      0.014739560964733063,
      -0.01013758890682994,
      -0.011884321925437756,
      -0.0013789470125538468,
      0.08009991832555982,
      0.015543812169706834
    ],
    [
      -2.6650103799298823,
      0.7420279853267266,
      53.50218861601229,
      0.04753938069294711,
      -0.0008232841297676512,
      -3.290737658688322e-05,
      -0.017330012033411037,
      -0.014833422179119933,
      -0.001690899060352794,
      0.015543812169706834,
      0.10356121552721885
    ]
  ],
  "correlation": [
    [
      0.9999999999999999,
      -0.24304318433748115,
      -0.1025840193222207,
      -0.07120161181652647,
      0.027979241368430715,
      -0.001786276716455991,
      -0.0033908662532429,
      -0.03949204596060595,
      -0.0967434399875766,
      0.23032840741747032,
      -0.38547287072659087
    ],
    [
      -0.24304318433748118,
      0.9999999999999999,
      0.5166794128265816,
      -0.038500092251848014,
      -0.026776194445788718,
      -0.02269741991905319,
      -0.06600516362319275,
      0.0005341505952519012,
      -0.018434588111954104,
      0.1317985664847394,
      0.421693883700788
    ],
    [
      -0.1025840193222207,
      0.5166794128265816,
      1.0,
      0.06474294276708215,
      -0.0012719172896330105,
      0.02915113290984417,
      -0.09161008510965911,
      -0.016366370618961186,
      -0.0437856594414203,
      0.3260579909301263,
      0.4249691585079067
    ],
    [
      -0.07120161181652648,
      -0.038500092251848014,
      0.06474294276708215,
      1.0,
      0.1717014059516795,
      -0.031038874442980577,
      0.037372411838724716,
      -0.031218175783147843,
      0.038827157779581234,
      -0.022174944284034905,
      0.0847071811086002
    ],
    [
      0.02797924136843071,
      -0.026776194445788718,
      -0.0012719172896330105,
      0.1717014059516795,
      1.0,
      -0.01105716248899671,
      0.025969447750513602,
      -0.009711038040792036,
      0.047188606376252246,
      -0.010373101713512183,
      -0.0033643115199804654
    ],
    [
      -0.001786276716455991,
      -0.02269741991905319,
      0.02915113290984417,
      -0.03103887444298058,
      -0.011057162488996712,
      1.0,
      -0.03500747002311661,
      -0.020103693818730207,
      0.005542413970038098,
      0.06252854727249385,
      -0.00012277346679201277
    ],
    [
      -0.0033908662532429,
      -0.06600516362319275,
      -0.0916100851096591,
      0.03737241183872471,
      0.025969447750513602,
      -0.03500747002311661,
      1.0,
      0.03101184003998519,
      0.0036648538115259567,
      -0.042191060776988525,
      -0.06343107912590253
    ],
    [
      -0.03949204596060595,
      0.0005341505952519012,
      -0.016366370618961186,
      -0.031218175783147846,
      -0.009711038040792036,
      -0.020103693818730207,
      0.031011840039985188,
      1.0,
      -0.004063065869077375,
      -0.023073054645490036,
      -0.02532733598309563
    ],
    [
      -0.0967434399875766,
      -0.018434588111954107,
      -0.0437856594414203,
      0.038827157779581234,
      0.047188606376252246,
      0.005542413970038097,
      0.003664853811525957,
      -0.004063065869077375,
      1.0,
      -0.023803959133717165,
      -0.0256706442104007
    ],
    [
      0.23032840741747035,
      0.1317985664847394,
      0.3260579909301262,
      -0.022174944284034905,
      -0.010373101713512183,
      0.06252854727249386,
      -0.04219106077698852,
      -0.02307305464549004,
      -0.023803959133717162,
      1.0,
      0.17066439809603484
    ],
    [
      -0.3854728707265909,
      0.42169388370078803,
      0.42496915850790673,
      0.08470718110860022,
      -0.0033643115199804654,
      -0.00012277346679201277,
      -0.06343107912590253,
      -0.02532733598309563,
      -0.025670644210400696,
      0.17066439809603484,
      0.9999999999999998
    ]
  ],
  "diagnostics": {
    "runtime": {
      "preprocess_s": 0.059,
      "gwosc_fetch_s": null,
      "encode_s": 0.01,
      "sampling_s": 3.521,
      "total_s": 3.532
    },
    "memory": {
      "rss_mb": 1411.2,
      "mps_allocated_mb": 33.1
    },
    "n_effective": 10000,
    "boundary_railing_frac": 0.0295,
    "log_prob": {
      "median": -15.247470378875732,
      "max": 26.953067779541016
    },
    "ood_flags": [
      "V1: no data \u2014 filled with unit white noise (posterior uses remaining detectors only)"
    ],
    "context_ood": {
      "mahalanobis": 11.13,
      "percentile_vs_validation": 80.3
    },
    "verdict": {
      "confidence": "HIGH",
      "reasons": [
        "V1: no data \u2014 filled with unit white noise (posterior uses remaining detectors only)"
      ]
    }
  },
  "config": {
    "model_path": "model/lean_npe_v3/best_model.pth",
    "model_epoch": 20,
    "model_val_nll": -0.7119142274837941,
    "premerger": false,
    "device": "mps",
    "num_samples": 10000,
    "rank": 0,
    "seed": 0,
    "event": null,
    "event_type": "BBH",
    "source": "real",
    "detectors_present": [
      "H1",
      "L1"
    ]
  },
  "reproducibility": {
    "git_commit": "ece3a0f52ab84627ddf97e05fe430a015d6b5523",
    "model_path": "model/lean_npe_v3/best_model.pth",
    "model_epoch": 20,
    "model_val_nll": -0.7119142274837941,
    "premerger": false
  },
  "preprocessing": {
    "source": "real",
    "detectors_present": [
      "H1",
      "L1"
    ],
    "warnings": [
      "V1: no data \u2014 filled with unit white noise (posterior uses remaining detectors only)"
    ],
    "quality": {
      "H1": {
        "finite": true,
        "std": 0.8632428050041199,
        "max_abs": 3.48296856880188,
        "excess_kurtosis": 0.014204978942871094,
        "repeated_frac": 0.0,
        "whitening_norm": 52.34717436450716
      },
      "L1": {
        "finite": true,
        "std": 1.0091745853424072,
        "max_abs": 4.596554279327393,
        "excess_kurtosis": 0.09437704086303711,
        "repeated_frac": 0.0,
        "whitening_norm": 45.72496692489653
      }
    },
    "timings": {
      "preprocess_s": 0.059
    }
  }
}