{
  "param_names": [
    "mass_1",
    "mass_2",
    "luminosity_distance",
    "ra",
    "dec",
    "theta_jn",
    "psi",
    "phase",
    "geocent_time",
    "a1",
    "a2"
  ],
  "trigger_gps": 1135136350.6,
  "truth": null,
  "summary": {
    "n_samples": 3000,
    "trigger_gps": 1135136350.6,
    "parameters": [
      {
        "param": "mass_1",
        "median": 20.63154888153076,
        "mean": 26.352612708171208,
        "map": 1.0604945421218872,
        "std": 24.187152619229927,
        "ci50%": [
          5.108662009239197,
          39.621246337890625
        ],
        "ci68%": [
          2.2087280654907224,
          51.56190002441407
        ],
        "ci90%": [
          1.5180762231349945,
          78.02713203430174
        ],
        "ci95%": [
          1.283868625760079,
          86.97360897064209
        ]
      },
      {
        "param": "mass_2",
        "median": 5.719705820083618,
        "mean": 9.005519712011019,
        "map": 1.0351322889328003,
        "std": 9.853166662478083,
        "ci50%": [
          1.8551630675792694,
          13.036744832992554
        ],
        "ci68%": [
          1.5356813192367553,
          17.62421485900879
        ],
        "ci90%": [
          1.146300607919693,
          29.811321067810056
        ],
        "ci95%": [
          1.0626905411481857,
          31.095149946212775
        ]
      },
      {
        "param": "luminosity_distance",
        "median": 801.8149719238281,
        "mean": 904.8683364512126,
        "map": 146.96597290039062,
        "std": 597.586997009772,
        "ci50%": [
          337.3104782104492,
          1394.85498046875
        ],
        "ci68%": [
          241.68214721679686,
          1622.3166748046876
        ],
        "ci90%": [
          150.24261932373045,
          1961.5290161132812
        ],
        "ci95%": [
          113.19121017456061,
          2041.7789001464844
        ]
      },
      {
        "param": "ra",
        "median": 3.60371470451355,
        "mean": 3.434941850687748,
        "map": 0.010726256296038628,
        "std": 1.9389480899640628,
        "ci50%": [
          1.8022439777851105,
          5.182410478591919
        ],
        "ci68%": [
          1.082198519706726,
          5.692634639739991
        ],
        "ci90%": [
          0.12742831110954284,
          6.114521622657775
        ],
        "ci95%": [
          0.016202096757479068,
          6.21659015417099
        ]
      },
      {
        "param": "dec",
        "median": -0.009105920791625977,
        "mean": -0.03494963612159093,
        "map": -0.18303442001342773,
        "std": 0.6602055710908638,
        "ci50%": [
          -0.5505160689353943,
          0.46969085931777954
        ],
        "ci68%": [
          -0.7594535994529725,
          0.6620854425430299
        ],
        "ci90%": [
          -1.1345279991626742,
          1.0471598148345937
        ],
        "ci95%": [
          -1.2472002387046814,
          1.1833414256572723
        ]
      },
      {
        "param": "theta_jn",
        "median": 1.2843785285949707,
        "mean": 1.420450990290107,
        "map": 1.414381980895996,
        "std": 0.7966431481594041,
        "ci50%": [
          0.7976273000240326,
          2.10387921333313
        ],
        "ci68%": [
          0.5924729228019712,
          2.3396411800384525
        ],
        "ci90%": [
          0.1556956999003887,
          2.754423868656158
        ],
        "ci95%": [
          0.007940469472669071,
          2.8703717112541205
        ]
      },
      {
        "param": "psi",
        "median": 1.4703289866447449,
        "mean": 1.496547652930963,
        "map": 0.9632381200790405,
        "std": 0.9268192872091336,
        "ci50%": [
          0.6963564306497574,
          2.2732086777687073
        ],
        "ci68%": [
          0.4234185707569122,
          2.576613912582398
        ],
        "ci90%": [
          0.10085427239537231,
          3.0433604598045347
        ],
        "ci95%": [
          0.037606837041676104,
          3.1325050413608553
        ]
      },
      {
        "param": "phase",
        "median": 2.8833837509155273,
        "mean": 2.9476853131838143,
        "map": 2.869056463241577,
        "std": 1.8442833548022264,
        "ci50%": [
          1.3662449717521667,
          4.460044026374817
        ],
        "ci68%": [
          0.8067369842529296,
          5.164138164520265
        ],
        "ci90%": [
          0.11809720098972312,
          5.990189719200134
        ],
        "ci95%": [
          0.02611426371149722,
          6.156313812732696
        ]
      },
      {
        "param": "geocent_time",
        "median": -0.026005327701568604,
        "mean": 0.03383000489075979,
        "map": 1.4749194383621216,
        "std": 0.6929136685029478,
        "ci50%": [
          -0.26813843846321106,
          0.3691498041152954
        ],
        "ci68%": [
          -0.5748552799224855,
          0.8117860078811646
        ],
        "ci90%": [
          -1.237838762998581,
          1.3205442786216726
        ],
        "ci95%": [
          -1.3891412317752836,
          1.4441414594650268
        ]
      },
      {
        "param": "a1",
        "median": 0.26431289315223694,
        "mean": 0.34002688282728194,
        "map": 0.027428030967712402,
        "std": 0.31998782107926094,
        "ci50%": [
          0.030431628227233887,
          0.6162962466478348
        ],
        "ci68%": [
          0.01602644681930542,
          0.7451465892791748
        ],
        "ci90%": [
          0.0005766719579696631,
          0.91543570458889
        ],
        "ci95%": [
          0.0,
          0.9511390194296837
        ]
      },
      {
        "param": "a2",
        "median": 0.051854655146598816,
        "mean": 0.26050935314098994,
        "map": 0.008854091167449951,
        "std": 0.3075070870516064,
        "ci50%": [
          0.023325271904468536,
          0.5097338259220123
        ],
        "ci68%": [
          0.013722925186157222,
          0.6684978914260865
        ],
        "ci90%": [
          0.0030048817396163938,
          0.8781091094017028
        ],
        "ci95%": [
          0.0,
          0.9386093229055404
        ]
      }
    ],
    "diagnostics": {
      "runtime": {
        "preprocess_s": 0.028,
        "gwosc_fetch_s": 4.23,
        "encode_s": 0.005,
        "sampling_s": 2.008,
        "total_s": 6.269
      },
      "memory": {
        "rss_mb": 2291.9,
        "mps_allocated_mb": 125.4
      },
      "n_effective": 3000,
      "boundary_railing_frac": 0.0853,
      "log_prob": {
        "median": -20.15585422515869,
        "max": 16.398193359375
      },
      "ood_flags": [
        "V1: no data \u2014 filled with unit white noise (posterior uses remaining detectors only)",
        "8.5% of samples rail at the parameter bounds \u2014 the event may lie outside the training prior (out-of-distribution)"
      ],
      "context_ood": {
        "mahalanobis": 7.73,
        "percentile_vs_validation": 93.5
      },
      "verdict": {
        "confidence": "MEDIUM",
        "reasons": [
          "9% boundary railing"
        ]
      },
      "refinement": {
        "refine": true,
        "refine_global": true,
        "untrusted_params": [],
        "strong_indicators": [
          "chirp-mass posterior uninformative (90% width 351% of median)"
        ],
        "moderate_indicators": [
          "confidence MEDIUM",
          "V1: no data \u2014 filled with unit white noise (posterior uses remaining detectors only)",
          "9% boundary railing"
        ],
        "indicators": {
          "confidence": "MEDIUM",
          "ood_percentile": 93.5,
          "bias_region": {
            "q_in_attractor": false,
            "cell": {
              "mc": 10,
              "q": 0.4,
              "theta_jn": 1.57
            },
            "m1_bias": 1.22,
            "dl_bias": 1.64,
            "severe_mass_bias": false
          },
          "mc_width_frac": 3.512,
          "railing_frac": 0.0853
        },
        "recommendation": "run sampler refinement (compare_to_dynesty) before quoting these posteriors"
      }
    }
  },
  "covariance": [
    [
      585.2134229669105,
      92.41314925767773,
      7217.813584752042,
      -4.202671197691542,
      0.891015021660019,
      0.3076729158266391,
      0.042588775405147335,
      -0.5259547625539452,
      -1.9420633239189027,
      2.85500797780369,
      1.3772083300198557
    ],
    [
      92.41314925767773,
      97.1172657004697,
      3979.383591618755,
      -1.5327051911283076,
      0.2522468415072013,
      -1.0717041362845023,
      0.06979400351178593,
      -1.167954519387611,
      -0.5325446119878293,
      0.6588350325160626,
      1.1333796618685528
    ],
    [
      7217.813584752042,
      3979.383591618755,
      357229.29542696587,
      -45.250005551337615,
      2.7713087842139266,
      -45.66558313975917,
      -28.385730596473337,
      -8.372031621289135,
      -34.92069690545277,
      71.68386619656577,
      99.73793485359664
    ],
    [
      -4.202671197691542,
      -1.5327051911283076,
      -45.250005551337615,
      3.76077328667084,
      -0.004775758015477387,
      0.14591228210666285,
      -0.02900673310173464,
      -0.08409258110013468,
      0.02510434360983603,
      -0.028485875655081296,
      0.008447741726228414
    ],
    [
      0.891015021660019,
      0.2522468415072013,
      2.7713087842139266,
      -0.004775758015477387,
      0.4360167350110828,
      -0.004680320973384542,
      0.003364553619633174,
      0.018124001502930292,
      0.021498024243399184,
      -0.005854061111443709,
      0.004083656867779239
    ],
    [
      0.3076729158266391,
      -1.0717041362845023,
      -45.66558313975917,
      0.14591228210666285,
      -0.004680320973384542,
      0.6348519228169327,
      -0.055754812324834334,
      0.03228445785541293,
      0.007660639817787011,
      0.01952581236365519,
      0.0017896630474428562
    ],
    [
      0.042588775405147335,
      0.06979400351178593,
      -28.385730596473337,
      -0.02900673310173464,
      0.003364553619633174,
      -0.055754812324834334,
      0.8592804179488284,
      -0.021108154041461737,
      -0.011350499256780142,
      -0.020382601713470748,
      -0.030792819198073283
    ],
    [
      -0.5259547625539452,
      -1.167954519387611,
      -8.372031621289135,
      -0.08409258110013468,
      0.018124001502930292,
      0.03228445785541293,
      -0.021108154041461737,
      3.4025152645554053,
      0.017889885384775435,
      0.013907781081951795,
      0.012652752007561533
    ],
    [
      -1.9420633239189027,
      -0.5325446119878293,
      -34.92069690545277,
      0.02510434360983603,
      0.021498024243399184,
      0.007660639817787011,
      -0.011350499256780142,
      0.017889885384775435,
      0.4802894484810396,
      -0.020422039936144894,
      -0.01340643945646775
    ],
    [
      2.85500797780369,
      0.6588350325160626,
      71.68386619656577,
      -0.028485875655081296,
      -0.005854061111443709,
      0.01952581236365519,
      -0.020382601713470748,
      0.013907781081951795,
      -0.020422039936144894,
      0.10242634775497142,
      0.02980837371333843
    ],
    [
      1.3772083300198557,
      1.1333796618685528,
      99.73793485359664,
      0.008447741726228414,
      0.004083656867779239,
      0.0017896630474428562,
      -0.030792819198073283,
      0.012652752007561533,
      -0.01340643945646775,
      0.02980837371333843,
      0.09459213930006442
    ]
  ],
  "correlation": [
    [
      1.0,
      0.38763984181795413,
      0.49920047317512123,
      -0.08958384475186969,
      0.055779717083025336,
      0.015962316151993998,
      0.0018991993619603997,
      -0.011786672361302312,
      -0.11583897988228346,
      0.36876045576195715,
      0.1851036478889501
    ],
    [
      0.3876398418179541,
      1.0,
      0.6756068559983206,
      -0.08019953096745917,
      0.038763763428566744,
      -0.1364867410264775,
      0.007640159589276709,
      -0.0642506709357112,
      -0.07797515540381834,
      0.20889238920674846,
      0.3739380578228995
    ],
    [
      0.49920047317512123,
      0.6756068559983206,
      1.0,
      -0.03903970494127555,
      0.007021983515424327,
      -0.0958913106650978,
      -0.051234096947330346,
      -0.007593767312212487,
      -0.08430587609828695,
      0.3747503467741577,
      0.5425744193157921
    ],
    [
      -0.0895838447518697,
      -0.08019953096745916,
      -0.03903970494127556,
      1.0,
      -0.0037295132750796425,
      0.09443153595739948,
      -0.01613588480799844,
      -0.023508183114198982,
      0.01867922145855964,
      -0.045897090312186986,
      0.01416362850430193
    ],
    [
      0.055779717083025336,
      0.038763763428566744,
      0.007021983515424326,
      -0.0037295132750796425,
      1.0,
      -0.0088958579376465,
      0.0054967807830676755,
      0.014879984168853399,
      0.04697809980357861,
      -0.027701279479593693,
      0.020108058497588614
    ],
    [
      0.015962316151993998,
      -0.1364867410264775,
      -0.0958913106650978,
      0.09443153595739949,
      -0.0088958579376465,
      0.9999999999999999,
      -0.07548813245252141,
      0.021966316511572215,
      0.01387322088374308,
      0.07657148122317753,
      0.007303104710579376
    ],
    [
      0.0018991993619603999,
      0.007640159589276708,
      -0.051234096947330346,
      -0.016135884807998442,
      0.005496780783067675,
      -0.07548813245252141,
      0.9999999999999999,
      -0.012344762993584741,
      -0.017668349614893858,
      -0.06870467937048501,
      -0.10800763853025318
    ],
    [
      -0.011786672361302312,
      -0.06425067093571118,
      -0.007593767312212487,
      -0.023508183114198982,
      0.014879984168853399,
      0.021966316511572215,
      -0.01234476299358474,
      1.0,
      0.013994455136836913,
      0.023558734684858026,
      0.022302699408332363
    ],
    [
      -0.11583897988228346,
      -0.07797515540381834,
      -0.08430587609828695,
      0.01867922145855964,
      0.04697809980357861,
      0.013873220883743083,
      -0.017668349614893858,
      0.013994455136836914,
      1.0,
      -0.09207500575575572,
      -0.06289764784048578
    ],
    [
      0.3687604557619571,
      0.20889238920674846,
      0.3747503467741577,
      -0.045897090312186986,
      -0.02770127947959369,
      0.07657148122317753,
      -0.06870467937048501,
      0.02355873468485803,
      -0.09207500575575572,
      1.0,
      0.302834196645896
    ],
    [
      0.1851036478889501,
      0.3739380578228995,
      0.5425744193157921,
      0.01416362850430193,
      0.02010805849758861,
      0.007303104710579375,
      -0.10800763853025316,
      0.022302699408332367,
      -0.06289764784048578,
      0.302834196645896,
      1.0
    ]
  ],
  "diagnostics": {
    "runtime": {
      "preprocess_s": 0.028,
      "gwosc_fetch_s": 4.23,
      "encode_s": 0.005,
      "sampling_s": 2.008,
      "total_s": 6.269
    },
    "memory": {
      "rss_mb": 2291.9,
      "mps_allocated_mb": 125.4
    },
    "n_effective": 3000,
    "boundary_railing_frac": 0.0853,
    "log_prob": {
      "median": -20.15585422515869,
      "max": 16.398193359375
    },
    "ood_flags": [
      "V1: no data \u2014 filled with unit white noise (posterior uses remaining detectors only)",
      "8.5% of samples rail at the parameter bounds \u2014 the event may lie outside the training prior (out-of-distribution)"
    ],
    "context_ood": {
      "mahalanobis": 7.73,
      "percentile_vs_validation": 93.5
    },
    "verdict": {
      "confidence": "MEDIUM",
      "reasons": [
        "9% boundary railing"
      ]
    },
    "refinement": {
      "refine": true,
      "refine_global": true,
      "untrusted_params": [],
      "strong_indicators": [
        "chirp-mass posterior uninformative (90% width 351% of median)"
      ],
      "moderate_indicators": [
        "confidence MEDIUM",
        "V1: no data \u2014 filled with unit white noise (posterior uses remaining detectors only)",
        "9% boundary railing"
      ],
      "indicators": {
        "confidence": "MEDIUM",
        "ood_percentile": 93.5,
        "bias_region": {
          "q_in_attractor": false,
          "cell": {
            "mc": 10,
            "q": 0.4,
            "theta_jn": 1.57
          },
          "m1_bias": 1.22,
          "dl_bias": 1.64,
          "severe_mass_bias": false
        },
        "mc_width_frac": 3.512,
        "railing_frac": 0.0853
      },
      "recommendation": "run sampler refinement (compare_to_dynesty) before quoting these posteriors"
    }
  },
  "config": {
    "model_path": "model/lean_v8_psdcond/best_model.pth",
    "model_epoch": 17,
    "model_val_nll": 1.005021550040692,
    "premerger": false,
    "psd_cond": true,
    "device": "mps",
    "num_samples": 3000,
    "rank": 0,
    "seed": 0,
    "event": "GW151226",
    "event_type": "BBH",
    "source": "real",
    "detectors_present": [
      "H1",
      "L1"
    ]
  },
  "reproducibility": {
    "git_commit": "995121aff136ae38385b8720269d5a16cb7438f5",
    "model_path": "model/lean_v8_psdcond/best_model.pth",
    "model_epoch": 17,
    "model_val_nll": 1.005021550040692,
    "premerger": false
  },
  "preprocessing": {
    "source": "real",
    "detectors_present": [
      "H1",
      "L1"
    ],
    "warnings": [
      "V1: no data \u2014 filled with unit white noise (posterior uses remaining detectors only)"
    ],
    "quality": {
      "H1": {
        "finite": true,
        "std": 0.9907671213150024,
        "max_abs": 4.321092128753662,
        "excess_kurtosis": -0.0051190853118896484,
        "repeated_frac": 0.0,
        "whitening_norm": 45.69708645162901
      },
      "L1": {
        "finite": true,
        "std": 1.0031466484069824,
        "max_abs": 4.014796733856201,
        "excess_kurtosis": -0.035155534744262695,
        "repeated_frac": 0.0,
        "whitening_norm": 45.946058344444324
      }
    },
    "timings": {
      "preprocess_s": 0.028,
      "gwosc_fetch_s": 4.23
    }
  }
}