{
  "param_names": [
    "mass_1",
    "mass_2",
    "luminosity_distance",
    "ra",
    "dec",
    "theta_jn",
    "psi",
    "phase",
    "geocent_time",
    "a1",
    "a2"
  ],
  "trigger_gps": 1186741861.5,
  "truth": null,
  "summary": {
    "n_samples": 3000,
    "trigger_gps": 1186741861.5,
    "parameters": [
      {
        "param": "mass_1",
        "median": 42.03657531738281,
        "mean": 47.916436625599864,
        "map": 1.8592735528945923,
        "std": 20.430672612400887,
        "ci50%": [
          30.06475067138672,
          61.77931880950928
        ],
        "ci68%": [
          30.00843193054199,
          71.99711761474612
        ],
        "ci90%": [
          29.921771717071532,
          88.6864273071289
        ],
        "ci95%": [
          29.440616750717165,
          93.74538326263429
        ]
      },
      {
        "param": "mass_2",
        "median": 29.845680236816406,
        "mean": 27.67713843802611,
        "map": 1.6060985326766968,
        "std": 9.06023347675488,
        "ci50%": [
          23.373798370361328,
          30.021442413330078
        ],
        "ci68%": [
          19.092990264892578,
          32.77919189453125
        ],
        "ci90%": [
          11.882695627212524,
          42.38114910125732
        ],
        "ci95%": [
          8.0399772644043,
          46.791843318939215
        ]
      },
      {
        "param": "luminosity_distance",
        "median": 1290.3136596679688,
        "mean": 1328.2333973299662,
        "map": 129.09457397460938,
        "std": 337.7057941190765,
        "ci50%": [
          1128.7296142578125,
          1544.0161437988281
        ],
        "ci68%": [
          1040.74689453125,
          1688.6228662109381
        ],
        "ci90%": [
          842.2678344726562,
          1910.8912048339844
        ],
        "ci95%": [
          678.6449279785161,
          1980.7462738037111
        ]
      },
      {
        "param": "ra",
        "median": 2.5770936012268066,
        "mean": 2.715149237970067,
        "map": 6.119391441345215,
        "std": 2.402875683883566,
        "ci50%": [
          0.006655411329120398,
          5.141867756843567
        ],
        "ci68%": [
          0.003384128026664256,
          5.8072335815429685
        ],
        "ci90%": [
          0.0013499948952812699,
          6.281165671348572
        ],
        "ci95%": [
          0.0007221946856589077,
          6.282324862480164
        ]
      },
      {
        "param": "dec",
        "median": -0.00018405914306640625,
        "mean": -0.016005879680315655,
        "map": 0.40446388721466064,
        "std": 0.5061524848413806,
        "ci50%": [
          -0.1983795166015625,
          0.12145847082138062
        ],
        "ci68%": [
          -0.47946504592895517,
          0.40536418914794947
        ],
        "ci90%": [
          -0.9527908563613894,
          0.9316474437713622
        ],
        "ci95%": [
          -1.1253260910511016,
          1.146436506509781
        ]
      },
      {
        "param": "theta_jn",
        "median": 0.8336153030395508,
        "mean": 0.9270645184827563,
        "map": 2.6543750762939453,
        "std": 0.9267829377870807,
        "ci50%": [
          4.023609926662175e-05,
          1.6995854377746582
        ],
        "ci68%": [
          0.0,
          2.097736768722535
        ],
        "ci90%": [
          0.0,
          2.5473200559616083
        ],
        "ci95%": [
          0.0,
          2.719952064752579
        ]
      },
      {
        "param": "psi",
        "median": 1.5529480576515198,
        "mean": 1.5461423607834552,
        "map": 3.1362242698669434,
        "std": 1.2038498107520506,
        "ci50%": [
          0.26856639236211777,
          2.7789180874824524
        ],
        "ci68%": [
          0.0010006641270592807,
          3.140372314453125
        ],
        "ci90%": [
          0.0002004361631406936,
          3.1413700938224793
        ],
        "ci95%": [
          9.675389610492872e-05,
          3.141490411758423
        ]
      },
      {
        "param": "phase",
        "median": 4.333064556121826,
        "mean": 3.898770997789805,
        "map": 3.5139777660369873,
        "std": 2.2991948966010463,
        "ci50%": [
          1.774277150630951,
          6.279666900634766
        ],
        "ci68%": [
          0.8696645045280453,
          6.28086669921875
        ],
        "ci90%": [
          0.0041975498432293475,
          6.282237100601196
        ],
        "ci95%": [
          0.001059592771343887,
          6.282645404338837
        ]
      },
      {
        "param": "geocent_time",
        "median": 0.0401611328125,
        "mean": 0.024377915302912393,
        "map": 0.49310505390167236,
        "std": 0.19676181996957842,
        "ci50%": [
          0.022468209266662598,
          0.04765421152114868
        ],
        "ci68%": [
          0.013537096977233884,
          0.0506597900390625
        ],
        "ci90%": [
          -0.012861418724060065,
          0.06963341236114502
        ],
        "ci95%": [
          -0.17754608392715354,
          0.10374950170516975
        ]
      },
      {
        "param": "a1",
        "median": 0.14090140163898468,
        "mean": 0.2813259449104468,
        "map": 0.03444865345954895,
        "std": 0.31687004477106123,
        "ci50%": [
          9.359419345855713e-05,
          0.5471431612968445
        ],
        "ci68%": [
          0.0,
          0.6976869058609009
        ],
        "ci90%": [
          0.0,
          0.8818598806858062
        ],
        "ci95%": [
          0.0,
          0.9364545762538912
        ]
      },
      {
        "param": "a2",
        "median": 0.164920836687088,
        "mean": 0.30181363845864934,
        "map": 0.016670167446136475,
        "std": 0.3344724903191069,
        "ci50%": [
          0.00035309791564941406,
          0.5837899744510651
        ],
        "ci68%": [
          0.00013455390930175773,
          0.7254788589477539
        ],
        "ci90%": [
          0.0,
          0.9301705151796338
        ],
        "ci95%": [
          0.0,
          0.9718382596969605
        ]
      }
    ],
    "diagnostics": {
      "runtime": {
        "preprocess_s": 0.041,
        "gwosc_fetch_s": 6.38,
        "encode_s": 0.005,
        "sampling_s": 1.618,
        "total_s": 8.042
      },
      "memory": {
        "rss_mb": 4543.5,
        "mps_allocated_mb": 128.8
      },
      "n_effective": 3000,
      "boundary_railing_frac": 0.4113,
      "log_prob": {
        "median": -20.48106575012207,
        "max": 41.880821228027344
      },
      "ood_flags": [
        "41.1% of samples rail at the parameter bounds \u2014 the event may lie outside the training prior (out-of-distribution)"
      ],
      "context_ood": {
        "mahalanobis": 6.05,
        "percentile_vs_validation": 60.2
      },
      "verdict": {
        "confidence": "LOW",
        "reasons": [
          "41% of posterior samples rail at prior bounds"
        ]
      },
      "refinement": {
        "refine": true,
        "refine_global": true,
        "untrusted_params": [
          "mass_1",
          "mass_2"
        ],
        "strong_indicators": [
          "confidence LOW: 41% of posterior samples rail at prior bounds",
          "41% of samples rail at prior bounds"
        ],
        "moderate_indicators": [
          "chirp-mass posterior wide (90% of median)"
        ],
        "indicators": {
          "confidence": "LOW",
          "ood_percentile": 60.2,
          "bias_region": {
            "q_in_attractor": true,
            "cell": {
              "mc": 30,
              "q": 0.7,
              "theta_jn": 0.5
            },
            "m1_bias": 1.27,
            "dl_bias": 0.69,
            "severe_mass_bias": false
          },
          "mc_width_frac": 0.903,
          "railing_frac": 0.4113
        },
        "recommendation": "run sampler refinement (compare_to_dynesty) before quoting these posteriors"
      }
    }
  },
  "covariance": [
    [
      417.55156725085754,
      -35.39654431856213,
      2286.0330626024925,
      14.681103280144315,
      -0.21583195241557973,
      10.266918043487099,
      0.6771050188228035,
      -14.861292727623065,
      -0.24124079603568307,
      3.8676592659553375,
      3.6022874467077295
    ],
    [
      -35.39654431856213,
      82.1152023874389,
      1048.9095116024598,
      -1.3412395308804386,
      0.22534478404451627,
      -1.0607681227545611,
      0.04668810890940313,
      1.3084410526891703,
      0.12916132108048128,
      0.22451866058682002,
      -0.06197428069399668
    ],
    [
      2286.0330626024925,
      1048.9095116024598,
      114083.23112530418,
      138.1385709140623,
      -1.773157987416864,
      88.82128840859782,
      6.472151092831996,
      -129.85948191485716,
      0.3520830323740928,
      41.065136627915635,
      34.902856239830506
    ],
    [
      14.681103280144315,
      -1.3412395308804386,
      138.1385709140623,
      5.775736797798179,
      -0.04610172418321917,
      0.8052018033727031,
      0.11586945780521148,
      -0.8754266748202671,
      0.0009806257281486448,
      0.24176415025512535,
      0.29374932339331766
    ],
    [
      -0.21583195241557973,
      0.22534478404451627,
      -1.773157987416864,
      -0.04610172418321917,
      0.2562757631654914,
      -0.01690047702115085,
      0.016384538343295958,
      0.027158073206006585,
      0.005567709357701992,
      0.002955003097552583,
      -0.0021810377604434485
    ],
    [
      10.266918043487099,
      -1.0607681227545611,
      88.82128840859782,
      0.8052018033727031,
      -0.01690047702115085,
      0.8592130181126292,
      0.027099175767192268,
      -0.8074640324561511,
      -0.011497327613398103,
      0.1689548045764969,
      0.1776063502603127
    ],
    [
      0.6771050188228035,
      0.04668810890940313,
      6.472151092831996,
      0.11586945780521148,
      0.016384538343295958,
      0.027099175767192268,
      1.4497376127186525,
      0.0023106338930387023,
      -0.001620922386654244,
      0.008670321715110058,
      0.00897903124316967
    ],
    [
      -14.861292727623065,
      1.3084410526891703,
      -129.85948191485716,
      -0.8754266748202671,
      0.027158073206006585,
      -0.8074640324561511,
      0.0023106338930387023,
      5.288059859176021,
      0.033582759464728607,
      -0.24587588412352537,
      -0.2566696980237642
    ],
    [
      -0.24124079603568307,
      0.12916132108048128,
      0.3520830323740928,
      0.0009806257281486448,
      0.005567709357701992,
      -0.011497327613398103,
      -0.001620922386654244,
      0.033582759464728607,
      0.0387281231721314,
      -0.000889947123257858,
      -0.001834199802190426
    ],
    [
      3.8676592659553375,
      0.22451866058682002,
      41.065136627915635,
      0.24176415025512535,
      0.002955003097552583,
      0.1689548045764969,
      0.008670321715110058,
      -0.24587588412352537,
      -0.000889947123257858,
      0.10044010530831633,
      0.05705065573033834
    ],
    [
      3.6022874467077295,
      -0.06197428069399668,
      34.902856239830506,
      0.29374932339331766,
      -0.0021810377604434485,
      0.1776063502603127,
      0.00897903124316967,
      -0.2566696980237642,
      -0.001834199802190426,
      0.05705065573033834,
      0.11190914983020842
    ]
  ],
  "correlation": [
    [
      0.9999999999999998,
      -0.19115867961924785,
      0.3312199915027085,
      0.29895094996603633,
      -0.020864448638163644,
      0.542044087934693,
      0.027520496863148378,
      -0.31626661354275254,
      -0.05999049816590679,
      0.5972271846393176,
      0.5269756004696184
    ],
    [
      -0.19115867961924785,
      1.0,
      0.34270096973085384,
      -0.061587257355772654,
      0.04912266935039693,
      -0.12628688532887686,
      0.0042790739919043395,
      0.0627905369142147,
      0.07242816280722138,
      0.07817845423204632,
      -0.020444048981166554
    ],
    [
      0.33121999150270853,
      0.34270096973085384,
      1.0,
      0.17017680090614587,
      -0.010370095561792275,
      0.2836976496774999,
      0.01591450142913232,
      -0.16719164779946352,
      0.00529689012182203,
      0.3836266646162992,
      0.3088995415482703
    ],
    [
      0.2989509499660363,
      -0.061587257355772654,
      0.17017680090614587,
      0.9999999999999998,
      -0.03789306225177703,
      0.36145198789977606,
      0.04004244377206341,
      -0.15840463947557576,
      0.002073415596039732,
      0.31742024730103197,
      0.3653763051489089
    ],
    [
      -0.02086444863816364,
      0.04912266935039693,
      -0.010370095561792275,
      -0.03789306225177703,
      1.0,
      -0.03601594138847977,
      0.026880400678252835,
      0.023329047405388718,
      0.05588684117832028,
      0.018418344550804294,
      -0.012878836170704209
    ],
    [
      0.542044087934693,
      -0.12628688532887689,
      0.28369764967749983,
      0.361451987899776,
      -0.03601594138847978,
      1.0,
      0.024280686090500405,
      -0.3788127437081723,
      -0.06302796090557777,
      0.5751306892832098,
      0.5727634117013937
    ],
    [
      0.02752049686314838,
      0.0042790739919043395,
      0.01591450142913232,
      0.0400424437720634,
      0.026880400678252838,
      0.0242806860905004,
      0.9999999999999998,
      0.000834522892764388,
      -0.006840759017770151,
      0.022721496375050672,
      0.022292151258316514
    ],
    [
      -0.31626661354275254,
      0.0627905369142147,
      -0.16719164779946352,
      -0.1584046394755758,
      0.023329047405388718,
      -0.3788127437081723,
      0.0008345228927643879,
      1.0,
      0.074208725375264,
      -0.3373759912604505,
      -0.33365191370062397
    ],
    [
      -0.059990498165906785,
      0.07242816280722138,
      0.00529689012182203,
      0.002073415596039732,
      0.05588684117832028,
      -0.06302796090557777,
      -0.006840759017770152,
      0.074208725375264,
      0.9999999999999999,
      -0.014269126838086649,
      -0.027861251372368293
    ],
    [
      0.5972271846393176,
      0.07817845423204632,
      0.38362666461629913,
      0.3174202473010319,
      0.018418344550804294,
      0.5751306892832097,
      0.022721496375050672,
      -0.3373759912604504,
      -0.014269126838086649,
      1.0,
      0.5381139646083789
    ],
    [
      0.5269756004696184,
      -0.020444048981166554,
      0.3088995415482703,
      0.3653763051489089,
      -0.012878836170704207,
      0.5727634117013937,
      0.022292151258316514,
      -0.3336519137006239,
      -0.02786125137236829,
      0.5381139646083789,
      1.0
    ]
  ],
  "diagnostics": {
    "runtime": {
      "preprocess_s": 0.041,
      "gwosc_fetch_s": 6.38,
      "encode_s": 0.005,
      "sampling_s": 1.618,
      "total_s": 8.042
    },
    "memory": {
      "rss_mb": 4543.5,
      "mps_allocated_mb": 128.8
    },
    "n_effective": 3000,
    "boundary_railing_frac": 0.4113,
    "log_prob": {
      "median": -20.48106575012207,
      "max": 41.880821228027344
    },
    "ood_flags": [
      "41.1% of samples rail at the parameter bounds \u2014 the event may lie outside the training prior (out-of-distribution)"
    ],
    "context_ood": {
      "mahalanobis": 6.05,
      "percentile_vs_validation": 60.2
    },
    "verdict": {
      "confidence": "LOW",
      "reasons": [
        "41% of posterior samples rail at prior bounds"
      ]
    },
    "refinement": {
      "refine": true,
      "refine_global": true,
      "untrusted_params": [
        "mass_1",
        "mass_2"
      ],
      "strong_indicators": [
        "confidence LOW: 41% of posterior samples rail at prior bounds",
        "41% of samples rail at prior bounds"
      ],
      "moderate_indicators": [
        "chirp-mass posterior wide (90% of median)"
      ],
      "indicators": {
        "confidence": "LOW",
        "ood_percentile": 60.2,
        "bias_region": {
          "q_in_attractor": true,
          "cell": {
            "mc": 30,
            "q": 0.7,
            "theta_jn": 0.5
          },
          "m1_bias": 1.27,
          "dl_bias": 0.69,
          "severe_mass_bias": false
        },
        "mc_width_frac": 0.903,
        "railing_frac": 0.4113
      },
      "recommendation": "run sampler refinement (compare_to_dynesty) before quoting these posteriors"
    }
  },
  "config": {
    "model_path": "model/lean_v6/best_model.pth",
    "model_epoch": 38,
    "model_val_nll": -0.017256081197410823,
    "premerger": false,
    "device": "mps",
    "num_samples": 3000,
    "rank": 0,
    "seed": 0,
    "event": "GW170814",
    "event_type": "BBH",
    "source": "real",
    "detectors_present": [
      "H1",
      "L1",
      "V1"
    ]
  },
  "reproducibility": {
    "git_commit": "d6c307609f9e58de343f817c5bb3044b3fcc8171",
    "model_path": "model/lean_v6/best_model.pth",
    "model_epoch": 38,
    "model_val_nll": -0.017256081197410823,
    "premerger": false
  },
  "preprocessing": {
    "source": "real",
    "detectors_present": [
      "H1",
      "L1",
      "V1"
    ],
    "warnings": [],
    "quality": {
      "H1": {
        "finite": true,
        "std": 0.9792155623435974,
        "max_abs": 4.176636695861816,
        "excess_kurtosis": -0.002106904983520508,
        "repeated_frac": 0.0,
        "whitening_norm": 47.013954239306116
      },
      "L1": {
        "finite": true,
        "std": 0.9994204640388489,
        "max_abs": 3.956414222717285,
        "excess_kurtosis": -0.017106056213378906,
        "repeated_frac": 0.0,
        "whitening_norm": 45.957458531048935
      },
      "V1": {
        "finite": true,
        "std": 0.9578981399536133,
        "max_abs": 3.727754592895508,
        "excess_kurtosis": 0.03925657272338867,
        "repeated_frac": 0.0,
        "whitening_norm": 46.6550071260846
      }
    },
    "timings": {
      "preprocess_s": 0.041,
      "gwosc_fetch_s": 6.38
    }
  }
}